-0.90000 0.00000
-0.90000 0.00180
-0.90000 0.00360
-0.90000 0.00540
-0.89999 0.00720
-0.89999 0.00900
-0.89999 0.01080
-0.89998 0.01260
-0.89998 0.01440
-0.89997 0.01620
-0.89997 0.01800
-0.89996 0.01980
-0.89995 0.02160
-0.89994 0.02340
-0.89993 0.02519
-0.89992 0.02699
-0.89991 0.02879
-0.89990 0.03059
-0.89989 0.03239
-0.89988 0.03419
-0.89986 0.03598
-0.89985 0.03778
-0.89983 0.03958
-0.89982 0.04137
-0.89980 0.04317
-0.89979 0.04497
-0.89977 0.04676
-0.89975 0.04856
-0.89973 0.05035
-0.89971 0.05215
-0.89969 0.05394
-0.89967 0.05574
-0.89965 0.05753
-0.89963 0.05932
-0.89960 0.06111
-0.89958 0.06291
-0.89956 0.06470
-0.89953 0.06649
-0.89951 0.06828
-0.89948 0.07007
-0.89945 0.07186
-0.89942 0.07365
-0.89940 0.07544
-0.89937 0.07723
-0.89934 0.07902
-0.89931 0.08080
-0.89927 0.08259
-0.89924 0.08438
-0.89921 0.08616
-0.89918 0.08795
-0.89914 0.08973
-0.89911 0.09151
-0.89907 0.09330
-0.89904 0.09508
-0.89900 0.09686
-0.89896 0.09864
-0.89892 0.10042
-0.89889 0.10220
-0.89885 0.10398
-0.89881 0.10576
-0.89876 0.10753
-0.89872 0.10931
-0.89868 0.11109
-0.89864 0.11286
-0.89859 0.11463
-0.89855 0.11641
-0.89850 0.11818
-0.89846 0.11995
-0.89841 0.12172
-0.89836 0.12349
-0.89832 0.12526
-0.89827 0.12703
-0.89822 0.12880
-0.89817 0.13056
-0.89812 0.13233
-0.89807 0.13409
-0.89801 0.13585
-0.89796 0.13762
-0.89791 0.13938
-0.89785 0.14114
-0.89780 0.14290
-0.89774 0.14466
-0.89768 0.14641
-0.89763 0.14817
-0.89757 0.14993
-0.89751 0.15168
-0.89745 0.15343
-0.89739 0.15519
-0.89733 0.15694
-0.89727 0.15869
-0.89721 0.16043
-0.89714 0.16218
-0.89708 0.16393
-0.89702 0.16567
-0.89695 0.16742
-0.89689 0.16916
-0.89682 0.17090
-0.89675 0.17264
-0.89668 0.17438
-0.89661 0.17612
-0.89655 0.17786
-0.89648 0.17959
-0.89640 0.18133
-0.89633 0.18306
-0.89626 0.18479
-0.89619 0.18652
-0.89611 0.18825
-0.89604 0.18998
-0.89596 0.19171
-0.89589 0.19343
-0.89581 0.19516
-0.89573 0.19688
-0.89566 0.19860
-0.89558 0.20032
-0.89550 0.20204
-0.89542 0.20376
-0.89533 0.20547
-0.89525 0.20719
-0.89517 0.20890
-0.89509 0.21061
-0.89500 0.21232
-0.89492 0.21403
-0.89483 0.21574
-0.89475 0.21744
-0.89466 0.21915
-0.89457 0.22085
-0.89448 0.22255
-0.89439 0.22425
-0.89430 0.22595
-0.89421 0.22765
-0.89412 0.22934
-0.89403 0.23103
-0.89394 0.23273
-0.89384 0.23442
-0.89375 0.23611
-0.89365 0.23779
-0.89356 0.23948
-0.89346 0.24116
-0.89336 0.24284
-0.89326 0.24452
-0.89316 0.24620
-0.89306 0.24788
-0.89296 0.24956
-0.89286 0.25123
-0.89276 0.25290
-0.89266 0.25457
-0.89255 0.25624
-0.89245 0.25791
-0.89234 0.25957
-0.89224 0.26124
-0.89213 0.26290
-0.89202 0.26456
-0.89191 0.26622
-0.89180 0.26787
-0.89169 0.26953
-0.89158 0.27118
-0.89147 0.27283
-0.89136 0.27448
-0.89124 0.27613
-0.89113 0.27777
-0.89102 0.27942
-0.89090 0.28106
-0.89078 0.28270
-0.89067 0.28434
-0.89055 0.28598
-0.89043 0.28761
-0.89031 0.28924
-0.89019 0.29087
-0.89007 0.29250
-0.88995 0.29413
-0.88982 0.29575
-0.88970 0.29738
-0.88958 0.29900
-0.88945 0.30062
-0.88933 0.30223
-0.88920 0.30385
-0.88907 0.30546
-0.88894 0.30707
-0.88881 0.30868
-0.88868 0.31029
-0.88855 0.31190
-0.88842 0.31350
-0.88829 0.31510
-0.88815 0.31670
-0.88802 0.31830
-0.88789 0.31989
-0.88775 0.32148
-0.88761 0.32308
-0.88748 0.32466
-0.88734 0.32625
-0.88720 0.32784
-0.88706 0.32942
-0.88692 0.33100
-0.88678 0.33258
-0.88663 0.33415
-0.88649 0.33573
-0.88635 0.33730
-0.88620 0.33887
-0.88605 0.34044
-0.88591 0.34200
-0.88576 0.34357
-0.88561 0.34513
-0.88546 0.34669
-0.88531 0.34824
-0.88516 0.34980
-0.88501 0.35135
-0.88486 0.35290
-0.88470 0.35445
-0.88455 0.35600
-0.88439 0.35754
-0.88424 0.35908
-0.88408 0.36062
-0.88392 0.36216
-0.88376 0.36369
-0.88360 0.36523
-0.88344 0.36676
-0.88328 0.36828
-0.88312 0.36981
-0.88296 0.37133
-0.88279 0.37285
-0.88263 0.37437
-0.88246 0.37589
-0.88229 0.37740
-0.88213 0.37892
-0.88196 0.38043
-0.88179 0.38193
-0.88162 0.38344
-0.88145 0.38494
-0.88127 0.38644
-0.88110 0.38794
-0.88093 0.38944
-0.88075 0.39093
-0.88058 0.39242
-0.88040 0.39391
-0.88022 0.39540
-0.88004 0.39688
-0.87986 0.39836
-0.87968 0.39984
-0.87950 0.40132
-0.87932 0.40279
-0.87914 0.40426
-0.87895 0.40573
-0.87877 0.40720
-0.87858 0.40867
-0.87840 0.41013
-0.87821 0.41159
-0.87802 0.41305
-0.87783 0.41450
-0.87764 0.41596
-0.87745 0.41741
-0.87725 0.41885
-0.87706 0.42030
-0.87687 0.42174
-0.87667 0.42318
-0.87647 0.42462
-0.87628 0.42606
-0.87608 0.42749
-0.87588 0.42892
-0.87568 0.43035
-0.87548 0.43177
-0.87528 0.43320
-0.87507 0.43462
-0.87487 0.43604
-0.87466 0.43745
-0.87446 0.43887
-0.87425 0.44028
-0.87404 0.44168
-0.87383 0.44309
-0.87362 0.44449
-0.87341 0.44589
-0.87320 0.44729
-0.87299 0.44869
-0.87277 0.45008
-0.87256 0.45147
-0.87234 0.45286
-0.87213 0.45425
-0.87191 0.45563
-0.87169 0.45701
-0.87147 0.45839
-0.87125 0.45976
-0.87103 0.46114
-0.87080 0.46251
-0.87058 0.46387
-0.87035 0.46524
-0.87013 0.46660
-0.86990 0.46796
-0.86967 0.46932
-0.86944 0.47067
-0.86921 0.47203
-0.86898 0.47338
-0.86875 0.47472
-0.86852 0.47607
-0.86828 0.47741
-0.86805 0.47875
-0.86781 0.48009
-0.86757 0.48142
-0.86733 0.48275
-0.86709 0.48408
-0.86685 0.48541
-0.86661 0.48673
-0.86637 0.48805
-0.86612 0.48937
-0.86588 0.49069
-0.86563 0.49200
-0.86538 0.49331
-0.86514 0.49462
-0.86489 0.49593
-0.86464 0.49723
-0.86438 0.49853
-0.86413 0.49983
-0.86388 0.50112
-0.86362 0.50242
-0.86337 0.50371
-0.86311 0.50499
-0.86285 0.50628
-0.86259 0.50756
-0.86233 0.50884
-0.86207 0.51012
-0.86181 0.51139
-0.86155 0.51266
-0.86128 0.51393
-0.86101 0.51520
-0.86075 0.51646
-0.86048 0.51772
-0.86021 0.51898
-0.85994 0.52024
-0.85967 0.52149
-0.85939 0.52274
-0.85912 0.52399
-0.85885 0.52523
-0.85857 0.52648
-0.85829 0.52771
-0.85801 0.52895
-0.85773 0.53019
-0.85745 0.53142
-0.85717 0.53265
-0.85689 0.53387
-0.85660 0.53510
-0.85632 0.53632
-0.85603 0.53754
-0.85574 0.53875
-0.85545 0.53997
-0.85516 0.54118
-0.85487 0.54239
-0.85458 0.54359
-0.85429 0.54480
-0.85399 0.54600
-0.85370 0.54719
-0.85340 0.54839
-0.85310 0.54958
-0.85280 0.55077
-0.85250 0.55196
-0.85220 0.55314
-0.85189 0.55432
-0.85159 0.55550
-0.85128 0.55668
-0.85098 0.55785
-0.85067 0.55902
-0.85036 0.56019
-0.85005 0.56136
-0.84973 0.56252
-0.84942 0.56368
-0.84911 0.56484
-0.84879 0.56599
-0.84847 0.56714
-0.84816 0.56829
-0.84784 0.56944
-0.84751 0.57059
-0.84719 0.57173
-0.84687 0.57287
-0.84654 0.57400
-0.84622 0.57514
-0.84589 0.57627
-0.84556 0.57740
-0.84523 0.57852
-0.84490 0.57965
-0.84457 0.58077
-0.84424 0.58189
-0.84390 0.58300
-0.84356 0.58411
-0.84323 0.58522
-0.84289 0.58633
-0.84255 0.58744
-0.84221 0.58854
-0.84186 0.58964
-0.84152 0.59074
-0.84117 0.59183
-0.84083 0.59292
-0.84048 0.59401
-0.84013 0.59510
-0.83978 0.59618
-0.83943 0.59726
-0.83907 0.59834
-0.83872 0.59942
-0.83836 0.60049
-0.83800 0.60156
-0.83765 0.60263
-0.83729 0.60370
-0.83692 0.60476
-0.83656 0.60582
-0.83620 0.60688
-0.83583 0.60793
-0.83546 0.60898
-0.83510 0.61003
-0.83473 0.61108
-0.83435 0.61213
-0.83398 0.61317
-0.83361 0.61421
-0.83323 0.61524
-0.83285 0.61628
-0.83248 0.61731
-0.83210 0.61834
-0.83172 0.61937
-0.83133 0.62039
-0.83095 0.62141
-0.83056 0.62243
-0.83018 0.62345
-0.82979 0.62446
-0.82940 0.62547
-0.82901 0.62648
-0.82862 0.62749
-0.82822 0.62849
-0.82783 0.62949
-0.82743 0.63049
-0.82703 0.63149
-0.82663 0.63248
-0.82623 0.63347
-0.82583 0.63446
-0.82542 0.63544
-0.82502 0.63643
-0.82461 0.63741
-0.82420 0.63838
-0.82379 0.63936
-0.82338 0.64033
-0.82297 0.64130
-0.82255 0.64227
-0.82213 0.64324
-0.82172 0.64420
-0.82130 0.64516
-0.82088 0.64612
-0.82045 0.64707
-0.82003 0.64802
-0.81961 0.64897
-0.81918 0.64992
-0.81875 0.65087
-0.81832 0.65181
-0.81789 0.65275
-0.81746 0.65369
-0.81702 0.65462
-0.81659 0.65555
-0.81615 0.65648
-0.81571 0.65741
-0.81527 0.65834
-0.81483 0.65926
-0.81438 0.66018
-0.81394 0.66110
-0.81349 0.66201
-0.81304 0.66292
-0.81259 0.66384
-0.81214 0.66474
-0.81169 0.66565
-0.81123 0.66655
-0.81077 0.66745
-0.81032 0.66835
-0.80986 0.66924
-0.80939 0.67014
-0.80893 0.67103
-0.80847 0.67192
-0.80800 0.67280
-0.80753 0.67369
-0.80706 0.67457
-0.80659 0.67544
-0.80612 0.67632
-0.80564 0.67719
-0.80517 0.67807
-0.80469 0.67893
-0.80421 0.67980
-0.80373 0.68066
-0.80325 0.68153
-0.80276 0.68239
-0.80228 0.68324
-0.80179 0.68410
-0.80130 0.68495
-0.80081 0.68580
-0.80032 0.68664
-0.79982 0.68749
-0.79932 0.68833
-0.79883 0.68917
-0.79833 0.69001
-0.79783 0.69085
-0.79732 0.69168
-0.79682 0.69251
-0.79631 0.69334
-0.79580 0.69416
-0.79529 0.69499
-0.79478 0.69581
-0.79427 0.69663
-0.79375 0.69744
-0.79324 0.69826
-0.79272 0.69907
-0.79220 0.69988
-0.79167 0.70069
-0.79115 0.70149
-0.79062 0.70229
-0.79010 0.70309
-0.78957 0.70389
-0.78904 0.70469
-0.78850 0.70548
-0.78797 0.70627
-0.78743 0.70706
-0.78690 0.70785
-0.78636 0.70863
-0.78581 0.70941
-0.78527 0.71019
-0.78472 0.71097
-0.78418 0.71174
-0.78363 0.71252
-0.78308 0.71329
-0.78252 0.71405
-0.78197 0.71482
-0.78141 0.71558
-0.78086 0.71635
-0.78030 0.71710
-0.77973 0.71786
-0.77917 0.71862
-0.77860 0.71937
-0.77804 0.72012
-0.77747 0.72087
-0.77690 0.72161
-0.77632 0.72236
-0.77575 0.72310
-0.77517 0.72384
-0.77459 0.72457
-0.77401 0.72531
-0.77343 0.72604
-0.77284 0.72677
-0.77226 0.72750
-0.77167 0.72823
-0.77108 0.72895
-0.77049 0.72967
-0.76989 0.73039
-0.76930 0.73111
-0.76870 0.73182
-0.76810 0.73254
-0.76750 0.73325
-0.76690 0.73396
-0.76629 0.73466
-0.76568 0.73537
-0.76507 0.73607
-0.76446 0.73677
-0.76385 0.73747
-0.76323 0.73816
-0.76262 0.73886
-0.76200 0.73955
-0.76138 0.74024
-0.76075 0.74092
-0.76013 0.74161
-0.75950 0.74229
-0.75887 0.74297
-0.75824 0.74365
-0.75761 0.74433
-0.75697 0.74500
-0.75633 0.74568
-0.75569 0.74635
-0.75505 0.74702
-0.75441 0.74768
-0.75376 0.74835
-0.75312 0.74901
-0.75247 0.74967
-0.75182 0.75033
-0.75116 0.75098
-0.75051 0.75164
-0.74985 0.75229
-0.74919 0.75294
-0.74853 0.75359
-0.74786 0.75423
-0.74720 0.75488
-0.74653 0.75552
-0.74586 0.75616
-0.74519 0.75680
-0.74451 0.75743
-0.74384 0.75807
-0.74316 0.75870
-0.74248 0.75933
-0.74180 0.75995
-0.74111 0.76058
-0.74043 0.76120
-0.73974 0.76183
-0.73905 0.76245
-0.73835 0.76306
-0.73766 0.76368
-0.73696 0.76429
-0.73626 0.76491
-0.73556 0.76552
-0.73486 0.76612
-0.73415 0.76673
-0.73344 0.76733
-0.73273 0.76794
-0.73202 0.76854
-0.73130 0.76913
-0.73059 0.76973
-0.72987 0.77033
-0.72915 0.77092
-0.72842 0.77151
-0.72770 0.77210
-0.72697 0.77268
-0.72624 0.77327
-0.72551 0.77385
-0.72478 0.77443
-0.72404 0.77501
-0.72330 0.77559
-0.72256 0.77617
-0.72182 0.77674
-0.72107 0.77731
-0.72032 0.77788
-0.71958 0.77845
-0.71882 0.77901
-0.71807 0.77958
-0.71731 0.78014
-0.71655 0.78070
-0.71579 0.78126
-0.71503 0.78182
-0.71427 0.78237
-0.71350 0.78293
-0.71273 0.78348
-0.71196 0.78403
-0.71118 0.78457
-0.71040 0.78512
-0.70963 0.78566
-0.70884 0.78621
-0.70806 0.78675
-0.70728 0.78729
-0.70649 0.78782
-0.70570 0.78836
-0.70490 0.78889
-0.70411 0.78942
-0.70331 0.78995
-0.70251 0.79048
-0.70171 0.79101
-0.70091 0.79153
-0.70010 0.79205
-0.69929 0.79257
-0.69848 0.79309
-0.69767 0.79361
-0.69685 0.79413
-0.69603 0.79464
-0.69521 0.79515
-0.69439 0.79566
-0.69356 0.79617
-0.69274 0.79668
-0.69191 0.79718
-0.69107 0.79769
-0.69024 0.79819
-0.68940 0.79869
-0.68856 0.79919
-0.68772 0.79968
-0.68688 0.80018
-0.68603 0.80067
-0.68518 0.80116
-0.68433 0.80165
-0.68348 0.80214
-0.68262 0.80263
-0.68176 0.80311
-0.68090 0.80360
-0.68004 0.80408
-0.67917 0.80456
-0.67830 0.80504
-0.67743 0.80551
-0.67656 0.80599
-0.67569 0.80646
-0.67481 0.80693
-0.67393 0.80740
-0.67305 0.80787
-0.67216 0.80834
-0.67127 0.80880
-0.67038 0.80927
-0.66949 0.80973
-0.66860 0.81019
-0.66770 0.81065
-0.66680 0.81111
-0.66590 0.81156
-0.66499 0.81201
-0.66408 0.81247
-0.66318 0.81292
-0.66226 0.81337
-0.66135 0.81381
-0.66043 0.81426
-0.65951 0.81470
-0.65859 0.81515
-0.65767 0.81559
-0.65674 0.81603
-0.65581 0.81647
-0.65488 0.81690
-0.65394 0.81734
-0.65301 0.81777
-0.65207 0.81820
-0.65113 0.81863
-0.65018 0.81906
-0.64923 0.81949
-0.64828 0.81991
-0.64733 0.82034
-0.64638 0.82076
-0.64542 0.82118
-0.64446 0.82160
-0.64350 0.82202
-0.64254 0.82244
-0.64157 0.82285
-0.64060 0.82327
-0.63963 0.82368
-0.63865 0.82409
-0.63767 0.82450
-0.63669 0.82490
-0.63571 0.82531
-0.63473 0.82572
-0.63374 0.82612
-0.63275 0.82652
-0.63176 0.82692
-0.63076 0.82732
-0.62977 0.82772
-0.62877 0.82811
-0.62776 0.82851
-0.62676 0.82890
-0.62575 0.82929
-0.62474 0.82968
-0.62373 0.83007
-0.62271 0.83046
-0.62169 0.83084
-0.62067 0.83123
-0.61965 0.83161
-0.61862 0.83199
-0.61759 0.83237
-0.61656 0.83275
-0.61553 0.83313
-0.61449 0.83350
-0.61345 0.83388
-0.61241 0.83425
-0.61137 0.83462
-0.61032 0.83499
-0.60927 0.83536
-0.60822 0.83573
-0.60717 0.83610
-0.60611 0.83646
-0.60505 0.83682
-0.60399 0.83719
-0.60292 0.83755
-0.60186 0.83791
-0.60078 0.83826
-0.59971 0.83862
-0.59864 0.83898
-0.59756 0.83933
-0.59648 0.83968
-0.59540 0.84003
-0.59431 0.84038
-0.59322 0.84073
-0.59213 0.84108
-0.59104 0.84143
-0.58994 0.84177
-0.58884 0.84211
-0.58774 0.84245
-0.58664 0.84280
-0.58553 0.84313
-0.58442 0.84347
-0.58331 0.84381
-0.58219 0.84414
-0.58107 0.84448
-0.57995 0.84481
-0.57883 0.84514
-0.57771 0.84547
-0.57658 0.84580
-0.57545 0.84613
-0.57432 0.84646
-0.57318 0.84678
-0.57204 0.84710
-0.57090 0.84743
-0.56976 0.84775
-0.56861 0.84807
-0.56746 0.84839
-0.56631 0.84870
-0.56515 0.84902
-0.56400 0.84933
-0.56284 0.84965
-0.56168 0.84996
-0.56051 0.85027
-0.55934 0.85058
-0.55817 0.85089
-0.55700 0.85120
-0.55582 0.85150
-0.55465 0.85181
-0.55347 0.85211
-0.55228 0.85242
-0.55110 0.85272
-0.54991 0.85302
-0.54872 0.85332
-0.54752 0.85361
-0.54632 0.85391
-0.54512 0.85421
-0.54392 0.85450
-0.54272 0.85479
-0.54151 0.85508
-0.54030 0.85538
-0.53909 0.85566
-0.53787 0.85595
-0.53665 0.85624
-0.53543 0.85653
-0.53421 0.85681
-0.53298 0.85709
-0.53176 0.85738
-0.53053 0.85766
-0.52929 0.85794
-0.52805 0.85822
-0.52682 0.85849
-0.52557 0.85877
-0.52433 0.85905
-0.52308 0.85932
-0.52183 0.85959
-0.52058 0.85986
-0.51933 0.86014
-0.51807 0.86041
-0.51681 0.86067
-0.51554 0.86094
-0.51428 0.86121
-0.51301 0.86147
-0.51174 0.86174
-0.51047 0.86200
-0.50919 0.86226
-0.50791 0.86252
-0.50663 0.86278
-0.50535 0.86304
-0.50406 0.86330
-0.50277 0.86355
-0.50148 0.86381
-0.50018 0.86406
-0.49889 0.86432
-0.49759 0.86457
-0.49629 0.86482
-0.49498 0.86507
-0.49367 0.86532
-0.49236 0.86556
-0.49105 0.86581
-0.48973 0.86606
-0.48842 0.86630
-0.48710 0.86654
-0.48577 0.86679
-0.48445 0.86703
-0.48312 0.86727
-0.48179 0.86751
-0.48045 0.86774
-0.47912 0.86798
-0.47778 0.86822
-0.47644 0.86845
-0.47509 0.86868
-0.47375 0.86892
-0.47240 0.86915
-0.47105 0.86938
-0.46969 0.86961
-0.46834 0.86984
-0.46698 0.87006
-0.46561 0.87029
-0.46425 0.87052
-0.46288 0.87074
-0.46151 0.87096
-0.46014 0.87119
-0.45877 0.87141
-0.45739 0.87163
-0.45601 0.87185
-0.45463 0.87207
-0.45324 0.87228
-0.45185 0.87250
-0.45046 0.87271
-0.44907 0.87293
-0.44768 0.87314
-0.44628 0.87335
-0.44488 0.87357
-0.44348 0.87378
-0.44207 0.87399
-0.44066 0.87419
-0.43925 0.87440
-0.43784 0.87461
-0.43643 0.87481
-0.43501 0.87502
-0.43359 0.87522
-0.43217 0.87542
-0.43074 0.87562
-0.42931 0.87582
-0.42788 0.87602
-0.42645 0.87622
-0.42502 0.87642
-0.42358 0.87662
-0.42214 0.87681
-0.42070 0.87701
-0.41925 0.87720
-0.41780 0.87739
-0.41635 0.87759
-0.41490 0.87778
-0.41345 0.87797
-0.41199 0.87816
-0.41053 0.87834
-0.40907 0.87853
-0.40760 0.87872
-0.40614 0.87890
-0.40467 0.87909
-0.40320 0.87927
-0.40172 0.87945
-0.40025 0.87963
-0.39877 0.87981
-0.39729 0.87999
-0.39580 0.88017
-0.39432 0.88035
-0.39283 0.88053
-0.39134 0.88070
-0.38985 0.88088
-0.38835 0.88105
-0.38685 0.88123
-0.38535 0.88140
-0.38385 0.88157
-0.38235 0.88174
-0.38084 0.88191
-0.37933 0.88208
-0.37782 0.88225
-0.37631 0.88242
-0.37479 0.88258
-0.37327 0.88275
-0.37175 0.88291
-0.37023 0.88307
-0.36870 0.88324
-0.36718 0.88340
-0.36565 0.88356
-0.36411 0.88372
-0.36258 0.88388
-0.36104 0.88404
-0.35950 0.88419
-0.35796 0.88435
-0.35642 0.88451
-0.35488 0.88466
-0.35333 0.88481
-0.35178 0.88497
-0.35023 0.88512
-0.34867 0.88527
-0.34712 0.88542
-0.34556 0.88557
-0.34400 0.88572
-0.34243 0.88587
-0.34087 0.88601
-0.33930 0.88616
-0.33773 0.88631
-0.33616 0.88645
-0.33459 0.88659
-0.33301 0.88674
-0.33143 0.88688
-0.32985 0.88702
-0.32827 0.88716
-0.32669 0.88730
-0.32510 0.88744
-0.32351 0.88758
-0.32192 0.88771
-0.32033 0.88785
-0.31873 0.88798
-0.31714 0.88812
-0.31554 0.88825
-0.31394 0.88838
-0.31234 0.88852
-0.31073 0.88865
-0.30912 0.88878
-0.30752 0.88891
-0.30591 0.88904
-0.30429 0.88916
-0.30268 0.88929
-0.30106 0.88942
-0.29944 0.88954
-0.29782 0.88967
-0.29620 0.88979
-0.29458 0.88991
-0.29295 0.89004
-0.29132 0.89016
-0.28969 0.89028
-0.28806 0.89040
-0.28642 0.89052
-0.28479 0.89063
-0.28315 0.89075
-0.28151 0.89087
-0.27987 0.89098
-0.27823 0.89110
-0.27658 0.89121
-0.27493 0.89133
-0.27329 0.89144
-0.27163 0.89155
-0.26998 0.89166
-0.26833 0.89177
-0.26667 0.89188
-0.26501 0.89199
-0.26335 0.89210
-0.26169 0.89221
-0.26003 0.89231
-0.25837 0.89242
-0.25670 0.89252
-0.25503 0.89263
-0.25336 0.89273
-0.25169 0.89283
-0.25002 0.89293
-0.24834 0.89304
-0.24666 0.89314
-0.24499 0.89323
-0.24331 0.89333
-0.24162 0.89343
-0.23994 0.89353
-0.23826 0.89362
-0.23657 0.89372
-0.23488 0.89382
-0.23319 0.89391
-0.23150 0.89400
-0.22981 0.89410
-0.22811 0.89419
-0.22642 0.89428
-0.22472 0.89437
-0.22302 0.89446
-0.22132 0.89455
-0.21962 0.89463
-0.21791 0.89472
-0.21621 0.89481
-0.21450 0.89489
-0.21279 0.89498
-0.21108 0.89506
-0.20937 0.89515
-0.20766 0.89523
-0.20594 0.89531
-0.20423 0.89539
-0.20251 0.89547
-0.20079 0.89555
-0.19907 0.89563
-0.19735 0.89571
-0.19563 0.89579
-0.19391 0.89587
-0.19218 0.89594
-0.19046 0.89602
-0.18873 0.89609
-0.18700 0.89617
-0.18527 0.89624
-0.18354 0.89631
-0.18180 0.89638
-0.18007 0.89646
-0.17834 0.89653
-0.17660 0.89660
-0.17486 0.89666
-0.17312 0.89673
-0.17138 0.89680
-0.16964 0.89687
-0.16790 0.89693
-0.16615 0.89700
-0.16441 0.89706
-0.16266 0.89713
-0.16091 0.89719
-0.15917 0.89725
-0.15742 0.89731
-0.15567 0.89737
-0.15391 0.89744
-0.15216 0.89749
-0.15041 0.89755
-0.14865 0.89761
-0.14690 0.89767
-0.14514 0.89773
-0.14338 0.89778
-0.14162 0.89784
-0.13986 0.89789
-0.13810 0.89795
-0.13634 0.89800
-0.13458 0.89805
-0.13281 0.89810
-0.13105 0.89815
-0.12928 0.89820
-0.12751 0.89825
-0.12575 0.89830
-0.12398 0.89835
-0.12221 0.89840
-0.12044 0.89845
-0.11867 0.89849
-0.11689 0.89854
-0.11512 0.89858
-0.11335 0.89863
-0.11157 0.89867
-0.10980 0.89871
-0.10802 0.89875
-0.10624 0.89879
-0.10447 0.89883
-0.10269 0.89887
-0.10091 0.89891
-0.09913 0.89895
-0.09735 0.89899
-0.09557 0.89903
-0.09379 0.89906
-0.09200 0.89910
-0.09022 0.89913
-0.08844 0.89917
-0.08665 0.89920
-0.08487 0.89923
-0.08308 0.89927
-0.08129 0.89930
-0.07951 0.89933
-0.07772 0.89936
-0.07593 0.89939
-0.07414 0.89942
-0.07235 0.89944
-0.07056 0.89947
-0.06877 0.89950
-0.06698 0.89952
-0.06519 0.89955
-0.06340 0.89957
-0.06161 0.89960
-0.05981 0.89962
-0.05802 0.89964
-0.05623 0.89967
-0.05443 0.89969
-0.05264 0.89971
-0.05085 0.89973
-0.04905 0.89975
-0.04725 0.89976
-0.04546 0.89978
-0.04366 0.89980
-0.04187 0.89981
-0.04007 0.89983
-0.03827 0.89985
-0.03648 0.89986
-0.03468 0.89987
-0.03288 0.89989
-0.03108 0.89990
-0.02928 0.89991
-0.02749 0.89992
-0.02569 0.89993
-0.02389 0.89994
-0.02209 0.89995
-0.02029 0.89996
-0.01849 0.89996
-0.01669 0.89997
-0.01489 0.89998
-0.01309 0.89998
-0.01129 0.89999
-0.00949 0.89999
-0.00769 0.89999
-0.00589 0.90000
-0.00409 0.90000
-0.00229 0.90000
-0.00049 0.90000
0.00131 0.90000
0.00311 0.90000
0.00491 0.90000
0.00671 0.90000
0.00851 0.89999
0.01031 0.89999
0.01211 0.89998
0.01390 0.89998
0.01570 0.89997
0.01750 0.89997
0.01930 0.89996
0.02110 0.89995
0.02290 0.89994
0.02470 0.89994
0.02650 0.89993
0.02830 0.89992
0.03010 0.89990
0.03189 0.89989
0.03369 0.89988
0.03549 0.89987
0.03729 0.89985
0.03908 0.89984
0.04088 0.89982
0.04268 0.89981
0.04447 0.89979
0.04627 0.89977
0.04806 0.89976
0.04986 0.89974
0.05165 0.89972
0.05345 0.89970
0.05524 0.89968
0.05704 0.89966
0.05883 0.89963
0.06062 0.89961
0.06241 0.89959
0.06421 0.89956
0.06600 0.89954
0.06779 0.89951
0.06958 0.89949
0.07137 0.89946
0.07316 0.89943
0.07495 0.89940
0.07674 0.89937
0.07852 0.89934
0.08031 0.89931
0.08210 0.89928
0.08388 0.89925
0.08567 0.89922
0.08746 0.89919
0.08924 0.89915
0.09102 0.89912
0.09281 0.89908
0.09459 0.89905
0.09637 0.89901
0.09815 0.89897
0.09993 0.89893
0.10171 0.89890
0.10349 0.89886
0.10527 0.89882
0.10705 0.89878
0.10882 0.89873
0.11060 0.89869
0.11237 0.89865
0.11415 0.89861
0.11592 0.89856
0.11769 0.89852
0.11946 0.89847
0.12124 0.89842
0.12301 0.89838
0.12477 0.89833
0.12654 0.89828
0.12831 0.89823
0.13008 0.89818
0.13184 0.89813
0.13361 0.89808
0.13537 0.89803
0.13713 0.89797
0.13889 0.89792
0.14066 0.89787
0.14242 0.89781
0.14417 0.89776
0.14593 0.89770
0.14769 0.89764
0.14944 0.89759
0.15120 0.89753
0.15295 0.89747
0.15470 0.89741
0.15646 0.89735
0.15821 0.89729
0.15995 0.89722
0.16170 0.89716
0.16345 0.89710
0.16520 0.89703
0.16694 0.89697
0.16868 0.89690
0.17043 0.89684
0.17217 0.89677
0.17391 0.89670
0.17564 0.89663
0.17738 0.89656
0.17912 0.89649
0.18085 0.89642
0.18259 0.89635
0.18432 0.89628
0.18605 0.89621
0.18778 0.89613
0.18951 0.89606
0.19123 0.89598
0.19296 0.89591
0.19469 0.89583
0.19641 0.89575
0.19813 0.89568
0.19985 0.89560
0.20157 0.89552
0.20329 0.89544
0.20500 0.89536
0.20672 0.89528
0.20843 0.89519
0.21014 0.89511
0.21185 0.89503
0.21356 0.89494
0.21527 0.89486
0.21698 0.89477
0.21868 0.89468
0.22038 0.89460
0.22209 0.89451
0.22379 0.89442
0.22548 0.89433
0.22718 0.89424
0.22888 0.89415
0.23057 0.89405
0.23226 0.89396
0.23395 0.89387
0.23564 0.89377
0.23733 0.89368
0.23902 0.89358
0.24070 0.89348
0.24238 0.89339
0.24406 0.89329
0.24574 0.89319
0.24742 0.89309
0.24910 0.89299
0.25077 0.89289
0.25244 0.89279
0.25411 0.89268
0.25578 0.89258
0.25745 0.89248
0.25912 0.89237
0.26078 0.89226
0.26244 0.89216
0.26410 0.89205
0.26576 0.89194
0.26742 0.89183
0.26907 0.89172
0.27073 0.89161
0.27238 0.89150
0.27403 0.89139
0.27568 0.89128
0.27732 0.89116
0.27897 0.89105
0.28061 0.89093
0.28225 0.89082
0.28389 0.89070
0.28553 0.89058
0.28716 0.89046
0.28879 0.89034
0.29043 0.89022
0.29206 0.89010
0.29368 0.88998
0.29531 0.88986
0.29693 0.88973
0.29855 0.88961
0.30017 0.88949
0.30179 0.88936
0.30341 0.88923
0.30502 0.88911
0.30663 0.88898
0.30824 0.88885
0.30985 0.88872
0.31146 0.88859
0.31306 0.88846
0.31466 0.88832
0.31626 0.88819
0.31786 0.88806
0.31945 0.88792
0.32105 0.88779
0.32264 0.88765
0.32423 0.88751
0.32582 0.88738
0.32740 0.88724
0.32898 0.88710
0.33057 0.88696
0.33214 0.88681
0.33372 0.88667
0.33530 0.88653
0.33687 0.88639
0.33844 0.88624
0.34001 0.88609
0.34157 0.88595
0.34314 0.88580
0.34470 0.88565
0.34626 0.88550
0.34782 0.88535
0.34937 0.88520
0.35093 0.88505
0.35248 0.88490
0.35403 0.88475
0.35557 0.88459
0.35712 0.88444
0.35866 0.88428
0.36020 0.88412
0.36174 0.88397
0.36327 0.88381
0.36481 0.88365
0.36634 0.88349
0.36786 0.88333
0.36939 0.88316
0.37092 0.88300
0.37244 0.88284
0.37396 0.88267
0.37547 0.88251
0.37699 0.88234
0.37850 0.88217
0.38001 0.88200
0.38152 0.88183
0.38303 0.88166
0.38453 0.88149
0.38603 0.88132
0.38753 0.88115
0.38903 0.88098
0.39052 0.88080
0.39201 0.88062
0.39350 0.88045
0.39499 0.88027
0.39647 0.88009
0.39796 0.87991
0.39944 0.87973
0.40091 0.87955
0.40239 0.87937
0.40386 0.87919
0.40533 0.87900
0.40680 0.87882
0.40826 0.87863
0.40973 0.87845
0.41119 0.87826
0.41265 0.87807
0.41410 0.87788
0.41556 0.87769
0.41701 0.87750
0.41846 0.87731
0.41990 0.87711
0.42135 0.87692
0.42279 0.87672
0.42423 0.87653
0.42566 0.87633
0.42710 0.87613
0.42853 0.87593
0.42996 0.87573
0.43138 0.87553
0.43281 0.87533
0.43423 0.87513
0.43565 0.87492
0.43706 0.87472
0.43848 0.87451
0.43989 0.87431
0.44130 0.87410
0.44270 0.87389
0.44411 0.87368
0.44551 0.87347
0.44691 0.87326
0.44831 0.87305
0.44970 0.87283
0.45109 0.87262
0.45248 0.87240
0.45387 0.87219
0.45525 0.87197
0.45663 0.87175
0.45801 0.87153
0.45939 0.87131
0.46076 0.87109
0.46213 0.87086
0.46350 0.87064
0.46487 0.87042
0.46623 0.87019
0.46759 0.86996
0.46895 0.86973
0.47030 0.86951
0.47166 0.86928
0.47301 0.86904
0.47435 0.86881
0.47570 0.86858
0.47704 0.86835
0.47838 0.86811
0.47972 0.86787
0.48106 0.86764
0.48239 0.86740
0.48372 0.86716
0.48504 0.86692
0.48637 0.86668
0.48769 0.86643
0.48901 0.86619
0.49033 0.86595
0.49164 0.86570
0.49295 0.86545
0.49426 0.86520
0.49557 0.86496
0.49687 0.86471
0.49817 0.86445
0.49947 0.86420
0.50077 0.86395
0.50206 0.86369
0.50335 0.86344
0.50464 0.86318
0.50593 0.86292
0.50721 0.86266
0.50849 0.86240
0.50977 0.86214
0.51104 0.86188
0.51231 0.86162
0.51358 0.86135
0.51485 0.86109
0.51611 0.86082
0.51738 0.86055
0.51864 0.86028
0.51989 0.86001
0.52115 0.85974
0.52240 0.85947
0.52365 0.85920
0.52489 0.85892
0.52613 0.85865
0.52737 0.85837
0.52861 0.85809
0.52985 0.85781
0.53108 0.85753
0.53231 0.85725
0.53354 0.85697
0.53476 0.85668
0.53598 0.85640
0.53720 0.85611
0.53842 0.85582
0.53964 0.85553
0.54085 0.85524
0.54206 0.85495
0.54326 0.85466
0.54447 0.85437
0.54567 0.85407
0.54686 0.85378
0.54806 0.85348
0.54925 0.85318
0.55044 0.85288
0.55163 0.85258
0.55282 0.85228
0.55400 0.85198
0.55518 0.85167
0.55635 0.85137
0.55753 0.85106
0.55870 0.85075
0.55987 0.85044
0.56104 0.85013
0.56220 0.84982
0.56336 0.84951
0.56452 0.84919
0.56568 0.84888
0.56683 0.84856
0.56798 0.84824
0.56913 0.84792
0.57027 0.84760
0.57141 0.84728
0.57255 0.84696
0.57369 0.84663
0.57483 0.84631
0.57596 0.84598
0.57709 0.84565
0.57821 0.84532
0.57934 0.84499
0.58046 0.84466
0.58158 0.84433
0.58270 0.84399
0.58381 0.84366
0.58492 0.84332
0.58603 0.84298
0.58713 0.84264
0.58824 0.84230
0.58934 0.84196
0.59043 0.84161
0.59153 0.84127
0.59262 0.84092
0.59371 0.84058
0.59480 0.84023
0.59588 0.83988
0.59697 0.83952
0.59805 0.83917
0.59912 0.83882
0.60020 0.83846
0.60127 0.83810
0.60234 0.83774
0.60340 0.83738
0.60447 0.83702
0.60553 0.83666
0.60659 0.83630
0.60764 0.83593
0.60870 0.83556
0.60975 0.83520
0.61079 0.83483
0.61184 0.83446
0.61288 0.83408
0.61392 0.83371
0.61496 0.83334
0.61600 0.83296
0.61703 0.83258
0.61806 0.83220
0.61909 0.83182
0.62011 0.83144
0.62113 0.83105
0.62215 0.83067
0.62317 0.83028
0.62418 0.82990
0.62519 0.82951
0.62620 0.82912
0.62721 0.82872
0.62821 0.82833
0.62922 0.82793
0.63022 0.82754
0.63121 0.82714
0.63221 0.82674
0.63320 0.82634
0.63419 0.82594
0.63517 0.82553
0.63616 0.82513
0.63714 0.82472
0.63812 0.82431
0.63909 0.82390
0.64007 0.82349
0.64104 0.82308
0.64200 0.82266
0.64297 0.82225
0.64393 0.82183
0.64489 0.82141
0.64585 0.82099
0.64681 0.82057
0.64776 0.82015
0.64871 0.81972
0.64966 0.81930
0.65061 0.81887
0.65155 0.81844
0.65249 0.81801
0.65343 0.81758
0.65436 0.81714
0.65530 0.81671
0.65623 0.81627
0.65716 0.81583
0.65808 0.81539
0.65901 0.81495
0.65993 0.81450
0.66085 0.81406
0.66176 0.81361
0.66267 0.81316
0.66359 0.81271
0.66449 0.81226
0.66540 0.81181
0.66630 0.81136
0.66720 0.81090
0.66810 0.81044
0.66900 0.80998
0.66989 0.80952
0.67078 0.80906
0.67167 0.80859
0.67256 0.80813
0.67344 0.80766
0.67432 0.80719
0.67520 0.80672
0.67608 0.80625
0.67695 0.80577
0.67783 0.80530
0.67870 0.80482
0.67956 0.80434
0.68043 0.80386
0.68129 0.80338
0.68215 0.80290
0.68301 0.80241
0.68386 0.80192
0.68471 0.80143
0.68556 0.80094
0.68641 0.80045
0.68726 0.79996
0.68810 0.79946
0.68894 0.79896
0.68978 0.79846
0.69062 0.79796
0.69145 0.79746
0.69228 0.79696
0.69311 0.79645
0.69394 0.79594
0.69476 0.79543
0.69558 0.79492
0.69640 0.79441
0.69722 0.79389
0.69803 0.79338
0.69885 0.79286
0.69966 0.79234
0.70046 0.79182
0.70127 0.79129
0.70207 0.79077
0.70287 0.79024
0.70367 0.78971
0.70447 0.78918
0.70526 0.78865
0.70605 0.78812
0.70684 0.78758
0.70763 0.78704
0.70841 0.78650
0.70920 0.78596
0.70998 0.78542
0.71075 0.78487
0.71153 0.78433
0.71230 0.78378
0.71308 0.78323
0.71384 0.78268
0.71461 0.78212
0.71537 0.78157
0.71614 0.78101
0.71690 0.78045
0.71765 0.77989
0.71841 0.77932
0.71916 0.77876
0.71991 0.77819
0.72066 0.77762
0.72141 0.77705
0.72215 0.77648
0.72289 0.77591
0.72363 0.77533
0.72437 0.77475
0.72511 0.77417
0.72584 0.77359
0.72657 0.77301
0.72730 0.77242
0.72803 0.77183
0.72875 0.77124
0.72947 0.77065
0.73019 0.77006
0.73091 0.76946
0.73163 0.76886
0.73234 0.76827
0.73305 0.76766
0.73376 0.76706
0.73447 0.76646
0.73517 0.76585
0.73588 0.76524
0.73658 0.76463
0.73728 0.76402
0.73797 0.76340
0.73867 0.76279
0.73936 0.76217
0.74005 0.76155
0.74074 0.76092
0.74142 0.76030
0.74211 0.75967
0.74279 0.75904
0.74347 0.75841
0.74414 0.75778
0.74482 0.75715
0.74549 0.75651
0.74616 0.75587
0.74683 0.75523
0.74750 0.75459
0.74816 0.75394
0.74883 0.75329
0.74949 0.75265
0.75015 0.75200
0.75080 0.75134
0.75146 0.75069
0.75211 0.75003
0.75276 0.74937
0.75341 0.74871
0.75406 0.74805
0.75470 0.74738
0.75534 0.74671
0.75598 0.74604
0.75662 0.74537
0.75726 0.74470
0.75789 0.74402
0.75852 0.74335
0.75915 0.74267
0.75978 0.74198
0.76041 0.74130
0.76103 0.74061
0.76166 0.73993
0.76228 0.73924
0.76289 0.73854
0.76351 0.73785
0.76413 0.73715
0.76474 0.73645
0.76535 0.73575
0.76596 0.73505
0.76656 0.73434
0.76717 0.73364
0.76777 0.73293
0.76837 0.73221
0.76897 0.73150
0.76957 0.73078
0.77016 0.73007
0.77076 0.72935
0.77135 0.72862
0.77194 0.72790
0.77252 0.72717
0.77311 0.72644
0.77369 0.72571
0.77427 0.72498
0.77485 0.72424
0.77543 0.72350
0.77601 0.72276
0.77658 0.72202
0.77715 0.72128
0.77772 0.72053
0.77829 0.71978
0.77886 0.71903
0.77942 0.71828
0.77999 0.71752
0.78055 0.71676
0.78111 0.71600
0.78166 0.71524
0.78222 0.71448
0.78277 0.71371
0.78333 0.71294
0.78388 0.71217
0.78442 0.71139
0.78497 0.71062
0.78552 0.70984
0.78606 0.70906
0.78660 0.70828
0.78714 0.70749
0.78768 0.70670
0.78821 0.70591
0.78874 0.70512
0.78928 0.70433
0.78981 0.70353
0.79034 0.70273
0.79086 0.70193
0.79139 0.70113
0.79191 0.70032
0.79243 0.69951
0.79295 0.69870
0.79347 0.69789
0.79399 0.69707
0.79450 0.69626
0.79501 0.69544
0.79552 0.69462
0.79603 0.69379
0.79654 0.69296
0.79705 0.69213
0.79755 0.69130
0.79805 0.69047
0.79855 0.68963
0.79905 0.68879
0.79955 0.68795
0.80004 0.68711
0.80054 0.68626
0.80103 0.68542
0.80152 0.68456
0.80201 0.68371
0.80250 0.68286
0.80298 0.68200
0.80347 0.68114
0.80395 0.68028
0.80443 0.67941
0.80491 0.67854
0.80538 0.67767
0.80586 0.67680
0.80633 0.67593
0.80680 0.67505
0.80727 0.67417
0.80774 0.67329
0.80821 0.67240
0.80868 0.67152
0.80914 0.67063
0.80960 0.66974
0.81006 0.66884
0.81052 0.66794
0.81098 0.66705
0.81144 0.66614
0.81189 0.66524
0.81234 0.66433
0.81279 0.66343
0.81324 0.66251
0.81369 0.66160
0.81414 0.66068
0.81458 0.65976
0.81503 0.65884
0.81547 0.65792
0.81591 0.65699
0.81635 0.65606
0.81678 0.65513
0.81722 0.65420
0.81765 0.65326
0.81808 0.65233
0.81851 0.65138
0.81894 0.65044
0.81937 0.64949
0.81980 0.64855
0.82022 0.64759
0.82065 0.64664
0.82107 0.64568
0.82149 0.64473
0.82191 0.64376
0.82232 0.64280
0.82274 0.64183
0.82315 0.64087
0.82356 0.63989
0.82398 0.63892
0.82439 0.63794
0.82479 0.63696
0.82520 0.63598
0.82560 0.63500
0.82601 0.63401
0.82641 0.63302
0.82681 0.63203
0.82721 0.63104
0.82761 0.63004
0.82800 0.62904
0.82840 0.62804
0.82879 0.62703
0.82918 0.62603
0.82957 0.62502
0.82996 0.62400
0.83035 0.62299
0.83074 0.62197
0.83112 0.62095
0.83151 0.61993
0.83189 0.61890
0.83227 0.61788
0.83265 0.61685
0.83302 0.61581
0.83340 0.61478
0.83378 0.61374
0.83415 0.61270
0.83452 0.61166
0.83489 0.61061
0.83526 0.60956
0.83563 0.60851
0.83600 0.60746
0.83636 0.60640
0.83672 0.60534
0.83709 0.60428
0.83745 0.60322
0.83781 0.60215
0.83817 0.60108
0.83852 0.60001
0.83888 0.59893
0.83923 0.59786
0.83959 0.59678
0.83994 0.59569
0.84029 0.59461
0.84064 0.59352
0.84098 0.59243
0.84133 0.59134
0.84168 0.59024
0.84202 0.58914
0.84236 0.58804
0.84270 0.58694
0.84304 0.58583
0.84338 0.58472
0.84372 0.58361
0.84405 0.58250
0.84439 0.58138
0.84472 0.58026
0.84505 0.57914
0.84538 0.57802
0.84571 0.57689
0.84604 0.57576
0.84637 0.57463
0.84669 0.57349
0.84702 0.57235
0.84734 0.57121
0.84766 0.57007
0.84798 0.56892
0.84830 0.56778
0.84862 0.56663
0.84893 0.56547
0.84925 0.56432
0.84956 0.56316
0.84988 0.56199
0.85019 0.56083
0.85050 0.55966
0.85081 0.55849
0.85111 0.55732
0.85142 0.55615
0.85173 0.55497
0.85203 0.55379
0.85233 0.55261
0.85263 0.55142
0.85294 0.55023
0.85323 0.54904
0.85353 0.54785
0.85383 0.54665
0.85412 0.54545
0.85442 0.54425
0.85471 0.54305
0.85500 0.54184
0.85530 0.54063
0.85559 0.53942
0.85587 0.53821
0.85616 0.53699
0.85645 0.53577
0.85673 0.53455
0.85702 0.53332
0.85730 0.53209
0.85758 0.53086
0.85786 0.52963
0.85814 0.52839
0.85842 0.52716
0.85869 0.52592
0.85897 0.52467
0.85924 0.52343
0.85952 0.52218
0.85979 0.52092
0.86006 0.51967
0.86033 0.51841
0.86060 0.51715
0.86087 0.51589
0.86113 0.51463
0.86140 0.51336
0.86166 0.51209
0.86193 0.51082
0.86219 0.50954
0.86245 0.50826
0.86271 0.50698
0.86297 0.50570
0.86323 0.50441
0.86348 0.50312
0.86374 0.50183
0.86399 0.50054
0.86425 0.49924
0.86450 0.49794
0.86475 0.49664
0.86500 0.49534
0.86525 0.49403
0.86550 0.49272
0.86574 0.49141
0.86599 0.49010
0.86623 0.48878
0.86648 0.48746
0.86672 0.48614
0.86696 0.48481
0.86720 0.48348
0.86744 0.48215
0.86768 0.48082
0.86792 0.47948
0.86815 0.47815
0.86839 0.47681
0.86862 0.47546
0.86885 0.47412
0.86909 0.47277
0.86932 0.47142
0.86955 0.47006
0.86977 0.46871
0.87000 0.46735
0.87023 0.46599
0.87045 0.46462
0.87068 0.46326
0.87090 0.46189
0.87113 0.46052
0.87135 0.45914
0.87157 0.45777
0.87179 0.45639
0.87201 0.45501
0.87222 0.45362
0.87244 0.45224
0.87266 0.45085
0.87287 0.44945
0.87308 0.44806
0.87330 0.44666
0.87351 0.44526
0.87372 0.44386
0.87393 0.44246
0.87414 0.44105
0.87434 0.43964
0.87455 0.43823
0.87476 0.43681
0.87496 0.43540
0.87516 0.43398
0.87537 0.43256
0.87557 0.43113
0.87577 0.42970
0.87597 0.42828
0.87617 0.42684
0.87637 0.42541
0.87656 0.42397
0.87676 0.42253
0.87695 0.42109
0.87715 0.41965
0.87734 0.41820
0.87753 0.41675
0.87772 0.41530
0.87791 0.41385
0.87810 0.41239
0.87829 0.41093
0.87848 0.40947
0.87867 0.40801
0.87885 0.40654
0.87904 0.40507
0.87922 0.40360
0.87940 0.40213
0.87958 0.40065
0.87977 0.39917
0.87995 0.39769
0.88012 0.39621
0.88030 0.39473
0.88048 0.39324
0.88066 0.39175
0.88083 0.39026
0.88101 0.38876
0.88118 0.38727
0.88135 0.38577
0.88152 0.38426
0.88169 0.38276
0.88186 0.38125
0.88203 0.37975
0.88220 0.37824
0.88237 0.37672
0.88254 0.37521
0.88270 0.37369
0.88287 0.37217
0.88303 0.37065
0.88319 0.36912
0.88335 0.36760
0.88352 0.36607
0.88368 0.36453
0.88383 0.36300
0.88399 0.36147
0.88415 0.35993
0.88431 0.35839
0.88446 0.35684
0.88462 0.35530
0.88477 0.35375
0.88493 0.35220
0.88508 0.35065
0.88523 0.34910
0.88538 0.34754
0.88553 0.34598
0.88568 0.34442
0.88583 0.34286
0.88597 0.34130
0.88612 0.33973
0.88627 0.33816
0.88641 0.33659
0.88655 0.33502
0.88670 0.33344
0.88684 0.33187
0.88698 0.33029
0.88712 0.32871
0.88726 0.32712
0.88740 0.32554
0.88754 0.32395
0.88767 0.32236
0.88781 0.32077
0.88795 0.31917
0.88808 0.31758
0.88821 0.31598
0.88835 0.31438
0.88848 0.31278
0.88861 0.31117
0.88874 0.30957
0.88887 0.30796
0.88900 0.30635
0.88913 0.30474
0.88926 0.30312
0.88938 0.30151
0.88951 0.29989
0.88963 0.29827
0.88976 0.29665
0.88988 0.29502
0.89000 0.29340
0.89012 0.29177
0.89024 0.29014
0.89036 0.28851
0.89048 0.28687
0.89060 0.28524
0.89072 0.28360
0.89084 0.28196
0.89095 0.28032
0.89107 0.27868
0.89118 0.27703
0.89130 0.27539
0.89141 0.27374
0.89152 0.27209
0.89163 0.27044
0.89174 0.26878
0.89185 0.26713
0.89196 0.26547
0.89207 0.26381
0.89218 0.26215
0.89228 0.26049
0.89239 0.25882
0.89249 0.25716
0.89260 0.25549
0.89270 0.25382
0.89280 0.25215
0.89291 0.25048
0.89301 0.24880
0.89311 0.24712
0.89321 0.24545
0.89331 0.24377
0.89340 0.24209
0.89350 0.24040
0.89360 0.23872
0.89369 0.23703
0.89379 0.23534
0.89388 0.23365
0.89398 0.23196
0.89407 0.23027
0.89416 0.22858
0.89425 0.22688
0.89434 0.22518
0.89443 0.22349
0.89452 0.22179
0.89461 0.22008
0.89470 0.21838
0.89479 0.21668
0.89487 0.21497
0.89496 0.21326
0.89504 0.21155
0.89512 0.20984
0.89521 0.20813
0.89529 0.20642
0.89537 0.20470
0.89545 0.20298
0.89553 0.20127
0.89561 0.19955
0.89569 0.19783
0.89577 0.19610
0.89585 0.19438
0.89592 0.19266
0.89600 0.19093
0.89607 0.18920
0.89615 0.18747
0.89622 0.18574
0.89629 0.18401
0.89636 0.18228
0.89644 0.18055
0.89651 0.17881
0.89658 0.17708
0.89665 0.17534
0.89671 0.17360
0.89678 0.17186
0.89685 0.17012
0.89691 0.16838
0.89698 0.16663
0.89705 0.16489
0.89711 0.16314
0.89717 0.16139
0.89724 0.15965
0.89730 0.15790
0.89736 0.15615
0.89742 0.15440
0.89748 0.15264
0.89754 0.15089
0.89760 0.14913
0.89765 0.14738
0.89771 0.14562
0.89777 0.14386
0.89782 0.14210
0.89788 0.14035
0.89793 0.13858
0.89798 0.13682
0.89804 0.13506
0.89809 0.13330
0.89814 0.13153
0.89819 0.12977
0.89824 0.12800
0.89829 0.12623
0.89834 0.12446
0.89839 0.12269
0.89843 0.12092
0.89848 0.11915
0.89852 0.11738
0.89857 0.11561
0.89861 0.11383
0.89866 0.11206
0.89870 0.11028
0.89874 0.10851
0.89878 0.10673
0.89882 0.10495
0.89886 0.10318
0.89890 0.10140
0.89894 0.09962
0.89898 0.09784
0.89902 0.09606
0.89905 0.09427
0.89909 0.09249
0.89912 0.09071
0.89916 0.08893
0.89919 0.08714
0.89922 0.08536
0.89926 0.08357
0.89929 0.08178
0.89932 0.08000
0.89935 0.07821
0.89938 0.07642
0.89941 0.07463
0.89944 0.07284
0.89946 0.07105
0.89949 0.06926
0.89952 0.06747
0.89954 0.06568
0.89957 0.06389
0.89959 0.06210
0.89961 0.06031
0.89964 0.05851
0.89966 0.05672
0.89968 0.05493
0.89970 0.05313
0.89972 0.05134
0.89974 0.04954
0.89976 0.04775
0.89978 0.04595
0.89979 0.04416
0.89981 0.04236
0.89983 0.04056
0.89984 0.03877
0.89986 0.03697
0.89987 0.03517
0.89988 0.03337
0.89989 0.03158
0.89991 0.02978
0.89992 0.02798
0.89993 0.02618
0.89994 0.02438
0.89995 0.02258
0.89995 0.02079
0.89996 0.01899
0.89997 0.01719
0.89998 0.01539
0.89998 0.01359
0.89999 0.01179
0.89999 0.00999
0.89999 0.00819
0.90000 0.00639
0.90000 0.00459
0.90000 0.00279
0.90000 0.00099
0.90000 -0.00081
