-0.75000 0.00000 0.00000 1.00000
-0.75000 0.00150 0.00088 1.00000
-0.75000 0.00300 0.00175 1.00000
-0.74999 0.00450 0.00263 1.00000
-0.74999 0.00600 0.00350 0.99999
-0.74998 0.00750 0.00438 0.99999
-0.74998 0.00900 0.00525 0.99999
-0.74997 0.01050 0.00613 0.99998
-0.74996 0.01200 0.00700 0.99998
-0.74995 0.01350 0.00788 0.99997
-0.74993 0.01500 0.00875 0.99996
-0.74992 0.01650 0.00963 0.99995
-0.74991 0.01800 0.01051 0.99994
-0.74989 0.01950 0.01138 0.99994
-0.74987 0.02100 0.01226 0.99992
-0.74985 0.02249 0.01314 0.99991
-0.74983 0.02399 0.01401 0.99990
-0.74981 0.02549 0.01489 0.99989
-0.74979 0.02699 0.01577 0.99988
-0.74976 0.02849 0.01665 0.99986
-0.74974 0.02999 0.01753 0.99985
-0.74971 0.03149 0.01841 0.99983
-0.74968 0.03298 0.01929 0.99981
-0.74965 0.03448 0.02017 0.99980
-0.74962 0.03598 0.02105 0.99978
-0.74959 0.03748 0.02193 0.99976
-0.74956 0.03897 0.02281 0.99974
-0.74952 0.04047 0.02369 0.99972
-0.74949 0.04197 0.02458 0.99970
-0.74945 0.04346 0.02546 0.99968
-0.74941 0.04496 0.02634 0.99965
-0.74937 0.04645 0.02723 0.99963
-0.74933 0.04795 0.02811 0.99960
-0.74928 0.04944 0.02900 0.99958
-0.74924 0.05094 0.02989 0.99955
-0.74920 0.05243 0.03077 0.99953
-0.74915 0.05393 0.03166 0.99950
-0.74910 0.05542 0.03255 0.99947
-0.74905 0.05691 0.03344 0.99944
-0.74900 0.05841 0.03433 0.99941
-0.74895 0.05990 0.03522 0.99938
-0.74890 0.06139 0.03611 0.99935
-0.74884 0.06288 0.03701 0.99932
-0.74879 0.06438 0.03790 0.99928
-0.74873 0.06587 0.03879 0.99925
-0.74867 0.06736 0.03969 0.99921
-0.74861 0.06885 0.04059 0.99918
-0.74855 0.07034 0.04148 0.99914
-0.74849 0.07183 0.04238 0.99910
-0.74842 0.07332 0.04328 0.99906
-0.74836 0.07481 0.04418 0.99902
-0.74829 0.07629 0.04508 0.99898
-0.74822 0.07778 0.04599 0.99894
-0.74815 0.07927 0.04689 0.99890
-0.74808 0.08075 0.04780 0.99886
-0.74801 0.08224 0.04870 0.99881
-0.74794 0.08373 0.04961 0.99877
-0.74786 0.08521 0.05052 0.99872
-0.74779 0.08670 0.05143 0.99868
-0.74771 0.08818 0.05234 0.99863
-0.74763 0.08966 0.05325 0.99858
-0.74755 0.09115 0.05416 0.99853
-0.74747 0.09263 0.05508 0.99848
-0.74739 0.09411 0.05599 0.99843
-0.74731 0.09559 0.05691 0.99838
-0.74722 0.09707 0.05783 0.99833
-0.74713 0.09855 0.05875 0.99827
-0.74705 0.10003 0.05967 0.99822
-0.74696 0.10151 0.06059 0.99816
-0.74687 0.10299 0.06151 0.99811
-0.74677 0.10447 0.06244 0.99805
-0.74668 0.10594 0.06337 0.99799
-0.74659 0.10742 0.06429 0.99793
-0.74649 0.10890 0.06522 0.99787
-0.74639 0.11037 0.06615 0.99781
-0.74630 0.11185 0.06709 0.99775
-0.74620 0.11332 0.06802 0.99768
-0.74610 0.11479 0.06896 0.99762
-0.74599 0.11626 0.06989 0.99755
-0.74589 0.11774 0.07083 0.99749
-0.74578 0.11921 0.07177 0.99742
-0.74568 0.12068 0.07272 0.99735
-0.74557 0.12215 0.07366 0.99728
-0.74546 0.12361 0.07461 0.99721
-0.74535 0.12508 0.07556 0.99714
-0.74524 0.12655 0.07650 0.99707
-0.74512 0.12801 0.07746 0.99700
-0.74501 0.12948 0.07841 0.99692
-0.74489 0.13094 0.07936 0.99685
-0.74478 0.13241 0.08032 0.99677
-0.74466 0.13387 0.08128 0.99669
-0.74454 0.13533 0.08224 0.99661
-0.74442 0.13680 0.08320 0.99653
-0.74429 0.13826 0.08417 0.99645
-0.74417 0.13972 0.08513 0.99637
-0.74405 0.14117 0.08610 0.99629
-0.74392 0.14263 0.08707 0.99620
-0.74379 0.14409 0.08804 0.99612
-0.74366 0.14555 0.08902 0.99603
-0.74353 0.14700 0.08999 0.99594
-0.74340 0.14846 0.09097 0.99585
-0.74326 0.14991 0.09195 0.99576
-0.74313 0.15136 0.09293 0.99567
-0.74299 0.15281 0.09392 0.99558
-0.74286 0.15426 0.09491 0.99549
-0.74272 0.15571 0.09590 0.99539
-0.74258 0.15716 0.09689 0.99530
-0.74243 0.15861 0.09788 0.99520
-0.74229 0.16006 0.09888 0.99510
-0.74215 0.16150 0.09987 0.99500
-0.74200 0.16295 0.10087 0.99490
-0.74185 0.16439 0.10188 0.99480
-0.74171 0.16584 0.10288 0.99469
-0.74156 0.16728 0.10389 0.99459
-0.74140 0.16872 0.10490 0.99448
-0.74125 0.17016 0.10591 0.99438
-0.74110 0.17160 0.10693 0.99427
-0.74094 0.17304 0.10794 0.99416
-0.74079 0.17447 0.10896 0.99405
-0.74063 0.17591 0.10998 0.99393
-0.74047 0.17734 0.11101 0.99382
-0.74031 0.17878 0.11204 0.99370
-0.74015 0.18021 0.11306 0.99359
-0.73998 0.18164 0.11410 0.99347
-0.73982 0.18307 0.11513 0.99335
-0.73965 0.18450 0.11617 0.99323
-0.73948 0.18593 0.11721 0.99311
-0.73931 0.18736 0.11825 0.99298
-0.73914 0.18879 0.11930 0.99286
-0.73897 0.19021 0.12034 0.99273
-0.73880 0.19163 0.12139 0.99260
-0.73862 0.19306 0.12245 0.99247
-0.73845 0.19448 0.12350 0.99234
-0.73827 0.19590 0.12456 0.99221
-0.73809 0.19732 0.12562 0.99208
-0.73791 0.19874 0.12669 0.99194
-0.73773 0.20015 0.12776 0.99181
-0.73754 0.20157 0.12883 0.99167
-0.73736 0.20298 0.12990 0.99153
-0.73717 0.20440 0.13098 0.99139
-0.73699 0.20581 0.13206 0.99124
-0.73680 0.20722 0.13314 0.99110
-0.73661 0.20863 0.13422 0.99095
-0.73642 0.21004 0.13531 0.99080
-0.73622 0.21145 0.13640 0.99065
-0.73603 0.21285 0.13749 0.99050
-0.73583 0.21426 0.13859 0.99035
-0.73564 0.21566 0.13969 0.99020
-0.73544 0.21706 0.14080 0.99004
-0.73524 0.21846 0.14190 0.98988
-0.73504 0.21986 0.14301 0.98972
-0.73483 0.22126 0.14412 0.98956
-0.73463 0.22266 0.14524 0.98940
-0.73442 0.22405 0.14636 0.98923
-0.73422 0.22545 0.14748 0.98906
-0.73401 0.22684 0.14861 0.98890
-0.73380 0.22823 0.14973 0.98873
-0.73359 0.22962 0.15087 0.98855
-0.73337 0.23101 0.15200 0.98838
-0.73316 0.23240 0.15314 0.98820
-0.73294 0.23379 0.15428 0.98803
-0.73273 0.23517 0.15543 0.98785
-0.73251 0.23656 0.15658 0.98767
-0.73229 0.23794 0.15773 0.98748
-0.73207 0.23932 0.15888 0.98730
-0.73184 0.24070 0.16004 0.98711
-0.73162 0.24208 0.16121 0.98692
-0.73139 0.24345 0.16237 0.98673
-0.73117 0.24483 0.16354 0.98654
-0.73094 0.24620 0.16471 0.98634
-0.73071 0.24758 0.16589 0.98614
-0.73048 0.24895 0.16707 0.98594
-0.73024 0.25032 0.16825 0.98574
-0.73001 0.25168 0.16944 0.98554
-0.72977 0.25305 0.17063 0.98533
-0.72954 0.25442 0.17183 0.98513
-0.72930 0.25578 0.17303 0.98492
-0.72906 0.25714 0.17423 0.98471
-0.72881 0.25850 0.17543 0.98449
-0.72857 0.25986 0.17664 0.98427
-0.72833 0.26122 0.17786 0.98406
-0.72808 0.26258 0.17907 0.98384
-0.72783 0.26393 0.18029 0.98361
-0.72758 0.26529 0.18152 0.98339
-0.72733 0.26664 0.18275 0.98316
-0.72708 0.26799 0.18398 0.98293
-0.72683 0.26934 0.18521 0.98270
-0.72657 0.27069 0.18645 0.98246
-0.72632 0.27203 0.18770 0.98223
-0.72606 0.27338 0.18895 0.98199
-0.72580 0.27472 0.19020 0.98175
-0.72554 0.27606 0.19145 0.98150
-0.72528 0.27740 0.19271 0.98126
-0.72501 0.27874 0.19398 0.98101
-0.72475 0.28007 0.19524 0.98075
-0.72448 0.28141 0.19652 0.98050
-0.72421 0.28274 0.19779 0.98024
-0.72394 0.28407 0.19907 0.97999
-0.72367 0.28540 0.20035 0.97972
-0.72340 0.28673 0.20164 0.97946
-0.72313 0.28806 0.20293 0.97919
-0.72285 0.28939 0.20423 0.97892
-0.72257 0.29071 0.20553 0.97865
-0.72230 0.29203 0.20684 0.97838
-0.72201 0.29335 0.20814 0.97810
-0.72173 0.29467 0.20946 0.97782
-0.72145 0.29599 0.21077 0.97753
-0.72117 0.29730 0.21210 0.97725
-0.72088 0.29862 0.21342 0.97696
-0.72059 0.29993 0.21475 0.97667
-0.72030 0.30124 0.21608 0.97637
-0.72001 0.30255 0.21742 0.97608
-0.71972 0.30386 0.21877 0.97578
-0.71943 0.30516 0.22011 0.97547
-0.71913 0.30647 0.22146 0.97517
-0.71883 0.30777 0.22282 0.97486
-0.71854 0.30907 0.22418 0.97455
-0.71824 0.31037 0.22554 0.97423
-0.71794 0.31167 0.22691 0.97391
-0.71763 0.31296 0.22829 0.97359
-0.71733 0.31426 0.22966 0.97327
-0.71702 0.31555 0.23105 0.97294
-0.71671 0.31684 0.23243 0.97261
-0.71641 0.31813 0.23382 0.97228
-0.71610 0.31941 0.23522 0.97194
-0.71578 0.32070 0.23662 0.97160
-0.71547 0.32198 0.23802 0.97126
-0.71515 0.32326 0.23943 0.97091
-0.71484 0.32454 0.24085 0.97056
-0.71452 0.32582 0.24227 0.97021
-0.71420 0.32710 0.24369 0.96985
-0.71388 0.32837 0.24512 0.96949
-0.71356 0.32965 0.24655 0.96913
-0.71323 0.33092 0.24798 0.96876
-0.71291 0.33219 0.24943 0.96839
-0.71258 0.33345 0.25087 0.96802
-0.71225 0.33472 0.25232 0.96764
-0.71192 0.33598 0.25378 0.96726
-0.71159 0.33725 0.25524 0.96688
-0.71125 0.33851 0.25670 0.96649
-0.71092 0.33977 0.25817 0.96610
-0.71058 0.34102 0.25964 0.96570
-0.71024 0.34228 0.26112 0.96531
-0.70990 0.34353 0.26261 0.96490
-0.70956 0.34478 0.26409 0.96450
-0.70922 0.34603 0.26559 0.96409
-0.70887 0.34728 0.26708 0.96367
-0.70853 0.34853 0.26859 0.96326
-0.70818 0.34977 0.27009 0.96283
-0.70783 0.35101 0.27161 0.96241
-0.70748 0.35225 0.27312 0.96198
-0.70712 0.35349 0.27464 0.96155
-0.70677 0.35473 0.27617 0.96111
-0.70641 0.35596 0.27770 0.96067
-0.70606 0.35719 0.27924 0.96022
-0.70570 0.35843 0.28078 0.95977
-0.70534 0.35965 0.28232 0.95932
-0.70498 0.36088 0.28387 0.95886
-0.70461 0.36211 0.28543 0.95840
-0.70425 0.36333 0.28699 0.95793
-0.70388 0.36455 0.28855 0.95746
-0.70351 0.36577 0.29012 0.95699
-0.70314 0.36699 0.29169 0.95651
-0.70277 0.36821 0.29327 0.95603
-0.70239 0.36942 0.29486 0.95554
-0.70202 0.37063 0.29645 0.95505
-0.70164 0.37184 0.29804 0.95455
-0.70126 0.37305 0.29964 0.95405
-0.70088 0.37426 0.30124 0.95355
-0.70050 0.37546 0.30285 0.95304
-0.70012 0.37666 0.30446 0.95252
-0.69973 0.37786 0.30608 0.95201
-0.69935 0.37906 0.30770 0.95148
-0.69896 0.38026 0.30933 0.95095
-0.69857 0.38145 0.31096 0.95042
-0.69818 0.38265 0.31260 0.94988
-0.69779 0.38384 0.31424 0.94934
-0.69739 0.38503 0.31589 0.94880
-0.69699 0.38621 0.31754 0.94824
-0.69660 0.38740 0.31920 0.94769
-0.69620 0.38858 0.32086 0.94713
-0.69580 0.38976 0.32253 0.94656
-0.69539 0.39094 0.32420 0.94599
-0.69499 0.39212 0.32588 0.94541
-0.69458 0.39330 0.32756 0.94483
-0.69417 0.39447 0.32924 0.94425
-0.69376 0.39564 0.33093 0.94365
-0.69335 0.39681 0.33263 0.94306
-0.69294 0.39798 0.33433 0.94246
-0.69253 0.39914 0.33604 0.94185
-0.69211 0.40031 0.33775 0.94124
-0.69169 0.40147 0.33946 0.94062
-0.69127 0.40263 0.34118 0.94000
-0.69085 0.40378 0.34290 0.93937
-0.69043 0.40494 0.34463 0.93874
-0.69000 0.40609 0.34637 0.93810
-0.68958 0.40724 0.34811 0.93746
-0.68915 0.40839 0.34985 0.93681
-0.68872 0.40954 0.35160 0.93615
-0.68829 0.41069 0.35335 0.93549
-0.68785 0.41183 0.35511 0.93483
-0.68742 0.41297 0.35687 0.93415
-0.68698 0.41411 0.35864 0.93348
-0.68654 0.41525 0.36041 0.93279
-0.68610 0.41638 0.36218 0.93211
-0.68566 0.41752 0.36397 0.93141
-0.68522 0.41865 0.36575 0.93071
-0.68477 0.41978 0.36754 0.93001
-0.68433 0.42090 0.36934 0.92930
-0.68388 0.42203 0.37113 0.92858
-0.68343 0.42315 0.37294 0.92786
-0.68298 0.42427 0.37475 0.92713
-0.68252 0.42539 0.37656 0.92639
-0.68207 0.42651 0.37838 0.92565
-0.68161 0.42762 0.38020 0.92490
-0.68115 0.42874 0.38203 0.92415
-0.68069 0.42985 0.38386 0.92339
-0.68023 0.43096 0.38569 0.92263
-0.67977 0.43206 0.38753 0.92186
-0.67930 0.43317 0.38938 0.92108
-0.67883 0.43427 0.39122 0.92030
-0.67836 0.43537 0.39308 0.91951
-0.67789 0.43647 0.39493 0.91871
-0.67742 0.43757 0.39679 0.91791
-0.67695 0.43866 0.39866 0.91710
-0.67647 0.43975 0.40053 0.91628
-0.67599 0.44084 0.40240 0.91546
-0.67551 0.44193 0.40428 0.91463
-0.67503 0.44302 0.40616 0.91380
-0.67455 0.44410 0.40805 0.91296
-0.67406 0.44518 0.40994 0.91211
-0.67358 0.44626 0.41184 0.91126
-0.67309 0.44734 0.41374 0.91040
-0.67260 0.44842 0.41564 0.90953
-0.67210 0.44949 0.41754 0.90866
-0.67161 0.45056 0.41946 0.90778
-0.67112 0.45163 0.42137 0.90689
-0.67062 0.45270 0.42329 0.90600
-0.67012 0.45377 0.42521 0.90509
-0.66962 0.45483 0.42714 0.90419
-0.66912 0.45589 0.42907 0.90327
-0.66861 0.45695 0.43100 0.90235
-0.66810 0.45801 0.43294 0.90142
-0.66760 0.45906 0.43488 0.90049
-0.66709 0.46011 0.43682 0.89955
-0.66658 0.46116 0.43877 0.89860
-0.66606 0.46221 0.44072 0.89764
-0.66555 0.46326 0.44268 0.89668
-0.66503 0.46430 0.44464 0.89571
-0.66451 0.46535 0.44660 0.89473
-0.66399 0.46639 0.44857 0.89375
-0.66347 0.46742 0.45054 0.89276
-0.66294 0.46846 0.45251 0.89176
-0.66242 0.46949 0.45448 0.89076
-0.66189 0.47053 0.45646 0.88974
-0.66136 0.47156 0.45844 0.88872
-0.66083 0.47258 0.46043 0.88770
-0.66030 0.47361 0.46242 0.88666
-0.65976 0.47463 0.46441 0.88562
-0.65922 0.47565 0.46640 0.88457
-0.65868 0.47667 0.46840 0.88352
-0.65814 0.47769 0.47040 0.88245
-0.65760 0.47870 0.47241 0.88138
-0.65706 0.47972 0.47441 0.88030
-0.65651 0.48073 0.47642 0.87922
-0.65596 0.48174 0.47843 0.87812
-0.65541 0.48274 0.48045 0.87702
-0.65486 0.48375 0.48246 0.87592
-0.65431 0.48475 0.48448 0.87480
-0.65375 0.48575 0.48650 0.87368
-0.65320 0.48675 0.48853 0.87255
-0.65264 0.48774 0.49055 0.87141
-0.65208 0.48874 0.49258 0.87026
-0.65151 0.48973 0.49462 0.86911
-0.65095 0.49072 0.49665 0.86795
-0.65038 0.49170 0.49868 0.86678
-0.64981 0.49269 0.50072 0.86561
-0.64924 0.49367 0.50276 0.86442
-0.64867 0.49465 0.50481 0.86323
-0.64810 0.49563 0.50685 0.86203
-0.64752 0.49661 0.50890 0.86083
-0.64694 0.49758 0.51094 0.85961
-0.64636 0.49856 0.51299 0.85839
-0.64578 0.49953 0.51504 0.85716
-0.64520 0.50049 0.51710 0.85593
-0.64461 0.50146 0.51915 0.85468
-0.64403 0.50242 0.52121 0.85343
-0.64344 0.50339 0.52327 0.85217
-0.64285 0.50435 0.52532 0.85090
-0.64225 0.50530 0.52738 0.84963
-0.64166 0.50626 0.52945 0.84834
-0.64106 0.50721 0.53151 0.84705
-0.64046 0.50816 0.53357 0.84575
-0.63986 0.50911 0.53564 0.84445
-0.63926 0.51006 0.53770 0.84313
-0.63866 0.51100 0.53977 0.84181
-0.63805 0.51195 0.54184 0.84048
-0.63744 0.51289 0.54391 0.83914
-0.63683 0.51383 0.54598 0.83780
-0.63622 0.51476 0.54805 0.83645
-0.63561 0.51570 0.55012 0.83509
-0.63499 0.51663 0.55219 0.83372
-0.63437 0.51756 0.55426 0.83234
-0.63375 0.51849 0.55633 0.83096
-0.63313 0.51941 0.55841 0.82957
-0.63251 0.52034 0.56048 0.82817
-0.63188 0.52126 0.56255 0.82676
-0.63126 0.52218 0.56463 0.82535
-0.63063 0.52309 0.56670 0.82392
-0.63000 0.52401 0.56877 0.82249
-0.62936 0.52492 0.57085 0.82106
-0.62873 0.52583 0.57292 0.81961
-0.62809 0.52674 0.57499 0.81816
-0.62745 0.52765 0.57707 0.81670
-0.62681 0.52855 0.57914 0.81523
-0.62617 0.52946 0.58121 0.81375
-0.62552 0.53036 0.58328 0.81227
-0.62488 0.53125 0.58535 0.81078
-0.62423 0.53215 0.58742 0.80928
-0.62358 0.53304 0.58949 0.80777
-0.62293 0.53394 0.59156 0.80626
-0.62227 0.53482 0.59363 0.80474
-0.62162 0.53571 0.59569 0.80321
-0.62096 0.53660 0.59776 0.80168
-0.62030 0.53748 0.59982 0.80013
-0.61963 0.53836 0.60189 0.79858
-0.61897 0.53924 0.60395 0.79702
-0.61830 0.54012 0.60601 0.79546
-0.61764 0.54099 0.60807 0.79388
-0.61697 0.54187 0.61013 0.79230
-0.61629 0.54274 0.61218 0.79072
-0.61562 0.54360 0.61424 0.78912
-0.61494 0.54447 0.61629 0.78752
-0.61426 0.54534 0.61834 0.78591
-0.61358 0.54620 0.62039 0.78429
-0.61290 0.54706 0.62244 0.78267
-0.61222 0.54792 0.62449 0.78104
-0.61153 0.54877 0.62653 0.77940
-0.61084 0.54962 0.62857 0.77775
-0.61015 0.55048 0.63061 0.77610
-0.60946 0.55133 0.63265 0.77444
-0.60877 0.55217 0.63468 0.77278
-0.60807 0.55302 0.63671 0.77110
-0.60737 0.55386 0.63874 0.76942
-0.60667 0.55470 0.64077 0.76774
-0.60597 0.55554 0.64279 0.76604
-0.60527 0.55638 0.64481 0.76434
-0.60456 0.55721 0.64683 0.76263
-0.60385 0.55805 0.64884 0.76092
-0.60314 0.55888 0.65086 0.75920
-0.60243 0.55970 0.65287 0.75747
-0.60172 0.56053 0.65487 0.75574
-0.60100 0.56136 0.65688 0.75400
-0.60028 0.56218 0.65887 0.75225
-0.59956 0.56300 0.66087 0.75050
-0.59884 0.56382 0.66286 0.74874
-0.59812 0.56463 0.66485 0.74697
-0.59739 0.56545 0.66684 0.74520
-0.59666 0.56626 0.66882 0.74342
-0.59593 0.56707 0.67080 0.74164
-0.59520 0.56787 0.67277 0.73985
-0.59446 0.56868 0.67474 0.73805
-0.59373 0.56948 0.67671 0.73625
-0.59299 0.57028 0.67867 0.73444
-0.59225 0.57108 0.68063 0.73263
-0.59151 0.57188 0.68259 0.73081
-0.59076 0.57268 0.68454 0.72898
-0.59001 0.57347 0.68648 0.72715
-0.58927 0.57426 0.68842 0.72531
-0.58852 0.57505 0.69036 0.72347
-0.58776 0.57584 0.69229 0.72162
-0.58701 0.57662 0.69422 0.71976
-0.58625 0.57740 0.69615 0.71790
-0.58549 0.57818 0.69806 0.71604
-0.58473 0.57896 0.69998 0.71416
-0.58397 0.57974 0.70189 0.71229
-0.58320 0.58051 0.70379 0.71041
-0.58244 0.58129 0.70569 0.70852
-0.58167 0.58206 0.70758 0.70663
-0.58090 0.58282 0.70947 0.70473
-0.58012 0.58359 0.71136 0.70283
-0.57935 0.58435 0.71324 0.70092
-0.57857 0.58512 0.71511 0.69901
-0.57779 0.58588 0.71698 0.69710
-0.57701 0.58663 0.71884 0.69517
-0.57622 0.58739 0.72070 0.69325
-0.57544 0.58814 0.72255 0.69132
-0.57465 0.58889 0.72440 0.68938
-0.57386 0.58964 0.72624 0.68744
-0.57307 0.59039 0.72807 0.68550
-0.57227 0.59114 0.72990 0.68355
-0.57148 0.59188 0.73173 0.68160
-0.57068 0.59262 0.73354 0.67964
-0.56988 0.59336 0.73535 0.67768
-0.56908 0.59410 0.73716 0.67572
-0.56827 0.59484 0.73896 0.67375
-0.56747 0.59557 0.74075 0.67178
-0.56666 0.59630 0.74254 0.66980
-0.56585 0.59703 0.74432 0.66782
-0.56503 0.59776 0.74610 0.66584
-0.56422 0.59848 0.74787 0.66385
-0.56340 0.59921 0.74963 0.66186
-0.56258 0.59993 0.75139 0.65986
-0.56176 0.60065 0.75314 0.65787
-0.56094 0.60136 0.75488 0.65586
-0.56011 0.60208 0.75662 0.65386
-0.55929 0.60279 0.75835 0.65185
-0.55846 0.60350 0.76007 0.64984
-0.55763 0.60421 0.76179 0.64783
-0.55679 0.60492 0.76350 0.64581
-0.55596 0.60562 0.76520 0.64379
-0.55512 0.60633 0.76690 0.64177
-0.55428 0.60703 0.76859 0.63974
-0.55344 0.60773 0.77027 0.63772
-0.55259 0.60842 0.77195 0.63568
-0.55175 0.60912 0.77362 0.63365
-0.55090 0.60981 0.77528 0.63162
-0.55005 0.61050 0.77694 0.62958
-0.54919 0.61119 0.77859 0.62754
-0.54834 0.61188 0.78023 0.62550
-0.54748 0.61256 0.78186 0.62345
-0.54662 0.61325 0.78349 0.62141
-0.54576 0.61393 0.78511 0.61936
-0.54490 0.61461 0.78672 0.61731
-0.54403 0.61528 0.78833 0.61526
-0.54317 0.61596 0.78993 0.61320
-0.54230 0.61663 0.79152 0.61115
-0.54143 0.61730 0.79310 0.60909
-0.54055 0.61797 0.79468 0.60703
-0.53968 0.61864 0.79625 0.60497
-0.53880 0.61931 0.79781 0.60291
-0.53792 0.61997 0.79936 0.60085
-0.53704 0.62063 0.80091 0.59878
-0.53615 0.62129 0.80245 0.59672
-0.53526 0.62195 0.80398 0.59465
-0.53438 0.62260 0.80551 0.59258
-0.53349 0.62326 0.80703 0.59052
-0.53259 0.62391 0.80854 0.58845
-0.53170 0.62456 0.81004 0.58638
-0.53080 0.62521 0.81153 0.58431
-0.52990 0.62585 0.81302 0.58224
-0.52900 0.62649 0.81450 0.58016
-0.52810 0.62714 0.81597 0.57809
-0.52719 0.62778 0.81744 0.57602
-0.52628 0.62841 0.81889 0.57395
-0.52537 0.62905 0.82034 0.57187
-0.52446 0.62968 0.82178 0.56980
-0.52355 0.63032 0.82322 0.56773
-0.52263 0.63095 0.82464 0.56565
-0.52171 0.63157 0.82606 0.56358
-0.52079 0.63220 0.82747 0.56151
-0.51987 0.63282 0.82888 0.55943
-0.51895 0.63345 0.83027 0.55736
-0.51802 0.63407 0.83166 0.55529
-0.51709 0.63469 0.83304 0.55322
-0.51616 0.63530 0.83441 0.55114
-0.51523 0.63592 0.83577 0.54907
-0.51429 0.63653 0.83713 0.54700
-0.51335 0.63714 0.83848 0.54493
-0.51241 0.63775 0.83982 0.54286
-0.51147 0.63836 0.84115 0.54079
-0.51053 0.63896 0.84248 0.53873
-0.50958 0.63957 0.84380 0.53666
-0.50863 0.64017 0.84511 0.53459
-0.50768 0.64077 0.84641 0.53253
-0.50673 0.64136 0.84771 0.53047
-0.50578 0.64196 0.84899 0.52840
-0.50482 0.64255 0.85027 0.52634
-0.50386 0.64315 0.85154 0.52428
-0.50290 0.64374 0.85281 0.52223
-0.50194 0.64432 0.85406 0.52017
-0.50097 0.64491 0.85531 0.51811
-0.50001 0.64549 0.85655 0.51606
-0.49904 0.64608 0.85779 0.51401
-0.49807 0.64666 0.85901 0.51196
-0.49709 0.64724 0.86023 0.50991
-0.49612 0.64781 0.86144 0.50786
-0.49514 0.64839 0.86264 0.50582
-0.49416 0.64896 0.86384 0.50377
-0.49318 0.64953 0.86502 0.50173
-0.49219 0.65010 0.86620 0.49969
-0.49121 0.65067 0.86737 0.49766
-0.49022 0.65123 0.86854 0.49562
-0.48923 0.65180 0.86970 0.49359
-0.48823 0.65236 0.87084 0.49156
-0.48724 0.65292 0.87199 0.48953
-0.48624 0.65348 0.87312 0.48751
-0.48524 0.65403 0.87425 0.48548
-0.48424 0.65459 0.87537 0.48346
-0.48324 0.65514 0.87648 0.48144
-0.48223 0.65569 0.87758 0.47943
-0.48123 0.65624 0.87868 0.47742
-0.48022 0.65679 0.87977 0.47540
-0.47921 0.65733 0.88085 0.47340
-0.47819 0.65788 0.88192 0.47139
-0.47718 0.65842 0.88299 0.46939
-0.47616 0.65896 0.88405 0.46739
-0.47514 0.65949 0.88510 0.46540
-0.47411 0.66003 0.88615 0.46340
-0.47309 0.66056 0.88719 0.46141
-0.47206 0.66110 0.88822 0.45943
-0.47104 0.66163 0.88924 0.45744
-0.47000 0.66216 0.89026 0.45546
-0.46897 0.66268 0.89126 0.45349
-0.46794 0.66321 0.89227 0.45151
-0.46690 0.66373 0.89326 0.44954
-0.46586 0.66425 0.89425 0.44757
-0.46482 0.66477 0.89523 0.44561
-0.46378 0.66529 0.89620 0.44365
-0.46273 0.66581 0.89717 0.44169
-0.46168 0.66632 0.89813 0.43974
-0.46063 0.66683 0.89908 0.43779
-0.45958 0.66734 0.90002 0.43584
-0.45853 0.66785 0.90096 0.43390
-0.45747 0.66836 0.90189 0.43196
-0.45641 0.66887 0.90282 0.43002
-0.45535 0.66937 0.90374 0.42809
-0.45429 0.66987 0.90465 0.42616
-0.45323 0.67037 0.90555 0.42424
-0.45216 0.67087 0.90645 0.42232
-0.45109 0.67137 0.90734 0.42040
-0.45002 0.67186 0.90822 0.41849
-0.44895 0.67235 0.90910 0.41658
-0.44787 0.67284 0.90997 0.41468
-0.44680 0.67333 0.91083 0.41278
-0.44572 0.67382 0.91169 0.41088
-0.44464 0.67431 0.91254 0.40899
-0.44356 0.67479 0.91338 0.40710
-0.44247 0.67527 0.91422 0.40521
-0.44138 0.67575 0.91505 0.40333
-0.44029 0.67623 0.91588 0.40146
-0.43920 0.67671 0.91670 0.39958
-0.43811 0.67719 0.91751 0.39772
-0.43701 0.67766 0.91831 0.39585
-0.43592 0.67813 0.91911 0.39399
-0.43482 0.67860 0.91991 0.39214
-0.43371 0.67907 0.92069 0.39029
-0.43261 0.67954 0.92147 0.38844
-0.43151 0.68000 0.92225 0.38660
-0.43040 0.68046 0.92302 0.38476
-0.42929 0.68092 0.92378 0.38293
-0.42818 0.68138 0.92453 0.38110
-0.42706 0.68184 0.92528 0.37928
-0.42595 0.68230 0.92603 0.37746
-0.42483 0.68275 0.92676 0.37564
-0.42371 0.68321 0.92750 0.37383
-0.42259 0.68366 0.92822 0.37203
-0.42146 0.68411 0.92894 0.37023
-0.42034 0.68455 0.92966 0.36843
-0.41921 0.68500 0.93036 0.36664
-0.41808 0.68544 0.93107 0.36485
-0.41694 0.68589 0.93176 0.36307
-0.41581 0.68633 0.93245 0.36129
-0.41467 0.68677 0.93314 0.35951
-0.41354 0.68720 0.93382 0.35774
-0.41240 0.68764 0.93449 0.35598
-0.41125 0.68807 0.93516 0.35422
-0.41011 0.68851 0.93583 0.35246
-0.40896 0.68894 0.93648 0.35071
-0.40781 0.68936 0.93713 0.34897
-0.40666 0.68979 0.93778 0.34723
-0.40551 0.69022 0.93842 0.34549
-0.40436 0.69064 0.93906 0.34376
-0.40320 0.69106 0.93969 0.34203
-0.40204 0.69148 0.94031 0.34031
-0.40088 0.69190 0.94093 0.33859
-0.39972 0.69232 0.94155 0.33688
-0.39855 0.69273 0.94216 0.33517
-0.39739 0.69315 0.94276 0.33347
-0.39622 0.69356 0.94336 0.33177
-0.39505 0.69397 0.94395 0.33008
-0.39388 0.69438 0.94454 0.32839
-0.39270 0.69479 0.94513 0.32671
-0.39153 0.69519 0.94570 0.32503
-0.39035 0.69560 0.94628 0.32336
-0.38917 0.69600 0.94685 0.32169
-0.38799 0.69640 0.94741 0.32002
-0.38680 0.69680 0.94797 0.31836
-0.38562 0.69719 0.94852 0.31671
-0.38443 0.69759 0.94907 0.31506
-0.38324 0.69798 0.94962 0.31341
-0.38205 0.69838 0.95016 0.31177
-0.38085 0.69877 0.95069 0.31014
-0.37966 0.69916 0.95122 0.30851
-0.37846 0.69954 0.95175 0.30688
-0.37726 0.69993 0.95227 0.30526
-0.37606 0.70031 0.95278 0.30365
-0.37485 0.70070 0.95330 0.30204
-0.37365 0.70108 0.95380 0.30043
-0.37244 0.70146 0.95431 0.29883
-0.37123 0.70183 0.95480 0.29723
-0.37002 0.70221 0.95530 0.29564
-0.36881 0.70258 0.95579 0.29406
-0.36759 0.70296 0.95627 0.29248
-0.36637 0.70333 0.95675 0.29090
-0.36516 0.70370 0.95723 0.28933
-0.36394 0.70406 0.95770 0.28776
-0.36271 0.70443 0.95817 0.28620
-0.36149 0.70480 0.95863 0.28464
-0.36026 0.70516 0.95909 0.28309
-0.35903 0.70552 0.95955 0.28154
-0.35780 0.70588 0.96000 0.28000
-0.35657 0.70624 0.96045 0.27846
-0.35534 0.70659 0.96089 0.27693
-0.35410 0.70695 0.96133 0.27540
-0.35286 0.70730 0.96177 0.27387
-0.35163 0.70766 0.96220 0.27236
-0.35038 0.70801 0.96262 0.27084
-0.34914 0.70835 0.96305 0.26933
-0.34790 0.70870 0.96347 0.26783
-0.34665 0.70905 0.96388 0.26633
-0.34540 0.70939 0.96429 0.26483
-0.34415 0.70973 0.96470 0.26334
-0.34290 0.71007 0.96511 0.26186
-0.34164 0.71041 0.96551 0.26038
-0.34039 0.71075 0.96590 0.25890
-0.33913 0.71109 0.96630 0.25743
-0.33787 0.71142 0.96669 0.25596
-0.33661 0.71175 0.96707 0.25450
-0.33535 0.71209 0.96746 0.25304
-0.33408 0.71242 0.96783 0.25159
-0.33281 0.71274 0.96821 0.25014
-0.33155 0.71307 0.96858 0.24870
-0.33028 0.71340 0.96895 0.24726
-0.32900 0.71372 0.96931 0.24582
-0.32773 0.71404 0.96968 0.24439
-0.32645 0.71436 0.97003 0.24297
-0.32518 0.71468 0.97039 0.24155
-0.32390 0.71500 0.97074 0.24013
-0.32262 0.71531 0.97109 0.23872
-0.32133 0.71563 0.97143 0.23731
-0.32005 0.71594 0.97177 0.23591
-0.31876 0.71625 0.97211 0.23451
-0.31748 0.71656 0.97245 0.23312
-0.31619 0.71687 0.97278 0.23173
-0.31490 0.71718 0.97311 0.23035
-0.31360 0.71748 0.97343 0.22897
-0.31231 0.71779 0.97376 0.22759
-0.31101 0.71809 0.97408 0.22622
-0.30971 0.71839 0.97439 0.22485
-0.30841 0.71869 0.97471 0.22349
-0.30711 0.71898 0.97502 0.22213
-0.30581 0.71928 0.97532 0.22078
-0.30450 0.71957 0.97563 0.21943
-0.30320 0.71987 0.97593 0.21809
-0.30189 0.72016 0.97623 0.21675
-0.30058 0.72045 0.97652 0.21541
-0.29927 0.72074 0.97682 0.21408
-0.29795 0.72102 0.97711 0.21275
-0.29664 0.72131 0.97739 0.21143
-0.29532 0.72159 0.97768 0.21011
-0.29401 0.72188 0.97796 0.20879
-0.29269 0.72216 0.97824 0.20748
-0.29136 0.72244 0.97851 0.20618
-0.29004 0.72271 0.97879 0.20487
-0.28872 0.72299 0.97906 0.20358
-0.28739 0.72327 0.97933 0.20228
-0.28606 0.72354 0.97959 0.20099
-0.28473 0.72381 0.97986 0.19971
-0.28340 0.72408 0.98012 0.19842
-0.28207 0.72435 0.98037 0.19715
-0.28074 0.72462 0.98063 0.19587
-0.27940 0.72488 0.98088 0.19460
-0.27806 0.72515 0.98113 0.19334
-0.27672 0.72541 0.98138 0.19208
-0.27538 0.72567 0.98163 0.19082
-0.27404 0.72593 0.98187 0.18957
-0.27270 0.72619 0.98211 0.18832
-0.27135 0.72645 0.98235 0.18707
-0.27000 0.72670 0.98258 0.18583
-0.26866 0.72696 0.98282 0.18459
-0.26731 0.72721 0.98305 0.18336
-0.26596 0.72746 0.98328 0.18213
-0.26460 0.72771 0.98350 0.18090
-0.26325 0.72796 0.98373 0.17968
-0.26189 0.72821 0.98395 0.17846
-0.26054 0.72845 0.98417 0.17724
-0.25918 0.72869 0.98438 0.17603
-0.25782 0.72894 0.98460 0.17482
-0.25645 0.72918 0.98481 0.17362
-0.25509 0.72942 0.98502 0.17242
-0.25373 0.72966 0.98523 0.17122
-0.25236 0.72989 0.98544 0.17003
-0.25099 0.73013 0.98564 0.16884
-0.24962 0.73036 0.98585 0.16766
-0.24825 0.73059 0.98605 0.16647
-0.24688 0.73082 0.98624 0.16530
-0.24551 0.73105 0.98644 0.16412
-0.24413 0.73128 0.98663 0.16295
-0.24276 0.73151 0.98683 0.16178
-0.24138 0.73173 0.98702 0.16062
-0.24000 0.73196 0.98720 0.15946
-0.23862 0.73218 0.98739 0.15830
-0.23724 0.73240 0.98758 0.15715
-0.23586 0.73262 0.98776 0.15600
-0.23447 0.73284 0.98794 0.15485
-0.23309 0.73305 0.98812 0.15371
-0.23170 0.73327 0.98829 0.15257
-0.23031 0.73348 0.98847 0.15143
-0.22892 0.73369 0.98864 0.15029
-0.22753 0.73390 0.98881 0.14916
-0.22614 0.73411 0.98898 0.14804
-0.22474 0.73432 0.98915 0.14691
-0.22335 0.73453 0.98932 0.14579
-0.22195 0.73473 0.98948 0.14468
-0.22055 0.73494 0.98964 0.14356
-0.21916 0.73514 0.98980 0.14245
-0.21776 0.73534 0.98996 0.14134
-0.21635 0.73554 0.99012 0.14024
-0.21495 0.73574 0.99027 0.13914
-0.21355 0.73593 0.99043 0.13804
-0.21214 0.73613 0.99058 0.13694
-0.21073 0.73632 0.99073 0.13585
-0.20933 0.73651 0.99088 0.13476
-0.20792 0.73670 0.99103 0.13367
-0.20651 0.73689 0.99117 0.13259
-0.20510 0.73708 0.99131 0.13151
-0.20368 0.73727 0.99146 0.13043
-0.20227 0.73745 0.99160 0.12936
-0.20085 0.73764 0.99174 0.12829
-0.19944 0.73782 0.99187 0.12722
-0.19802 0.73800 0.99201 0.12615
-0.19660 0.73818 0.99215 0.12509
-0.19518 0.73836 0.99228 0.12403
-0.19376 0.73854 0.99241 0.12297
-0.19234 0.73871 0.99254 0.12192
-0.19091 0.73888 0.99267 0.12086
-0.18949 0.73906 0.99280 0.11981
-0.18806 0.73923 0.99292 0.11877
-0.18664 0.73940 0.99305 0.11772
-0.18521 0.73957 0.99317 0.11668
-0.18378 0.73973 0.99329 0.11564
-0.18235 0.73990 0.99341 0.11461
-0.18092 0.74006 0.99353 0.11358
-0.17949 0.74023 0.99365 0.11254
-0.17805 0.74039 0.99376 0.11152
-0.17662 0.74055 0.99388 0.11049
-0.17518 0.74071 0.99399 0.10947
-0.17375 0.74087 0.99410 0.10845
-0.17231 0.74102 0.99421 0.10743
-0.17087 0.74118 0.99432 0.10641
-0.16943 0.74133 0.99443 0.10540
-0.16799 0.74148 0.99454 0.10439
-0.16655 0.74163 0.99464 0.10338
-0.16511 0.74178 0.99475 0.10237
-0.16366 0.74193 0.99485 0.10137
-0.16222 0.74208 0.99495 0.10037
-0.16077 0.74222 0.99505 0.09937
-0.15933 0.74236 0.99515 0.09837
-0.15788 0.74251 0.99525 0.09738
-0.15643 0.74265 0.99534 0.09639
-0.15498 0.74279 0.99544 0.09540
-0.15353 0.74293 0.99553 0.09441
-0.15208 0.74306 0.99563 0.09342
-0.15063 0.74320 0.99572 0.09244
-0.14918 0.74333 0.99581 0.09146
-0.14772 0.74346 0.99590 0.09048
-0.14627 0.74360 0.99599 0.08950
-0.14481 0.74373 0.99607 0.08852
-0.14335 0.74386 0.99616 0.08755
-0.14190 0.74398 0.99624 0.08658
-0.14044 0.74411 0.99633 0.08561
-0.13898 0.74423 0.99641 0.08464
-0.13752 0.74436 0.99649 0.08368
-0.13606 0.74448 0.99657 0.08272
-0.13460 0.74460 0.99665 0.08175
-0.13313 0.74472 0.99673 0.08079
-0.13167 0.74484 0.99681 0.07984
-0.13021 0.74495 0.99688 0.07888
-0.12874 0.74507 0.99696 0.07793
-0.12727 0.74518 0.99703 0.07698
-0.12581 0.74529 0.99711 0.07602
-0.12434 0.74541 0.99718 0.07508
-0.12287 0.74552 0.99725 0.07413
-0.12140 0.74562 0.99732 0.07318
-0.11993 0.74573 0.99739 0.07224
-0.11846 0.74584 0.99745 0.07130
-0.11699 0.74594 0.99752 0.07036
-0.11552 0.74604 0.99759 0.06942
-0.11405 0.74615 0.99765 0.06848
-0.11257 0.74625 0.99772 0.06755
-0.11110 0.74635 0.99778 0.06662
-0.10963 0.74644 0.99784 0.06568
-0.10815 0.74654 0.99790 0.06475
-0.10667 0.74664 0.99796 0.06382
-0.10520 0.74673 0.99802 0.06290
-0.10372 0.74682 0.99808 0.06197
-0.10224 0.74691 0.99813 0.06105
-0.10076 0.74700 0.99819 0.06012
-0.09929 0.74709 0.99825 0.05920
-0.09781 0.74718 0.99830 0.05828
-0.09633 0.74726 0.99835 0.05736
-0.09484 0.74735 0.99841 0.05644
-0.09336 0.74743 0.99846 0.05553
-0.09188 0.74751 0.99851 0.05461
-0.09040 0.74759 0.99856 0.05370
-0.08891 0.74767 0.99861 0.05279
-0.08743 0.74775 0.99865 0.05188
-0.08595 0.74783 0.99870 0.05097
-0.08446 0.74790 0.99875 0.05006
-0.08298 0.74798 0.99879 0.04915
-0.08149 0.74805 0.99884 0.04824
-0.08000 0.74812 0.99888 0.04734
-0.07852 0.74819 0.99892 0.04643
-0.07703 0.74826 0.99896 0.04553
-0.07554 0.74832 0.99900 0.04463
-0.07405 0.74839 0.99904 0.04373
-0.07256 0.74845 0.99908 0.04283
-0.07108 0.74852 0.99912 0.04193
-0.06959 0.74858 0.99916 0.04103
-0.06810 0.74864 0.99919 0.04013
-0.06661 0.74870 0.99923 0.03924
-0.06511 0.74876 0.99926 0.03834
-0.06362 0.74881 0.99930 0.03745
-0.06213 0.74887 0.99933 0.03656
-0.06064 0.74892 0.99936 0.03566
-0.05915 0.74898 0.99940 0.03477
-0.05765 0.74903 0.99943 0.03388
-0.05616 0.74908 0.99946 0.03299
-0.05467 0.74913 0.99948 0.03210
-0.05317 0.74917 0.99951 0.03121
-0.05168 0.74922 0.99954 0.03032
-0.05018 0.74926 0.99957 0.02944
-0.04869 0.74931 0.99959 0.02855
-0.04719 0.74935 0.99962 0.02767
-0.04570 0.74939 0.99964 0.02678
-0.04420 0.74943 0.99966 0.02590
-0.04271 0.74947 0.99969 0.02501
-0.04121 0.74950 0.99971 0.02413
-0.03971 0.74954 0.99973 0.02325
-0.03822 0.74957 0.99975 0.02237
-0.03672 0.74961 0.99977 0.02148
-0.03522 0.74964 0.99979 0.02060
-0.03372 0.74967 0.99981 0.01972
-0.03223 0.74970 0.99982 0.01884
-0.03073 0.74972 0.99984 0.01796
-0.02923 0.74975 0.99985 0.01708
-0.02773 0.74978 0.99987 0.01620
-0.02623 0.74980 0.99988 0.01533
-0.02474 0.74982 0.99990 0.01445
-0.02324 0.74984 0.99991 0.01357
-0.02174 0.74986 0.99992 0.01269
-0.02024 0.74988 0.99993 0.01182
-0.01874 0.74990 0.99994 0.01094
-0.01724 0.74991 0.99995 0.01006
-0.01574 0.74993 0.99996 0.00919
-0.01424 0.74994 0.99997 0.00831
-0.01274 0.74995 0.99997 0.00744
-0.01124 0.74996 0.99998 0.00656
-0.00974 0.74997 0.99998 0.00568
-0.00824 0.74998 0.99999 0.00481
-0.00674 0.74999 0.99999 0.00393
-0.00524 0.74999 1.00000 0.00306
-0.00374 0.75000 1.00000 0.00218
-0.00224 0.75000 1.00000 0.00131
-0.00074 0.75000 1.00000 0.00043
0.00076 0.75000 1.00000 -0.00044
0.00226 0.75000 1.00000 -0.00132
0.00376 0.75000 1.00000 -0.00219
0.00526 0.74999 1.00000 -0.00307
0.00676 0.74999 0.99999 -0.00394
0.00826 0.74998 0.99999 -0.00482
0.00976 0.74997 0.99998 -0.00569
0.01126 0.74996 0.99998 -0.00657
0.01276 0.74995 0.99997 -0.00744
0.01426 0.74994 0.99997 -0.00832
0.01576 0.74993 0.99996 -0.00920
0.01726 0.74991 0.99995 -0.01007
0.01875 0.74990 0.99994 -0.01095
0.02025 0.74988 0.99993 -0.01183
0.02175 0.74986 0.99992 -0.01270
0.02325 0.74984 0.99991 -0.01358
0.02475 0.74982 0.99990 -0.01446
0.02625 0.74980 0.99988 -0.01534
0.02775 0.74978 0.99987 -0.01621
0.02925 0.74975 0.99985 -0.01709
0.03074 0.74972 0.99984 -0.01797
0.03224 0.74970 0.99982 -0.01885
0.03374 0.74967 0.99981 -0.01973
0.03524 0.74964 0.99979 -0.02061
0.03673 0.74961 0.99977 -0.02149
0.03823 0.74957 0.99975 -0.02237
0.03973 0.74954 0.99973 -0.02326
0.04123 0.74950 0.99971 -0.02414
0.04272 0.74947 0.99969 -0.02502
0.04422 0.74943 0.99966 -0.02591
0.04571 0.74939 0.99964 -0.02679
0.04721 0.74935 0.99962 -0.02768
0.04870 0.74931 0.99959 -0.02856
0.05020 0.74926 0.99957 -0.02945
0.05169 0.74922 0.99954 -0.03033
0.05319 0.74917 0.99951 -0.03122
0.05468 0.74912 0.99948 -0.03211
0.05618 0.74908 0.99946 -0.03300
0.05767 0.74903 0.99943 -0.03389
0.05916 0.74897 0.99939 -0.03478
0.06065 0.74892 0.99936 -0.03567
0.06215 0.74887 0.99933 -0.03656
0.06364 0.74881 0.99930 -0.03746
0.06513 0.74876 0.99926 -0.03835
0.06662 0.74870 0.99923 -0.03925
0.06811 0.74864 0.99919 -0.04014
0.06960 0.74858 0.99916 -0.04104
0.07109 0.74852 0.99912 -0.04194
0.07258 0.74845 0.99908 -0.04284
0.07407 0.74839 0.99904 -0.04374
0.07556 0.74832 0.99900 -0.04464
0.07704 0.74826 0.99896 -0.04554
0.07853 0.74819 0.99892 -0.04644
0.08002 0.74812 0.99888 -0.04735
0.08151 0.74805 0.99884 -0.04825
0.08299 0.74797 0.99879 -0.04916
0.08448 0.74790 0.99875 -0.05007
0.08596 0.74783 0.99870 -0.05098
0.08745 0.74775 0.99865 -0.05189
0.08893 0.74767 0.99861 -0.05280
0.09041 0.74759 0.99856 -0.05371
0.09190 0.74751 0.99851 -0.05462
0.09338 0.74743 0.99846 -0.05554
0.09486 0.74735 0.99841 -0.05645
0.09634 0.74726 0.99835 -0.05737
0.09782 0.74718 0.99830 -0.05829
0.09930 0.74709 0.99825 -0.05921
0.10078 0.74700 0.99819 -0.06013
0.10226 0.74691 0.99813 -0.06106
0.10374 0.74682 0.99808 -0.06198
0.10521 0.74673 0.99802 -0.06291
0.10669 0.74663 0.99796 -0.06383
0.10817 0.74654 0.99790 -0.06476
0.10964 0.74644 0.99784 -0.06569
0.11112 0.74634 0.99778 -0.06663
0.11259 0.74625 0.99772 -0.06756
0.11406 0.74615 0.99765 -0.06849
0.11554 0.74604 0.99759 -0.06943
0.11701 0.74594 0.99752 -0.07037
0.11848 0.74584 0.99745 -0.07131
0.11995 0.74573 0.99739 -0.07225
0.12142 0.74562 0.99732 -0.07319
0.12289 0.74551 0.99725 -0.07414
0.12436 0.74540 0.99718 -0.07509
0.12582 0.74529 0.99711 -0.07603
0.12729 0.74518 0.99703 -0.07698
0.12876 0.74507 0.99696 -0.07794
0.13022 0.74495 0.99688 -0.07889
0.13168 0.74484 0.99681 -0.07985
0.13315 0.74472 0.99673 -0.08080
0.13461 0.74460 0.99665 -0.08176
0.13607 0.74448 0.99657 -0.08273
0.13753 0.74436 0.99649 -0.08369
0.13899 0.74423 0.99641 -0.08465
0.14045 0.74411 0.99633 -0.08562
0.14191 0.74398 0.99624 -0.08659
0.14337 0.74385 0.99616 -0.08756
0.14483 0.74373 0.99607 -0.08853
0.14628 0.74360 0.99599 -0.08951
0.14774 0.74346 0.99590 -0.09049
0.14919 0.74333 0.99581 -0.09147
0.15064 0.74320 0.99572 -0.09245
0.15210 0.74306 0.99563 -0.09343
0.15355 0.74292 0.99553 -0.09442
0.15500 0.74279 0.99544 -0.09541
0.15645 0.74265 0.99534 -0.09640
0.15789 0.74251 0.99525 -0.09739
0.15934 0.74236 0.99515 -0.09838
0.16079 0.74222 0.99505 -0.09938
0.16223 0.74207 0.99495 -0.10038
0.16368 0.74193 0.99485 -0.10138
0.16512 0.74178 0.99474 -0.10238
0.16657 0.74163 0.99464 -0.10339
0.16801 0.74148 0.99454 -0.10440
0.16945 0.74133 0.99443 -0.10541
0.17089 0.74117 0.99432 -0.10642
0.17233 0.74102 0.99421 -0.10744
0.17376 0.74086 0.99410 -0.10846
0.17520 0.74071 0.99399 -0.10948
0.17663 0.74055 0.99388 -0.11050
0.17807 0.74039 0.99376 -0.11153
0.17950 0.74023 0.99365 -0.11255
0.18093 0.74006 0.99353 -0.11359
0.18237 0.73990 0.99341 -0.11462
0.18380 0.73973 0.99329 -0.11565
0.18522 0.73957 0.99317 -0.11669
0.18665 0.73940 0.99305 -0.11773
0.18808 0.73923 0.99292 -0.11878
0.18951 0.73906 0.99280 -0.11983
0.19093 0.73888 0.99267 -0.12087
0.19235 0.73871 0.99254 -0.12193
0.19378 0.73853 0.99241 -0.12298
0.19520 0.73836 0.99228 -0.12404
0.19662 0.73818 0.99214 -0.12510
0.19803 0.73800 0.99201 -0.12616
0.19945 0.73782 0.99187 -0.12723
0.20087 0.73764 0.99174 -0.12830
0.20228 0.73745 0.99160 -0.12937
0.20370 0.73727 0.99146 -0.13044
0.20511 0.73708 0.99131 -0.13152
0.20652 0.73689 0.99117 -0.13260
0.20793 0.73670 0.99102 -0.13368
0.20934 0.73651 0.99088 -0.13477
0.21075 0.73632 0.99073 -0.13586
0.21216 0.73612 0.99058 -0.13695
0.21356 0.73593 0.99043 -0.13805
0.21497 0.73573 0.99027 -0.13915
0.21637 0.73554 0.99012 -0.14025
0.21777 0.73534 0.98996 -0.14135
0.21917 0.73514 0.98980 -0.14246
0.22057 0.73493 0.98964 -0.14357
0.22197 0.73473 0.98948 -0.14469
0.22336 0.73452 0.98931 -0.14580
0.22476 0.73432 0.98915 -0.14692
0.22615 0.73411 0.98898 -0.14805
0.22754 0.73390 0.98881 -0.14918
0.22894 0.73369 0.98864 -0.15031
0.23033 0.73348 0.98847 -0.15144
0.23171 0.73326 0.98829 -0.15258
0.23310 0.73305 0.98811 -0.15372
0.23449 0.73283 0.98794 -0.15486
0.23587 0.73262 0.98776 -0.15601
0.23725 0.73240 0.98757 -0.15716
0.23864 0.73218 0.98739 -0.15831
0.24002 0.73195 0.98720 -0.15947
0.24139 0.73173 0.98701 -0.16063
0.24277 0.73150 0.98682 -0.16179
0.24415 0.73128 0.98663 -0.16296
0.24552 0.73105 0.98644 -0.16413
0.24690 0.73082 0.98624 -0.16531
0.24827 0.73059 0.98604 -0.16649
0.24964 0.73036 0.98584 -0.16767
0.25101 0.73012 0.98564 -0.16885
0.25238 0.72989 0.98544 -0.17004
0.25374 0.72965 0.98523 -0.17124
0.25511 0.72941 0.98502 -0.17243
0.25647 0.72918 0.98481 -0.17363
0.25783 0.72893 0.98460 -0.17484
0.25919 0.72869 0.98438 -0.17604
0.26055 0.72845 0.98416 -0.17726
0.26191 0.72820 0.98395 -0.17847
0.26326 0.72796 0.98372 -0.17969
0.26462 0.72771 0.98350 -0.18091
0.26597 0.72746 0.98327 -0.18214
0.26732 0.72721 0.98304 -0.18337
0.26867 0.72695 0.98281 -0.18460
0.27002 0.72670 0.98258 -0.18584
0.27137 0.72644 0.98234 -0.18708
0.27271 0.72619 0.98211 -0.18833
0.27405 0.72593 0.98187 -0.18958
0.27540 0.72567 0.98162 -0.19083
0.27674 0.72541 0.98138 -0.19209
0.27808 0.72514 0.98113 -0.19335
0.27941 0.72488 0.98088 -0.19462
0.28075 0.72461 0.98063 -0.19589
0.28208 0.72435 0.98037 -0.19716
0.28342 0.72408 0.98011 -0.19844
0.28475 0.72381 0.97985 -0.19972
0.28608 0.72354 0.97959 -0.20100
0.28740 0.72326 0.97932 -0.20229
0.28873 0.72299 0.97906 -0.20359
0.29005 0.72271 0.97879 -0.20489
0.29138 0.72243 0.97851 -0.20619
0.29270 0.72215 0.97824 -0.20750
0.29402 0.72187 0.97796 -0.20881
0.29534 0.72159 0.97768 -0.21012
0.29665 0.72131 0.97739 -0.21144
0.29797 0.72102 0.97710 -0.21276
0.29928 0.72073 0.97681 -0.21409
0.30059 0.72045 0.97652 -0.21542
0.30190 0.72016 0.97622 -0.21676
0.30321 0.71986 0.97593 -0.21810
0.30452 0.71957 0.97562 -0.21945
0.30582 0.71928 0.97532 -0.22079
0.30713 0.71898 0.97501 -0.22215
0.30843 0.71868 0.97470 -0.22351
0.30973 0.71838 0.97439 -0.22487
0.31102 0.71808 0.97407 -0.22624
0.31232 0.71778 0.97375 -0.22761
0.31362 0.71748 0.97343 -0.22898
0.31491 0.71717 0.97311 -0.23036
0.31620 0.71687 0.97278 -0.23175
0.31749 0.71656 0.97244 -0.23314
0.31878 0.71625 0.97211 -0.23453
0.32006 0.71594 0.97177 -0.23593
0.32135 0.71563 0.97143 -0.23733
0.32263 0.71531 0.97108 -0.23874
0.32391 0.71499 0.97074 -0.24015
0.32519 0.71468 0.97039 -0.24156
0.32647 0.71436 0.97003 -0.24298
0.32774 0.71404 0.96967 -0.24441
0.32902 0.71372 0.96931 -0.24584
0.33029 0.71339 0.96895 -0.24727
0.33156 0.71307 0.96858 -0.24871
0.33283 0.71274 0.96821 -0.25016
0.33409 0.71241 0.96783 -0.25160
0.33536 0.71208 0.96745 -0.25306
0.33662 0.71175 0.96707 -0.25451
0.33788 0.71142 0.96668 -0.25598
0.33914 0.71108 0.96629 -0.25744
0.34040 0.71075 0.96590 -0.25891
0.34166 0.71041 0.96550 -0.26039
0.34291 0.71007 0.96510 -0.26187
0.34416 0.70973 0.96470 -0.26336
0.34541 0.70939 0.96429 -0.26485
0.34666 0.70904 0.96388 -0.26634
0.34791 0.70870 0.96346 -0.26784
0.34915 0.70835 0.96304 -0.26935
0.35040 0.70800 0.96262 -0.27086
0.35164 0.70765 0.96219 -0.27237
0.35288 0.70730 0.96176 -0.27389
0.35412 0.70695 0.96133 -0.27541
0.35535 0.70659 0.96089 -0.27694
0.35658 0.70623 0.96044 -0.27848
0.35782 0.70588 0.96000 -0.28001
0.35905 0.70552 0.95954 -0.28156
0.36027 0.70515 0.95909 -0.28310
0.36150 0.70479 0.95863 -0.28466
0.36273 0.70443 0.95817 -0.28621
0.36395 0.70406 0.95770 -0.28778
0.36517 0.70369 0.95723 -0.28934
0.36639 0.70332 0.95675 -0.29092
0.36760 0.70295 0.95627 -0.29249
0.36882 0.70258 0.95578 -0.29407
0.37003 0.70221 0.95529 -0.29566
0.37124 0.70183 0.95480 -0.29725
0.37245 0.70145 0.95430 -0.29885
0.37366 0.70107 0.95380 -0.30045
0.37487 0.70069 0.95329 -0.30205
0.37607 0.70031 0.95278 -0.30366
0.37727 0.69993 0.95226 -0.30528
0.37847 0.69954 0.95174 -0.30690
0.37967 0.69915 0.95122 -0.30853
0.38086 0.69876 0.95069 -0.31016
0.38206 0.69837 0.95015 -0.31179
0.38325 0.69798 0.94961 -0.31343
0.38444 0.69759 0.94907 -0.31508
0.38563 0.69719 0.94852 -0.31673
0.38681 0.69679 0.94796 -0.31838
0.38800 0.69639 0.94740 -0.32004
0.38918 0.69599 0.94684 -0.32170
0.39036 0.69559 0.94627 -0.32337
0.39154 0.69519 0.94570 -0.32505
0.39271 0.69478 0.94512 -0.32672
0.39389 0.69438 0.94454 -0.32841
0.39506 0.69397 0.94395 -0.33010
0.39623 0.69356 0.94335 -0.33179
0.39740 0.69314 0.94275 -0.33349
0.39857 0.69273 0.94215 -0.33519
0.39973 0.69232 0.94154 -0.33690
0.40089 0.69190 0.94093 -0.33861
0.40205 0.69148 0.94031 -0.34033
0.40321 0.69106 0.93968 -0.34205
0.40437 0.69064 0.93905 -0.34378
0.40552 0.69021 0.93842 -0.34551
0.40667 0.68979 0.93777 -0.34724
0.40783 0.68936 0.93713 -0.34899
0.40897 0.68893 0.93648 -0.35073
0.41012 0.68850 0.93582 -0.35248
0.41126 0.68807 0.93516 -0.35424
0.41241 0.68763 0.93449 -0.35600
0.41355 0.68720 0.93381 -0.35776
0.41469 0.68676 0.93313 -0.35953
0.41582 0.68632 0.93245 -0.36130
0.41696 0.68588 0.93176 -0.36308
0.41809 0.68544 0.93106 -0.36487
0.41922 0.68500 0.93036 -0.36665
0.42035 0.68455 0.92965 -0.36845
0.42147 0.68410 0.92893 -0.37024
0.42260 0.68365 0.92821 -0.37205
0.42372 0.68320 0.92749 -0.37385
0.42484 0.68275 0.92676 -0.37566
0.42596 0.68229 0.92602 -0.37748
0.42707 0.68184 0.92528 -0.37930
0.42819 0.68138 0.92453 -0.38112
0.42930 0.68092 0.92377 -0.38295
0.43041 0.68046 0.92301 -0.38478
0.43152 0.68000 0.92224 -0.38662
0.43262 0.67953 0.92146 -0.38846
0.43373 0.67906 0.92068 -0.39031
0.43483 0.67860 0.91990 -0.39216
0.43593 0.67813 0.91910 -0.39401
0.43702 0.67765 0.91831 -0.39587
0.43812 0.67718 0.91750 -0.39774
0.43921 0.67671 0.91669 -0.39960
0.44030 0.67623 0.91587 -0.40148
0.44139 0.67575 0.91504 -0.40335
0.44248 0.67527 0.91421 -0.40523
0.44357 0.67479 0.91338 -0.40712
0.44465 0.67430 0.91253 -0.40901
0.44573 0.67382 0.91168 -0.41090
0.44681 0.67333 0.91082 -0.41279
0.44789 0.67284 0.90996 -0.41470
0.44896 0.67235 0.90909 -0.41660
0.45003 0.67186 0.90821 -0.41851
0.45110 0.67136 0.90733 -0.42042
0.45217 0.67086 0.90644 -0.42234
0.45324 0.67037 0.90554 -0.42426
0.45430 0.66987 0.90464 -0.42618
0.45536 0.66936 0.90373 -0.42811
0.45642 0.66886 0.90281 -0.43004
0.45748 0.66836 0.90188 -0.43198
0.45854 0.66785 0.90095 -0.43392
0.45959 0.66734 0.90001 -0.43586
0.46064 0.66683 0.89907 -0.43781
0.46169 0.66632 0.89812 -0.43976
0.46274 0.66580 0.89716 -0.44171
0.46379 0.66529 0.89619 -0.44367
0.46483 0.66477 0.89522 -0.44563
0.46587 0.66425 0.89424 -0.44759
0.46691 0.66373 0.89325 -0.44956
0.46795 0.66320 0.89226 -0.45153
0.46898 0.66268 0.89125 -0.45351
0.47002 0.66215 0.89024 -0.45548
0.47105 0.66162 0.88923 -0.45746
0.47207 0.66109 0.88821 -0.45945
0.47310 0.66056 0.88717 -0.46143
0.47413 0.66003 0.88614 -0.46342
0.47515 0.65949 0.88509 -0.46542
0.47617 0.65895 0.88404 -0.46741
0.47719 0.65841 0.88298 -0.46941
0.47820 0.65787 0.88191 -0.47141
0.47922 0.65733 0.88084 -0.47342
0.48023 0.65678 0.87976 -0.47543
0.48124 0.65623 0.87867 -0.47744
0.48224 0.65569 0.87757 -0.47945
0.48325 0.65513 0.87647 -0.48146
0.48425 0.65458 0.87535 -0.48348
0.48525 0.65403 0.87424 -0.48550
0.48625 0.65347 0.87311 -0.48753
0.48725 0.65291 0.87197 -0.48955
0.48824 0.65235 0.87083 -0.49158
0.48924 0.65179 0.86968 -0.49361
0.49023 0.65123 0.86853 -0.49564
0.49122 0.65066 0.86736 -0.49768
0.49220 0.65009 0.86619 -0.49971
0.49319 0.64953 0.86501 -0.50175
0.49417 0.64895 0.86382 -0.50379
0.49515 0.64838 0.86263 -0.50584
0.49613 0.64781 0.86143 -0.50788
0.49710 0.64723 0.86022 -0.50993
0.49808 0.64665 0.85900 -0.51198
0.49905 0.64607 0.85777 -0.51403
0.50002 0.64549 0.85654 -0.51608
0.50098 0.64490 0.85530 -0.51813
0.50195 0.64432 0.85405 -0.52019
0.50291 0.64373 0.85279 -0.52225
0.50387 0.64314 0.85153 -0.52430
0.50483 0.64255 0.85026 -0.52636
0.50579 0.64195 0.84898 -0.52843
0.50674 0.64136 0.84769 -0.53049
0.50769 0.64076 0.84640 -0.53255
0.50864 0.64016 0.84510 -0.53462
0.50959 0.63956 0.84378 -0.53668
0.51054 0.63896 0.84247 -0.53875
0.51148 0.63835 0.84114 -0.54082
0.51242 0.63774 0.83981 -0.54288
0.51336 0.63714 0.83847 -0.54495
0.51430 0.63652 0.83712 -0.54702
0.51524 0.63591 0.83576 -0.54909
0.51617 0.63530 0.83440 -0.55117
0.51710 0.63468 0.83302 -0.55324
0.51803 0.63406 0.83164 -0.55531
0.51895 0.63344 0.83026 -0.55738
0.51988 0.63282 0.82886 -0.55945
0.52080 0.63219 0.82746 -0.56153
0.52172 0.63157 0.82605 -0.56360
0.52264 0.63094 0.82463 -0.56567
0.52356 0.63031 0.82320 -0.56775
0.52447 0.62968 0.82177 -0.56982
0.52538 0.62904 0.82033 -0.57189
0.52629 0.62841 0.81888 -0.57397
0.52720 0.62777 0.81742 -0.57604
0.52811 0.62713 0.81596 -0.57811
0.52901 0.62649 0.81448 -0.58018
0.52991 0.62584 0.81301 -0.58226
0.53081 0.62520 0.81152 -0.58433
0.53171 0.62455 0.81002 -0.58640
0.53260 0.62390 0.80852 -0.58847
0.53349 0.62325 0.80701 -0.59054
0.53438 0.62260 0.80549 -0.59260
0.53527 0.62194 0.80397 -0.59467
0.53616 0.62128 0.80244 -0.59674
0.53704 0.62062 0.80090 -0.59880
0.53793 0.61996 0.79935 -0.60087
0.53881 0.61930 0.79779 -0.60293
0.53968 0.61863 0.79623 -0.60499
0.54056 0.61797 0.79466 -0.60705
0.54143 0.61730 0.79309 -0.60911
0.54231 0.61663 0.79150 -0.61117
0.54318 0.61595 0.78991 -0.61322
0.54404 0.61528 0.78831 -0.61528
0.54491 0.61460 0.78671 -0.61733
0.54577 0.61392 0.78509 -0.61938
0.54663 0.61324 0.78347 -0.62143
0.54749 0.61256 0.78184 -0.62347
0.54835 0.61187 0.78021 -0.62552
0.54920 0.61119 0.77857 -0.62756
0.55006 0.61050 0.77692 -0.62960
0.55091 0.60980 0.77526 -0.63164
0.55175 0.60911 0.77360 -0.63367
0.55260 0.60842 0.77193 -0.63571
0.55344 0.60772 0.77025 -0.63774
0.55429 0.60702 0.76857 -0.63976
0.55513 0.60632 0.76688 -0.64179
0.55596 0.60562 0.76518 -0.64381
0.55680 0.60491 0.76348 -0.64583
0.55763 0.60420 0.76177 -0.64785
0.55847 0.60349 0.76005 -0.64986
0.55930 0.60278 0.75833 -0.65187
0.56012 0.60207 0.75660 -0.65388
0.56095 0.60136 0.75486 -0.65588
0.56177 0.60064 0.75312 -0.65789
0.56259 0.59992 0.75137 -0.65988
0.56341 0.59920 0.74961 -0.66188
0.56423 0.59847 0.74785 -0.66387
0.56504 0.59775 0.74608 -0.66586
0.56586 0.59702 0.74430 -0.66784
0.56667 0.59629 0.74252 -0.66982
0.56748 0.59556 0.74074 -0.67180
0.56828 0.59483 0.73894 -0.67377
0.56909 0.59409 0.73714 -0.67574
0.56989 0.59335 0.73534 -0.67770
0.57069 0.59262 0.73352 -0.67966
0.57149 0.59187 0.73171 -0.68162
0.57228 0.59113 0.72988 -0.68357
0.57308 0.59038 0.72805 -0.68552
0.57387 0.58964 0.72622 -0.68746
0.57466 0.58889 0.72438 -0.68940
0.57545 0.58814 0.72253 -0.69134
0.57623 0.58738 0.72068 -0.69327
0.57702 0.58663 0.71882 -0.69519
0.57780 0.58587 0.71696 -0.69711
0.57858 0.58511 0.71509 -0.69903
0.57935 0.58435 0.71322 -0.70094
0.58013 0.58358 0.71134 -0.70285
0.58090 0.58282 0.70945 -0.70475
0.58167 0.58205 0.70757 -0.70665
0.58244 0.58128 0.70567 -0.70854
0.58321 0.58050 0.70377 -0.71043
0.58398 0.57973 0.70187 -0.71231
0.58474 0.57895 0.69996 -0.71418
0.58550 0.57818 0.69804 -0.71605
0.58626 0.57739 0.69613 -0.71792
0.58702 0.57661 0.69420 -0.71978
0.58777 0.57583 0.69227 -0.72163
0.58852 0.57504 0.69034 -0.72348
0.58927 0.57425 0.68840 -0.72533
0.59002 0.57346 0.68646 -0.72717
0.59077 0.57267 0.68452 -0.72900
0.59151 0.57187 0.68257 -0.73082
0.59226 0.57108 0.68061 -0.73264
0.59300 0.57028 0.67865 -0.73446
0.59374 0.56948 0.67669 -0.73627
0.59447 0.56867 0.67472 -0.73807
0.59521 0.56787 0.67275 -0.73987
0.59594 0.56706 0.67078 -0.74166
0.59667 0.56625 0.66880 -0.74344
0.59740 0.56544 0.66682 -0.74522
0.59812 0.56462 0.66483 -0.74699
0.59885 0.56381 0.66284 -0.74876
0.59957 0.56299 0.66085 -0.75052
0.60029 0.56217 0.65885 -0.75227
0.60101 0.56135 0.65685 -0.75402
0.60172 0.56052 0.65485 -0.75576
0.60244 0.55970 0.65285 -0.75749
0.60315 0.55887 0.65084 -0.75922
0.60386 0.55804 0.64882 -0.76094
0.60457 0.55720 0.64681 -0.76265
0.60527 0.55637 0.64479 -0.76436
0.60598 0.55553 0.64277 -0.76606
0.60668 0.55469 0.64075 -0.76775
0.60738 0.55385 0.63872 -0.76944
0.60808 0.55301 0.63669 -0.77112
0.60878 0.55216 0.63466 -0.77279
0.60947 0.55132 0.63262 -0.77446
0.61016 0.55047 0.63059 -0.77612
0.61085 0.54962 0.62855 -0.77777
0.61154 0.54876 0.62651 -0.77942
0.61223 0.54791 0.62446 -0.78105
0.61291 0.54705 0.62242 -0.78268
0.61359 0.54619 0.62037 -0.78431
0.61427 0.54533 0.61832 -0.78592
0.61495 0.54446 0.61627 -0.78753
0.61563 0.54360 0.61422 -0.78914
0.61630 0.54273 0.61216 -0.79073
0.61697 0.54186 0.61011 -0.79232
0.61764 0.54098 0.60805 -0.79390
0.61831 0.54011 0.60599 -0.79547
0.61898 0.53923 0.60393 -0.79704
0.61964 0.53835 0.60187 -0.79860
0.62030 0.53747 0.59980 -0.80015
0.62096 0.53659 0.59774 -0.80169
0.62162 0.53570 0.59567 -0.80323
0.62228 0.53482 0.59361 -0.80476
0.62293 0.53393 0.59154 -0.80628
0.62359 0.53303 0.58947 -0.80779
0.62424 0.53214 0.58740 -0.80930
0.62488 0.53124 0.58533 -0.81079
0.62553 0.53035 0.58326 -0.81229
0.62618 0.52945 0.58119 -0.81377
0.62682 0.52854 0.57912 -0.81524
0.62746 0.52764 0.57704 -0.81671
0.62810 0.52673 0.57497 -0.81817
0.62874 0.52582 0.57290 -0.81963
0.62937 0.52491 0.57083 -0.82107
0.63000 0.52400 0.56875 -0.82251
0.63063 0.52309 0.56668 -0.82394
0.63126 0.52217 0.56461 -0.82536
0.63189 0.52125 0.56253 -0.82678
0.63252 0.52033 0.56046 -0.82818
0.63314 0.51940 0.55839 -0.82958
0.63376 0.51848 0.55631 -0.83097
0.63438 0.51755 0.55424 -0.83236
0.63500 0.51662 0.55217 -0.83373
0.63561 0.51569 0.55010 -0.83510
0.63623 0.51475 0.54803 -0.83646
0.63684 0.51382 0.54596 -0.83781
0.63745 0.51288 0.54389 -0.83916
0.63806 0.51194 0.54182 -0.84050
0.63866 0.51100 0.53975 -0.84183
0.63927 0.51005 0.53768 -0.84315
0.63987 0.50910 0.53562 -0.84446
0.64047 0.50815 0.53355 -0.84577
0.64107 0.50720 0.53149 -0.84707
0.64167 0.50625 0.52943 -0.84836
0.64226 0.50529 0.52736 -0.84964
0.64285 0.50434 0.52530 -0.85092
0.64344 0.50338 0.52324 -0.85218
0.64403 0.50242 0.52119 -0.85344
0.64462 0.50145 0.51913 -0.85470
0.64520 0.50048 0.51708 -0.85594
0.64579 0.49952 0.51502 -0.85718
0.64637 0.49855 0.51297 -0.85841
0.64695 0.49757 0.51092 -0.85963
0.64753 0.49660 0.50887 -0.86084
0.64810 0.49562 0.50683 -0.86205
0.64868 0.49464 0.50478 -0.86325
0.64925 0.49366 0.50274 -0.86444
0.64982 0.49268 0.50070 -0.86562
0.65039 0.49169 0.49866 -0.86680
0.65095 0.49071 0.49663 -0.86796
0.65152 0.48972 0.49459 -0.86912
0.65208 0.48873 0.49256 -0.87028
0.65264 0.48773 0.49053 -0.87142
0.65320 0.48674 0.48851 -0.87256
0.65376 0.48574 0.48648 -0.87369
0.65431 0.48474 0.48446 -0.87481
0.65487 0.48374 0.48244 -0.87593
0.65542 0.48273 0.48043 -0.87704
0.65597 0.48173 0.47841 -0.87814
0.65652 0.48072 0.47640 -0.87923
0.65706 0.47971 0.47439 -0.88031
0.65761 0.47869 0.47238 -0.88139
0.65815 0.47768 0.47038 -0.88246
0.65869 0.47666 0.46838 -0.88353
0.65923 0.47564 0.46638 -0.88458
0.65977 0.47462 0.46439 -0.88563
0.66030 0.47360 0.46240 -0.88667
0.66083 0.47257 0.46041 -0.88771
0.66137 0.47154 0.45842 -0.88873
0.66190 0.47052 0.45644 -0.88975
0.66242 0.46948 0.45446 -0.89077
0.66295 0.46845 0.45249 -0.89177
0.66347 0.46741 0.45052 -0.89277
0.66400 0.46638 0.44855 -0.89376
0.66452 0.46534 0.44658 -0.89474
0.66504 0.46429 0.44462 -0.89572
0.66555 0.46325 0.44266 -0.89669
0.66607 0.46220 0.44070 -0.89765
0.66658 0.46115 0.43875 -0.89861
0.66709 0.46010 0.43680 -0.89956
0.66760 0.45905 0.43486 -0.90050
0.66811 0.45799 0.43292 -0.90143
0.66862 0.45694 0.43098 -0.90236
0.66912 0.45588 0.42905 -0.90328
0.66962 0.45482 0.42712 -0.90420
0.67012 0.45375 0.42519 -0.90510
0.67062 0.45269 0.42327 -0.90600
0.67112 0.45162 0.42135 -0.90690
0.67162 0.45055 0.41944 -0.90779
0.67211 0.44948 0.41753 -0.90867
0.67260 0.44841 0.41562 -0.90954
0.67309 0.44733 0.41372 -0.91041
0.67358 0.44625 0.41182 -0.91127
0.67407 0.44517 0.40992 -0.91212
0.67455 0.44409 0.40803 -0.91297
0.67504 0.44301 0.40615 -0.91381
0.67552 0.44192 0.40426 -0.91464
0.67600 0.44083 0.40238 -0.91547
0.67647 0.43974 0.40051 -0.91629
0.67695 0.43865 0.39864 -0.91711
0.67742 0.43756 0.39678 -0.91792
0.67790 0.43646 0.39491 -0.91872
0.67837 0.43536 0.39306 -0.91951
0.67884 0.43426 0.39120 -0.92030
0.67931 0.43316 0.38936 -0.92109
0.67977 0.43205 0.38751 -0.92186
0.68023 0.43095 0.38567 -0.92264
0.68070 0.42984 0.38384 -0.92340
0.68116 0.42873 0.38201 -0.92416
0.68162 0.42761 0.38018 -0.92491
0.68207 0.42650 0.37836 -0.92566
0.68253 0.42538 0.37654 -0.92640
0.68298 0.42426 0.37473 -0.92713
0.68343 0.42314 0.37292 -0.92786
0.68388 0.42202 0.37112 -0.92859
0.68433 0.42089 0.36932 -0.92930
0.68478 0.41977 0.36752 -0.93001
0.68522 0.41864 0.36573 -0.93072
0.68567 0.41751 0.36395 -0.93142
0.68611 0.41637 0.36217 -0.93211
0.68655 0.41524 0.36039 -0.93280
0.68699 0.41410 0.35862 -0.93348
0.68742 0.41296 0.35685 -0.93416
0.68786 0.41182 0.35509 -0.93483
0.68829 0.41067 0.35333 -0.93550
0.68872 0.40953 0.35158 -0.93616
0.68915 0.40838 0.34983 -0.93681
0.68958 0.40723 0.34809 -0.93746
0.69001 0.40608 0.34635 -0.93811
0.69043 0.40493 0.34462 -0.93874
0.69085 0.40377 0.34289 -0.93938
0.69128 0.40261 0.34116 -0.94000
0.69170 0.40146 0.33944 -0.94063
0.69211 0.40029 0.33773 -0.94124
0.69253 0.39913 0.33602 -0.94186
0.69294 0.39797 0.33431 -0.94246
0.69336 0.39680 0.33261 -0.94306
0.69377 0.39563 0.33092 -0.94366
0.69418 0.39446 0.32923 -0.94425
0.69459 0.39328 0.32754 -0.94484
0.69499 0.39211 0.32586 -0.94542
0.69540 0.39093 0.32418 -0.94599
0.69580 0.38975 0.32251 -0.94657
0.69620 0.38857 0.32085 -0.94713
0.69660 0.38739 0.31918 -0.94769
0.69700 0.38620 0.31753 -0.94825
0.69739 0.38502 0.31587 -0.94880
0.69779 0.38383 0.31423 -0.94935
0.69818 0.38264 0.31259 -0.94989
0.69857 0.38144 0.31095 -0.95043
0.69896 0.38025 0.30932 -0.95096
0.69935 0.37905 0.30769 -0.95149
0.69974 0.37785 0.30607 -0.95201
0.70012 0.37665 0.30445 -0.95253
0.70051 0.37545 0.30283 -0.95304
0.70089 0.37424 0.30123 -0.95355
0.70127 0.37304 0.29962 -0.95406
0.70165 0.37183 0.29802 -0.95456
0.70202 0.37062 0.29643 -0.95505
0.70240 0.36941 0.29484 -0.95555
0.70277 0.36819 0.29326 -0.95603
0.70314 0.36698 0.29168 -0.95652
0.70351 0.36576 0.29010 -0.95699
0.70388 0.36454 0.28854 -0.95747
0.70425 0.36332 0.28697 -0.95794
0.70462 0.36209 0.28541 -0.95841
0.70498 0.36087 0.28386 -0.95887
0.70534 0.35964 0.28231 -0.95932
0.70570 0.35841 0.28076 -0.95978
0.70606 0.35718 0.27922 -0.96023
0.70642 0.35595 0.27768 -0.96067
0.70677 0.35471 0.27615 -0.96111
0.70713 0.35348 0.27463 -0.96155
0.70748 0.35224 0.27311 -0.96198
0.70783 0.35100 0.27159 -0.96241
0.70818 0.34976 0.27008 -0.96284
0.70853 0.34851 0.26857 -0.96326
0.70888 0.34727 0.26707 -0.96368
0.70922 0.34602 0.26557 -0.96409
0.70956 0.34477 0.26408 -0.96450
0.70991 0.34352 0.26259 -0.96491
0.71025 0.34226 0.26111 -0.96531
0.71058 0.34101 0.25963 -0.96571
0.71092 0.33975 0.25816 -0.96610
0.71126 0.33849 0.25669 -0.96649
0.71159 0.33723 0.25522 -0.96688
0.71192 0.33597 0.25376 -0.96727
0.71225 0.33471 0.25231 -0.96765
0.71258 0.33344 0.25086 -0.96802
0.71291 0.33217 0.24941 -0.96840
0.71323 0.33091 0.24797 -0.96877
0.71356 0.32963 0.24653 -0.96913
0.71388 0.32836 0.24510 -0.96950
0.71420 0.32709 0.24367 -0.96986
0.71452 0.32581 0.24225 -0.97021
0.71484 0.32453 0.24083 -0.97057
0.71516 0.32325 0.23942 -0.97092
0.71547 0.32197 0.23801 -0.97126
0.71579 0.32069 0.23661 -0.97161
0.71610 0.31940 0.23521 -0.97195
0.71641 0.31811 0.23381 -0.97228
0.71672 0.31683 0.23242 -0.97262
0.71703 0.31554 0.23103 -0.97295
0.71733 0.31424 0.22965 -0.97327
0.71764 0.31295 0.22827 -0.97360
0.71794 0.31165 0.22690 -0.97392
0.71824 0.31036 0.22553 -0.97424
0.71854 0.30906 0.22417 -0.97455
0.71884 0.30776 0.22281 -0.97486
0.71913 0.30645 0.22145 -0.97517
0.71943 0.30515 0.22010 -0.97548
0.71972 0.30384 0.21875 -0.97578
0.72002 0.30254 0.21741 -0.97608
0.72031 0.30123 0.21607 -0.97638
0.72059 0.29992 0.21474 -0.97667
0.72088 0.29860 0.21341 -0.97696
0.72117 0.29729 0.21208 -0.97725
0.72145 0.29598 0.21076 -0.97754
0.72174 0.29466 0.20944 -0.97782
0.72202 0.29334 0.20813 -0.97810
0.72230 0.29202 0.20682 -0.97838
0.72258 0.29070 0.20552 -0.97865
0.72285 0.28937 0.20422 -0.97893
0.72313 0.28805 0.20292 -0.97919
0.72340 0.28672 0.20163 -0.97946
0.72368 0.28539 0.20034 -0.97973
0.72395 0.28406 0.19906 -0.97999
0.72422 0.28273 0.19778 -0.98025
0.72448 0.28140 0.19650 -0.98050
0.72475 0.28006 0.19523 -0.98076
0.72502 0.27872 0.19396 -0.98101
0.72528 0.27739 0.19270 -0.98126
0.72554 0.27605 0.19144 -0.98150
0.72580 0.27470 0.19019 -0.98175
0.72606 0.27336 0.18893 -0.98199
0.72632 0.27202 0.18769 -0.98223
0.72658 0.27067 0.18644 -0.98247
0.72683 0.26932 0.18520 -0.98270
0.72708 0.26798 0.18397 -0.98293
0.72734 0.26662 0.18273 -0.98316
0.72759 0.26527 0.18151 -0.98339
0.72784 0.26392 0.18028 -0.98362
0.72808 0.26256 0.17906 -0.98384
0.72833 0.26121 0.17784 -0.98406
0.72857 0.25985 0.17663 -0.98428
0.72882 0.25849 0.17542 -0.98449
0.72906 0.25713 0.17422 -0.98471
0.72930 0.25577 0.17301 -0.98492
0.72954 0.25440 0.17182 -0.98513
0.72977 0.25304 0.17062 -0.98534
0.73001 0.25167 0.16943 -0.98554
0.73025 0.25030 0.16824 -0.98575
0.73048 0.24893 0.16706 -0.98595
0.73071 0.24756 0.16588 -0.98615
0.73094 0.24619 0.16470 -0.98634
0.73117 0.24481 0.16353 -0.98654
0.73140 0.24344 0.16236 -0.98673
0.73162 0.24206 0.16119 -0.98692
0.73185 0.24068 0.16003 -0.98711
0.73207 0.23930 0.15887 -0.98730
0.73229 0.23792 0.15772 -0.98748
0.73251 0.23654 0.15656 -0.98767
0.73273 0.23516 0.15542 -0.98785
0.73295 0.23377 0.15427 -0.98803
0.73316 0.23239 0.15313 -0.98821
0.73338 0.23100 0.15199 -0.98838
0.73359 0.22961 0.15086 -0.98856
0.73380 0.22822 0.14972 -0.98873
0.73401 0.22683 0.14859 -0.98890
0.73422 0.22543 0.14747 -0.98907
0.73442 0.22404 0.14635 -0.98923
0.73463 0.22264 0.14523 -0.98940
0.73483 0.22125 0.14411 -0.98956
0.73504 0.21985 0.14300 -0.98972
0.73524 0.21845 0.14189 -0.98988
0.73544 0.21705 0.14078 -0.99004
0.73564 0.21565 0.13968 -0.99020
0.73583 0.21424 0.13858 -0.99035
0.73603 0.21284 0.13748 -0.99050
0.73622 0.21143 0.13639 -0.99066
0.73642 0.21002 0.13530 -0.99080
0.73661 0.20862 0.13421 -0.99095
0.73680 0.20721 0.13313 -0.99110
0.73699 0.20579 0.13204 -0.99124
0.73718 0.20438 0.13097 -0.99139
0.73736 0.20297 0.12989 -0.99153
0.73755 0.20155 0.12882 -0.99167
0.73773 0.20014 0.12775 -0.99181
0.73791 0.19872 0.12668 -0.99194
0.73809 0.19730 0.12561 -0.99208
0.73827 0.19588 0.12455 -0.99221
0.73845 0.19446 0.12349 -0.99235
0.73862 0.19304 0.12244 -0.99248
0.73880 0.19162 0.12138 -0.99261
0.73897 0.19020 0.12033 -0.99273
0.73914 0.18877 0.11929 -0.99286
0.73931 0.18734 0.11824 -0.99299
0.73948 0.18592 0.11720 -0.99311
0.73965 0.18449 0.11616 -0.99323
0.73982 0.18306 0.11512 -0.99335
0.73998 0.18163 0.11409 -0.99347
0.74015 0.18020 0.11305 -0.99359
0.74031 0.17876 0.11202 -0.99371
0.74047 0.17733 0.11100 -0.99382
0.74063 0.17590 0.10997 -0.99393
0.74079 0.17446 0.10895 -0.99405
0.74094 0.17302 0.10793 -0.99416
0.74110 0.17158 0.10692 -0.99427
0.74125 0.17015 0.10590 -0.99438
0.74141 0.16871 0.10489 -0.99448
0.74156 0.16726 0.10388 -0.99459
0.74171 0.16582 0.10287 -0.99469
0.74186 0.16438 0.10187 -0.99480
0.74200 0.16293 0.10086 -0.99490
0.74215 0.16149 0.09986 -0.99500
0.74229 0.16004 0.09887 -0.99510
0.74244 0.15860 0.09787 -0.99520
0.74258 0.15715 0.09688 -0.99530
0.74272 0.15570 0.09589 -0.99539
0.74286 0.15425 0.09490 -0.99549
0.74299 0.15280 0.09391 -0.99558
0.74313 0.15135 0.09292 -0.99567
0.74327 0.14989 0.09194 -0.99576
0.74340 0.14844 0.09096 -0.99585
0.74353 0.14699 0.08998 -0.99594
0.74366 0.14553 0.08901 -0.99603
0.74379 0.14407 0.08803 -0.99612
0.74392 0.14262 0.08706 -0.99620
0.74405 0.14116 0.08609 -0.99629
0.74417 0.13970 0.08512 -0.99637
0.74430 0.13824 0.08416 -0.99645
0.74442 0.13678 0.08319 -0.99653
0.74454 0.13532 0.08223 -0.99661
0.74466 0.13386 0.08127 -0.99669
0.74478 0.13239 0.08031 -0.99677
0.74490 0.13093 0.07935 -0.99685
0.74501 0.12947 0.07840 -0.99692
0.74513 0.12800 0.07745 -0.99700
0.74524 0.12653 0.07649 -0.99707
0.74535 0.12507 0.07555 -0.99714
0.74546 0.12360 0.07460 -0.99721
0.74557 0.12213 0.07365 -0.99728
0.74568 0.12066 0.07271 -0.99735
0.74578 0.11919 0.07177 -0.99742
0.74589 0.11772 0.07082 -0.99749
0.74599 0.11625 0.06989 -0.99756
0.74610 0.11478 0.06895 -0.99762
0.74620 0.11330 0.06801 -0.99768
0.74630 0.11183 0.06708 -0.99775
0.74640 0.11036 0.06614 -0.99781
0.74649 0.10888 0.06521 -0.99787
0.74659 0.10741 0.06428 -0.99793
0.74668 0.10593 0.06336 -0.99799
0.74678 0.10445 0.06243 -0.99805
0.74687 0.10297 0.06150 -0.99811
0.74696 0.10150 0.06058 -0.99816
0.74705 0.10002 0.05966 -0.99822
0.74713 0.09854 0.05874 -0.99827
0.74722 0.09706 0.05782 -0.99833
0.74731 0.09558 0.05690 -0.99838
0.74739 0.09410 0.05598 -0.99843
0.74747 0.09261 0.05507 -0.99848
0.74755 0.09113 0.05415 -0.99853
0.74763 0.08965 0.05324 -0.99858
0.74771 0.08817 0.05233 -0.99863
0.74779 0.08668 0.05142 -0.99868
0.74786 0.08520 0.05051 -0.99872
0.74794 0.08371 0.04960 -0.99877
0.74801 0.08223 0.04869 -0.99881
0.74808 0.08074 0.04779 -0.99886
0.74815 0.07925 0.04688 -0.99890
0.74822 0.07777 0.04598 -0.99894
0.74829 0.07628 0.04507 -0.99898
0.74836 0.07479 0.04417 -0.99902
0.74842 0.07330 0.04327 -0.99906
0.74849 0.07181 0.04237 -0.99910
0.74855 0.07032 0.04148 -0.99914
0.74861 0.06883 0.04058 -0.99918
0.74867 0.06734 0.03968 -0.99921
0.74873 0.06585 0.03879 -0.99925
0.74879 0.06436 0.03789 -0.99928
0.74884 0.06287 0.03700 -0.99932
0.74890 0.06138 0.03610 -0.99935
0.74895 0.05988 0.03521 -0.99938
0.74900 0.05839 0.03432 -0.99941
0.74905 0.05690 0.03343 -0.99944
0.74910 0.05541 0.03254 -0.99947
0.74915 0.05391 0.03165 -0.99950
0.74920 0.05242 0.03076 -0.99953
0.74924 0.05092 0.02988 -0.99955
0.74929 0.04943 0.02899 -0.99958
0.74933 0.04793 0.02810 -0.99960
0.74937 0.04644 0.02722 -0.99963
0.74941 0.04494 0.02633 -0.99965
0.74945 0.04345 0.02545 -0.99968
0.74949 0.04195 0.02457 -0.99970
0.74952 0.04045 0.02368 -0.99972
0.74956 0.03896 0.02280 -0.99974
0.74959 0.03746 0.02192 -0.99976
0.74962 0.03596 0.02104 -0.99978
0.74965 0.03447 0.02016 -0.99980
0.74968 0.03297 0.01928 -0.99981
0.74971 0.03147 0.01840 -0.99983
0.74974 0.02997 0.01752 -0.99985
0.74976 0.02847 0.01664 -0.99986
0.74979 0.02698 0.01576 -0.99988
0.74981 0.02548 0.01488 -0.99989
0.74983 0.02398 0.01401 -0.99990
0.74985 0.02248 0.01313 -0.99991
0.74987 0.02098 0.01225 -0.99992
0.74989 0.01948 0.01137 -0.99994
0.74991 0.01798 0.01050 -0.99994
0.74992 0.01648 0.00962 -0.99995
0.74993 0.01498 0.00874 -0.99996
0.74995 0.01348 0.00787 -0.99997
0.74996 0.01198 0.00699 -0.99998
0.74997 0.01048 0.00612 -0.99998
0.74998 0.00898 0.00524 -0.99999
0.74998 0.00748 0.00437 -0.99999
0.74999 0.00598 0.00349 -0.99999
0.74999 0.00448 0.00262 -1.00000
0.75000 0.00298 0.00174 -1.00000
0.75000 0.00148 0.00087 -1.00000
0.75000 -0.00002 -0.00001 -1.00000
