-0.20000 0.00000 0.00000 1.00000
-0.20000 0.00040 0.00192 1.00000
-0.20000 0.00080 0.00384 0.99999
-0.20000 0.00120 0.00576 0.99998
-0.19999 0.00160 0.00768 0.99997
-0.19999 0.00200 0.00960 0.99995
-0.19999 0.00240 0.01152 0.99993
-0.19998 0.00280 0.01344 0.99991
-0.19998 0.00320 0.01536 0.99988
-0.19997 0.00360 0.01728 0.99985
-0.19996 0.00400 0.01920 0.99982
-0.19995 0.00440 0.02112 0.99978
-0.19994 0.00480 0.02304 0.99973
-0.19994 0.00520 0.02496 0.99969
-0.19992 0.00560 0.02688 0.99964
-0.19991 0.00600 0.02880 0.99959
-0.19990 0.00640 0.03072 0.99953
-0.19989 0.00680 0.03264 0.99947
-0.19988 0.00720 0.03456 0.99940
-0.19986 0.00760 0.03648 0.99933
-0.19985 0.00800 0.03840 0.99926
-0.19983 0.00840 0.04031 0.99919
-0.19981 0.00880 0.04223 0.99911
-0.19980 0.00920 0.04415 0.99902
-0.19978 0.00960 0.04607 0.99894
-0.19976 0.01000 0.04799 0.99885
-0.19974 0.01040 0.04991 0.99875
-0.19972 0.01079 0.05183 0.99866
-0.19970 0.01119 0.05375 0.99855
-0.19968 0.01159 0.05567 0.99845
-0.19965 0.01199 0.05758 0.99834
-0.19963 0.01239 0.05950 0.99823
-0.19961 0.01279 0.06142 0.99811
-0.19958 0.01319 0.06334 0.99799
-0.19956 0.01359 0.06526 0.99787
-0.19953 0.01399 0.06718 0.99774
-0.19950 0.01439 0.06909 0.99761
-0.19947 0.01479 0.07101 0.99748
-0.19945 0.01518 0.07293 0.99734
-0.19942 0.01558 0.07485 0.99720
-0.19939 0.01598 0.07676 0.99705
-0.19935 0.01638 0.07868 0.99690
-0.19932 0.01678 0.08060 0.99675
-0.19929 0.01718 0.08251 0.99659
-0.19926 0.01758 0.08443 0.99643
-0.19922 0.01797 0.08635 0.99627
-0.19919 0.01837 0.08826 0.99610
-0.19915 0.01877 0.09018 0.99593
-0.19912 0.01917 0.09210 0.99575
-0.19908 0.01957 0.09401 0.99557
-0.19904 0.01997 0.09593 0.99539
-0.19900 0.02036 0.09784 0.99520
-0.19896 0.02076 0.09976 0.99501
-0.19892 0.02116 0.10167 0.99482
-0.19888 0.02156 0.10359 0.99462
-0.19884 0.02195 0.10550 0.99442
-0.19880 0.02235 0.10742 0.99421
-0.19875 0.02275 0.10933 0.99401
-0.19871 0.02315 0.11125 0.99379
-0.19866 0.02354 0.11316 0.99358
-0.19862 0.02394 0.11507 0.99336
-0.19857 0.02434 0.11699 0.99313
-0.19853 0.02473 0.11890 0.99291
-0.19848 0.02513 0.12082 0.99268
-0.19843 0.02553 0.12273 0.99244
-0.19838 0.02592 0.12464 0.99220
-0.19833 0.02632 0.12655 0.99196
-0.19828 0.02672 0.12847 0.99171
-0.19823 0.02711 0.13038 0.99146
-0.19817 0.02751 0.13229 0.99121
-0.19812 0.02791 0.13420 0.99095
-0.19807 0.02830 0.13611 0.99069
-0.19801 0.02870 0.13802 0.99043
-0.19796 0.02909 0.13993 0.99016
-0.19790 0.02949 0.14184 0.98989
-0.19784 0.02988 0.14375 0.98961
-0.19779 0.03028 0.14566 0.98933
-0.19773 0.03067 0.14757 0.98905
-0.19767 0.03107 0.14948 0.98876
-0.19761 0.03146 0.15139 0.98847
-0.19755 0.03186 0.15330 0.98818
-0.19748 0.03225 0.15521 0.98788
-0.19742 0.03265 0.15712 0.98758
-0.19736 0.03304 0.15902 0.98727
-0.19730 0.03344 0.16093 0.98697
-0.19723 0.03383 0.16284 0.98665
-0.19717 0.03422 0.16475 0.98634
-0.19710 0.03462 0.16665 0.98602
-0.19703 0.03501 0.16856 0.98569
-0.19696 0.03540 0.17046 0.98536
-0.19690 0.03580 0.17237 0.98503
-0.19683 0.03619 0.17427 0.98470
-0.19676 0.03658 0.17618 0.98436
-0.19669 0.03698 0.17808 0.98402
-0.19661 0.03737 0.17999 0.98367
-0.19654 0.03776 0.18189 0.98332
-0.19647 0.03816 0.18380 0.98296
-0.19640 0.03855 0.18570 0.98261
-0.19632 0.03894 0.18760 0.98225
-0.19625 0.03933 0.18950 0.98188
-0.19617 0.03972 0.19140 0.98151
-0.19609 0.04012 0.19331 0.98114
-0.19602 0.04051 0.19521 0.98076
-0.19594 0.04090 0.19711 0.98038
-0.19586 0.04129 0.19901 0.98000
-0.19578 0.04168 0.20091 0.97961
-0.19570 0.04207 0.20281 0.97922
-0.19562 0.04246 0.20471 0.97882
-0.19553 0.04285 0.20660 0.97842
-0.19545 0.04324 0.20850 0.97802
-0.19537 0.04363 0.21040 0.97762
-0.19528 0.04402 0.21230 0.97721
-0.19520 0.04441 0.21419 0.97679
-0.19511 0.04480 0.21609 0.97637
-0.19503 0.04519 0.21799 0.97595
-0.19494 0.04558 0.21988 0.97553
-0.19485 0.04597 0.22178 0.97510
-0.19476 0.04636 0.22367 0.97466
-0.19467 0.04675 0.22557 0.97423
-0.19458 0.04713 0.22746 0.97379
-0.19449 0.04752 0.22935 0.97334
-0.19440 0.04791 0.23124 0.97290
-0.19431 0.04830 0.23314 0.97244
-0.19421 0.04869 0.23503 0.97199
-0.19412 0.04907 0.23692 0.97153
-0.19403 0.04946 0.23881 0.97107
-0.19393 0.04985 0.24070 0.97060
-0.19383 0.05023 0.24259 0.97013
-0.19374 0.05062 0.24448 0.96965
-0.19364 0.05101 0.24637 0.96918
-0.19354 0.05139 0.24825 0.96870
-0.19344 0.05178 0.25014 0.96821
-0.19334 0.05217 0.25203 0.96772
-0.19324 0.05255 0.25391 0.96723
-0.19314 0.05294 0.25580 0.96673
-0.19304 0.05332 0.25768 0.96623
-0.19293 0.05371 0.25957 0.96572
-0.19283 0.05409 0.26145 0.96522
-0.19272 0.05448 0.26334 0.96470
-0.19262 0.05486 0.26522 0.96419
-0.19251 0.05524 0.26710 0.96367
-0.19241 0.05563 0.26898 0.96315
-0.19230 0.05601 0.27086 0.96262
-0.19219 0.05639 0.27274 0.96209
-0.19208 0.05678 0.27462 0.96155
-0.19197 0.05716 0.27650 0.96101
-0.19186 0.05754 0.27838 0.96047
-0.19175 0.05792 0.28026 0.95993
-0.19164 0.05831 0.28213 0.95938
-0.19153 0.05869 0.28401 0.95882
-0.19141 0.05907 0.28589 0.95826
-0.19130 0.05945 0.28776 0.95770
-0.19118 0.05983 0.28963 0.95714
-0.19107 0.06021 0.29151 0.95657
-0.19095 0.06059 0.29338 0.95600
-0.19083 0.06097 0.29525 0.95542
-0.19072 0.06135 0.29712 0.95484
-0.19060 0.06173 0.29900 0.95425
-0.19048 0.06211 0.30087 0.95367
-0.19036 0.06249 0.30273 0.95307
-0.19024 0.06287 0.30460 0.95248
-0.19012 0.06325 0.30647 0.95188
-0.18999 0.06363 0.30834 0.95128
-0.18987 0.06401 0.31020 0.95067
-0.18975 0.06439 0.31207 0.95006
-0.18962 0.06476 0.31393 0.94944
-0.18950 0.06514 0.31580 0.94883
-0.18937 0.06552 0.31766 0.94820
-0.18924 0.06590 0.31952 0.94758
-0.18912 0.06627 0.32139 0.94695
-0.18899 0.06665 0.32325 0.94631
-0.18886 0.06703 0.32511 0.94568
-0.18873 0.06740 0.32697 0.94504
-0.18860 0.06778 0.32882 0.94439
-0.18847 0.06815 0.33068 0.94374
-0.18834 0.06853 0.33254 0.94309
-0.18820 0.06890 0.33439 0.94243
-0.18807 0.06928 0.33625 0.94177
-0.18794 0.06965 0.33810 0.94111
-0.18780 0.07002 0.33996 0.94044
-0.18767 0.07040 0.34181 0.93977
-0.18753 0.07077 0.34366 0.93909
-0.18739 0.07114 0.34551 0.93841
-0.18726 0.07152 0.34736 0.93773
-0.18712 0.07189 0.34921 0.93704
-0.18698 0.07226 0.35106 0.93635
-0.18684 0.07263 0.35290 0.93566
-0.18670 0.07301 0.35475 0.93496
-0.18656 0.07338 0.35659 0.93426
-0.18641 0.07375 0.35844 0.93355
-0.18627 0.07412 0.36028 0.93284
-0.18613 0.07449 0.36212 0.93213
-0.18598 0.07486 0.36397 0.93141
-0.18584 0.07523 0.36581 0.93069
-0.18569 0.07560 0.36764 0.92997
-0.18555 0.07597 0.36948 0.92924
-0.18540 0.07634 0.37132 0.92850
-0.18525 0.07670 0.37316 0.92777
-0.18510 0.07707 0.37499 0.92703
-0.18495 0.07744 0.37683 0.92628
-0.18480 0.07781 0.37866 0.92554
-0.18465 0.07817 0.38049 0.92478
-0.18450 0.07854 0.38232 0.92403
-0.18435 0.07891 0.38415 0.92327
-0.18420 0.07927 0.38598 0.92251
-0.18404 0.07964 0.38781 0.92174
-0.18389 0.08001 0.38964 0.92097
-0.18373 0.08037 0.39146 0.92019
-0.18358 0.08074 0.39329 0.91942
-0.18342 0.08110 0.39511 0.91863
-0.18327 0.08147 0.39693 0.91785
-0.18311 0.08183 0.39875 0.91706
-0.18295 0.08219 0.40057 0.91626
-0.18279 0.08256 0.40239 0.91547
-0.18263 0.08292 0.40421 0.91467
-0.18247 0.08328 0.40603 0.91386
-0.18231 0.08364 0.40784 0.91305
-0.18215 0.08401 0.40966 0.91224
-0.18198 0.08437 0.41147 0.91142
-0.18182 0.08473 0.41328 0.91060
-0.18166 0.08509 0.41509 0.90978
-0.18149 0.08545 0.41690 0.90895
-0.18133 0.08581 0.41871 0.90812
-0.18116 0.08617 0.42052 0.90728
-0.18099 0.08653 0.42232 0.90645
-0.18082 0.08689 0.42413 0.90560
-0.18066 0.08725 0.42593 0.90476
-0.18049 0.08761 0.42773 0.90391
-0.18032 0.08796 0.42953 0.90305
-0.18015 0.08832 0.43133 0.90219
-0.17997 0.08868 0.43313 0.90133
-0.17980 0.08904 0.43493 0.90047
-0.17963 0.08939 0.43672 0.89960
-0.17946 0.08975 0.43852 0.89872
-0.17928 0.09010 0.44031 0.89785
-0.17911 0.09046 0.44210 0.89697
-0.17893 0.09081 0.44389 0.89608
-0.17876 0.09117 0.44568 0.89519
-0.17858 0.09152 0.44747 0.89430
-0.17840 0.09188 0.44925 0.89340
-0.17822 0.09223 0.45104 0.89250
-0.17804 0.09258 0.45282 0.89160
-0.17786 0.09294 0.45460 0.89069
-0.17768 0.09329 0.45638 0.88978
-0.17750 0.09364 0.45816 0.88887
-0.17732 0.09399 0.45994 0.88795
-0.17714 0.09434 0.46172 0.88703
-0.17696 0.09470 0.46349 0.88610
-0.17677 0.09505 0.46526 0.88517
-0.17659 0.09540 0.46704 0.88424
-0.17640 0.09575 0.46881 0.88330
-0.17622 0.09610 0.47058 0.88236
-0.17603 0.09644 0.47234 0.88141
-0.17584 0.09679 0.47411 0.88047
-0.17566 0.09714 0.47587 0.87951
-0.17547 0.09749 0.47764 0.87856
-0.17528 0.09784 0.47940 0.87760
-0.17509 0.09818 0.48116 0.87663
-0.17490 0.09853 0.48292 0.87567
-0.17471 0.09888 0.48467 0.87470
-0.17451 0.09922 0.48643 0.87372
-0.17432 0.09957 0.48818 0.87274
-0.17413 0.09991 0.48993 0.87176
-0.17393 0.10026 0.49168 0.87077
-0.17374 0.10060 0.49343 0.86979
-0.17354 0.10094 0.49518 0.86879
-0.17335 0.10129 0.49692 0.86779
-0.17315 0.10163 0.49867 0.86679
-0.17295 0.10197 0.50041 0.86579
-0.17275 0.10232 0.50215 0.86478
-0.17256 0.10266 0.50389 0.86377
-0.17236 0.10300 0.50562 0.86275
-0.17216 0.10334 0.50736 0.86173
-0.17195 0.10368 0.50909 0.86071
-0.17175 0.10402 0.51083 0.85968
-0.17155 0.10436 0.51256 0.85865
-0.17135 0.10470 0.51428 0.85762
-0.17114 0.10504 0.51601 0.85658
-0.17094 0.10538 0.51774 0.85554
-0.17073 0.10571 0.51946 0.85450
-0.17053 0.10605 0.52118 0.85345
-0.17032 0.10639 0.52290 0.85239
-0.17012 0.10672 0.52462 0.85134
-0.16991 0.10706 0.52633 0.85028
-0.16970 0.10740 0.52805 0.84922
-0.16949 0.10773 0.52976 0.84815
-0.16928 0.10807 0.53147 0.84708
-0.16907 0.10840 0.53318 0.84600
-0.16886 0.10873 0.53489 0.84492
-0.16865 0.10907 0.53659 0.84384
-0.16844 0.10940 0.53829 0.84276
-0.16822 0.10973 0.53999 0.84167
-0.16801 0.11007 0.54169 0.84058
-0.16780 0.11040 0.54339 0.83948
-0.16758 0.11073 0.54509 0.83838
-0.16737 0.11106 0.54678 0.83728
-0.16715 0.11139 0.54847 0.83617
-0.16693 0.11172 0.55016 0.83506
-0.16671 0.11205 0.55185 0.83394
-0.16650 0.11238 0.55353 0.83283
-0.16628 0.11271 0.55522 0.83171
-0.16606 0.11304 0.55690 0.83058
-0.16584 0.11336 0.55858 0.82945
-0.16562 0.11369 0.56026 0.82832
-0.16540 0.11402 0.56193 0.82718
-0.16517 0.11434 0.56361 0.82604
-0.16495 0.11467 0.56528 0.82490
-0.16473 0.11499 0.56695 0.82375
-0.16450 0.11532 0.56861 0.82260
-0.16428 0.11564 0.57028 0.82145
-0.16405 0.11597 0.57194 0.82029
-0.16383 0.11629 0.57360 0.81913
-0.16360 0.11661 0.57526 0.81797
-0.16337 0.11694 0.57692 0.81680
-0.16315 0.11726 0.57857 0.81563
-0.16292 0.11758 0.58023 0.81445
-0.16269 0.11790 0.58188 0.81328
-0.16246 0.11822 0.58353 0.81209
-0.16223 0.11854 0.58517 0.81091
-0.16200 0.11886 0.58682 0.80972
-0.16176 0.11918 0.58846 0.80853
-0.16153 0.11950 0.59010 0.80733
-0.16130 0.11982 0.59174 0.80613
-0.16106 0.12014 0.59337 0.80493
-0.16083 0.12045 0.59500 0.80372
-0.16060 0.12077 0.59663 0.80251
-0.16036 0.12109 0.59826 0.80130
-0.16012 0.12140 0.59989 0.80008
-0.15989 0.12172 0.60151 0.79886
-0.15965 0.12203 0.60314 0.79764
-0.15941 0.12235 0.60475 0.79641
-0.15917 0.12266 0.60637 0.79518
-0.15893 0.12297 0.60799 0.79395
-0.15869 0.12329 0.60960 0.79271
-0.15845 0.12360 0.61121 0.79147
-0.15821 0.12391 0.61282 0.79022
-0.15797 0.12422 0.61442 0.78898
-0.15773 0.12453 0.61603 0.78773
-0.15748 0.12484 0.61763 0.78647
-0.15724 0.12515 0.61922 0.78521
-0.15699 0.12546 0.62082 0.78395
-0.15675 0.12577 0.62241 0.78269
-0.15650 0.12608 0.62401 0.78142
-0.15626 0.12639 0.62559 0.78015
-0.15601 0.12669 0.62718 0.77887
-0.15576 0.12700 0.62876 0.77760
-0.15552 0.12731 0.63035 0.77631
-0.15527 0.12761 0.63192 0.77503
-0.15502 0.12792 0.63350 0.77374
-0.15477 0.12822 0.63508 0.77245
-0.15452 0.12853 0.63665 0.77116
-0.15427 0.12883 0.63822 0.76986
-0.15401 0.12913 0.63978 0.76856
-0.15376 0.12944 0.64135 0.76725
-0.15351 0.12974 0.64291 0.76594
-0.15325 0.13004 0.64447 0.76463
-0.15300 0.13034 0.64602 0.76332
-0.15275 0.13064 0.64758 0.76200
-0.15249 0.13094 0.64913 0.76068
-0.15223 0.13124 0.65068 0.75936
-0.15198 0.13154 0.65222 0.75803
-0.15172 0.13184 0.65377 0.75670
-0.15146 0.13214 0.65531 0.75536
-0.15120 0.13243 0.65684 0.75403
-0.15094 0.13273 0.65838 0.75269
-0.15068 0.13303 0.65991 0.75134
-0.15042 0.13332 0.66144 0.75000
-0.15016 0.13362 0.66297 0.74865
-0.14990 0.13391 0.66450 0.74729
-0.14964 0.13421 0.66602 0.74594
-0.14938 0.13450 0.66754 0.74458
-0.14911 0.13479 0.66905 0.74321
-0.14885 0.13509 0.67057 0.74185
-0.14859 0.13538 0.67208 0.74048
-0.14832 0.13567 0.67359 0.73911
-0.14805 0.13596 0.67509 0.73773
-0.14779 0.13625 0.67660 0.73635
-0.14752 0.13654 0.67810 0.73497
-0.14725 0.13683 0.67960 0.73359
-0.14699 0.13712 0.68109 0.73220
-0.14672 0.13741 0.68258 0.73081
-0.14645 0.13769 0.68407 0.72941
-0.14618 0.13798 0.68556 0.72802
-0.14591 0.13827 0.68704 0.72662
-0.14564 0.13855 0.68852 0.72521
-0.14537 0.13884 0.69000 0.72381
-0.14509 0.13912 0.69148 0.72240
-0.14482 0.13941 0.69295 0.72099
-0.14455 0.13969 0.69442 0.71957
-0.14427 0.13997 0.69589 0.71815
-0.14400 0.14026 0.69735 0.71673
-0.14372 0.14054 0.69881 0.71531
-0.14345 0.14082 0.70027 0.71388
-0.14317 0.14110 0.70172 0.71245
-0.14290 0.14138 0.70318 0.71102
-0.14262 0.14166 0.70463 0.70958
-0.14234 0.14194 0.70607 0.70814
-0.14206 0.14222 0.70752 0.70670
-0.14178 0.14250 0.70896 0.70525
-0.14150 0.14278 0.71039 0.70381
-0.14122 0.14305 0.71183 0.70235
-0.14094 0.14333 0.71326 0.70090
-0.14066 0.14360 0.71469 0.69944
-0.14038 0.14388 0.71611 0.69798
-0.14010 0.14415 0.71754 0.69652
-0.13981 0.14443 0.71896 0.69506
-0.13953 0.14470 0.72037 0.69359
-0.13925 0.14498 0.72179 0.69212
-0.13896 0.14525 0.72320 0.69064
-0.13868 0.14552 0.72460 0.68917
-0.13839 0.14579 0.72601 0.68769
-0.13811 0.14606 0.72741 0.68620
-0.13782 0.14633 0.72881 0.68472
-0.13753 0.14660 0.73020 0.68323
-0.13724 0.14687 0.73160 0.68174
-0.13695 0.14714 0.73298 0.68025
-0.13667 0.14741 0.73437 0.67875
-0.13638 0.14767 0.73575 0.67725
-0.13609 0.14794 0.73713 0.67575
-0.13580 0.14820 0.73851 0.67424
-0.13550 0.14847 0.73988 0.67274
-0.13521 0.14873 0.74125 0.67122
-0.13492 0.14900 0.74262 0.66971
-0.13463 0.14926 0.74398 0.66820
-0.13433 0.14953 0.74535 0.66668
-0.13404 0.14979 0.74670 0.66516
-0.13375 0.15005 0.74806 0.66363
-0.13345 0.15031 0.74941 0.66211
-0.13315 0.15057 0.75076 0.66058
-0.13286 0.15083 0.75210 0.65905
-0.13256 0.15109 0.75344 0.65751
-0.13227 0.15135 0.75478 0.65597
-0.13197 0.15161 0.75612 0.65443
-0.13167 0.15187 0.75745 0.65289
-0.13137 0.15212 0.75878 0.65135
-0.13107 0.15238 0.76011 0.64980
-0.13077 0.15263 0.76143 0.64825
-0.13047 0.15289 0.76275 0.64670
-0.13017 0.15314 0.76406 0.64514
-0.12987 0.15340 0.76538 0.64358
-0.12957 0.15365 0.76668 0.64202
-0.12926 0.15390 0.76799 0.64046
-0.12896 0.15416 0.76929 0.63890
-0.12866 0.15441 0.77059 0.63733
-0.12835 0.15466 0.77189 0.63576
-0.12805 0.15491 0.77318 0.63418
-0.12774 0.15516 0.77447 0.63261
-0.12744 0.15541 0.77576 0.63103
-0.12713 0.15566 0.77704 0.62945
-0.12683 0.15590 0.77832 0.62787
-0.12652 0.15615 0.77960 0.62628
-0.12621 0.15640 0.78087 0.62470
-0.12590 0.15664 0.78214 0.62311
-0.12560 0.15689 0.78340 0.62151
-0.12529 0.15713 0.78467 0.61992
-0.12498 0.15738 0.78593 0.61832
-0.12467 0.15762 0.78718 0.61672
-0.12436 0.15786 0.78843 0.61512
-0.12405 0.15811 0.78968 0.61351
-0.12373 0.15835 0.79093 0.61191
-0.12342 0.15859 0.79217 0.61030
-0.12311 0.15883 0.79341 0.60869
-0.12280 0.15907 0.79465 0.60707
-0.12248 0.15931 0.79588 0.60546
-0.12217 0.15955 0.79711 0.60384
-0.12185 0.15978 0.79833 0.60222
-0.12154 0.16002 0.79955 0.60059
-0.12122 0.16026 0.80077 0.59897
-0.12091 0.16049 0.80199 0.59734
-0.12059 0.16073 0.80320 0.59571
-0.12027 0.16096 0.80441 0.59408
-0.11996 0.16120 0.80561 0.59245
-0.11964 0.16143 0.80681 0.59081
-0.11932 0.16166 0.80801 0.58917
-0.11900 0.16190 0.80920 0.58753
-0.11868 0.16213 0.81039 0.58589
-0.11836 0.16236 0.81158 0.58424
-0.11804 0.16259 0.81276 0.58259
-0.11772 0.16282 0.81394 0.58094
-0.11740 0.16305 0.81512 0.57929
-0.11708 0.16327 0.81629 0.57764
-0.11675 0.16350 0.81746 0.57598
-0.11643 0.16373 0.81863 0.57432
-0.11611 0.16396 0.81979 0.57266
-0.11578 0.16418 0.82095 0.57100
-0.11546 0.16441 0.82210 0.56934
-0.11514 0.16463 0.82326 0.56767
-0.11481 0.16485 0.82440 0.56600
-0.11448 0.16508 0.82555 0.56433
-0.11416 0.16530 0.82669 0.56266
-0.11383 0.16552 0.82783 0.56098
-0.11351 0.16574 0.82896 0.55931
-0.11318 0.16596 0.83009 0.55763
-0.11285 0.16618 0.83122 0.55595
-0.11252 0.16640 0.83234 0.55426
-0.11219 0.16662 0.83346 0.55258
-0.11186 0.16684 0.83458 0.55089
-0.11153 0.16706 0.83569 0.54920
-0.11120 0.16727 0.83680 0.54751
-0.11087 0.16749 0.83790 0.54582
-0.11054 0.16770 0.83900 0.54413
-0.11021 0.16792 0.84010 0.54243
-0.10988 0.16813 0.84120 0.54073
-0.10955 0.16834 0.84229 0.53903
-0.10921 0.16856 0.84337 0.53733
-0.10888 0.16877 0.84446 0.53563
-0.10855 0.16898 0.84554 0.53392
-0.10821 0.16919 0.84661 0.53221
-0.10788 0.16940 0.84768 0.53050
-0.10754 0.16961 0.84875 0.52879
-0.10721 0.16982 0.84982 0.52708
-0.10687 0.17003 0.85088 0.52536
-0.10653 0.17023 0.85194 0.52364
-0.10620 0.17044 0.85299 0.52193
-0.10586 0.17065 0.85404 0.52021
-0.10552 0.17085 0.85509 0.51848
-0.10518 0.17106 0.85613 0.51676
-0.10485 0.17126 0.85717 0.51503
-0.10451 0.17146 0.85821 0.51331
-0.10417 0.17167 0.85924 0.51158
-0.10383 0.17187 0.86027 0.50985
-0.10349 0.17207 0.86129 0.50811
-0.10315 0.17227 0.86231 0.50638
-0.10281 0.17247 0.86333 0.50464
-0.10246 0.17267 0.86434 0.50290
-0.10212 0.17287 0.86535 0.50116
-0.10178 0.17306 0.86636 0.49942
-0.10144 0.17326 0.86736 0.49768
-0.10109 0.17346 0.86836 0.49594
-0.10075 0.17365 0.86935 0.49419
-0.10041 0.17385 0.87035 0.49244
-0.10006 0.17404 0.87133 0.49069
-0.09972 0.17424 0.87232 0.48894
-0.09937 0.17443 0.87330 0.48719
-0.09903 0.17462 0.87427 0.48543
-0.09868 0.17481 0.87525 0.48368
-0.09833 0.17500 0.87622 0.48192
-0.09799 0.17519 0.87718 0.48016
-0.09764 0.17538 0.87814 0.47840
-0.09729 0.17557 0.87910 0.47664
-0.09694 0.17576 0.88005 0.47487
-0.09660 0.17595 0.88100 0.47311
-0.09625 0.17614 0.88195 0.47134
-0.09590 0.17632 0.88289 0.46957
-0.09555 0.17651 0.88383 0.46781
-0.09520 0.17669 0.88477 0.46603
-0.09485 0.17688 0.88570 0.46426
-0.09450 0.17706 0.88663 0.46249
-0.09415 0.17724 0.88755 0.46071
-0.09379 0.17742 0.88847 0.45893
-0.09344 0.17761 0.88939 0.45716
-0.09309 0.17779 0.89030 0.45538
-0.09274 0.17797 0.89121 0.45360
-0.09238 0.17815 0.89211 0.45181
-0.09203 0.17832 0.89301 0.45003
-0.09168 0.17850 0.89391 0.44824
-0.09132 0.17868 0.89481 0.44646
-0.09097 0.17886 0.89570 0.44467
-0.09061 0.17903 0.89658 0.44288
-0.09026 0.17921 0.89746 0.44109
-0.08990 0.17938 0.89834 0.43929
-0.08955 0.17955 0.89922 0.43750
-0.08919 0.17973 0.90009 0.43571
-0.08883 0.17990 0.90096 0.43391
-0.08848 0.18007 0.90182 0.43211
-0.08812 0.18024 0.90268 0.43031
-0.08776 0.18041 0.90354 0.42851
-0.08740 0.18058 0.90439 0.42671
-0.08704 0.18075 0.90524 0.42491
-0.08668 0.18092 0.90608 0.42311
-0.08633 0.18109 0.90692 0.42130
-0.08597 0.18125 0.90776 0.41949
-0.08561 0.18142 0.90859 0.41769
-0.08525 0.18158 0.90942 0.41588
-0.08488 0.18175 0.91025 0.41407
-0.08452 0.18191 0.91107 0.41226
-0.08416 0.18208 0.91189 0.41044
-0.08380 0.18224 0.91270 0.40863
-0.08344 0.18240 0.91351 0.40681
-0.08308 0.18256 0.91432 0.40500
-0.08271 0.18272 0.91512 0.40318
-0.08235 0.18288 0.91592 0.40136
-0.08199 0.18304 0.91671 0.39954
-0.08162 0.18320 0.91751 0.39772
-0.08126 0.18335 0.91829 0.39590
-0.08089 0.18351 0.91908 0.39408
-0.08053 0.18367 0.91986 0.39225
-0.08016 0.18382 0.92063 0.39043
-0.07980 0.18398 0.92141 0.38860
-0.07943 0.18413 0.92217 0.38677
-0.07907 0.18428 0.92294 0.38495
-0.07870 0.18444 0.92370 0.38312
-0.07833 0.18459 0.92446 0.38129
-0.07797 0.18474 0.92521 0.37945
-0.07760 0.18489 0.92596 0.37762
-0.07723 0.18504 0.92671 0.37579
-0.07686 0.18519 0.92745 0.37395
-0.07650 0.18534 0.92819 0.37212
-0.07613 0.18548 0.92892 0.37028
-0.07576 0.18563 0.92965 0.36844
-0.07539 0.18578 0.93038 0.36660
-0.07502 0.18592 0.93110 0.36476
-0.07465 0.18607 0.93182 0.36292
-0.07428 0.18621 0.93253 0.36108
-0.07391 0.18635 0.93325 0.35924
-0.07354 0.18649 0.93395 0.35739
-0.07317 0.18664 0.93466 0.35555
-0.07279 0.18678 0.93536 0.35370
-0.07242 0.18692 0.93605 0.35186
-0.07205 0.18706 0.93675 0.35001
-0.07168 0.18720 0.93743 0.34816
-0.07131 0.18733 0.93812 0.34631
-0.07093 0.18747 0.93880 0.34446
-0.07056 0.18761 0.93948 0.34261
-0.07019 0.18774 0.94015 0.34076
-0.06981 0.18788 0.94082 0.33891
-0.06944 0.18801 0.94149 0.33705
-0.06906 0.18815 0.94215 0.33520
-0.06869 0.18828 0.94281 0.33334
-0.06831 0.18841 0.94346 0.33149
-0.06794 0.18854 0.94411 0.32963
-0.06756 0.18867 0.94476 0.32777
-0.06719 0.18880 0.94540 0.32591
-0.06681 0.18893 0.94604 0.32405
-0.06644 0.18906 0.94667 0.32219
-0.06606 0.18919 0.94731 0.32033
-0.06568 0.18932 0.94793 0.31847
-0.06531 0.18944 0.94856 0.31661
-0.06493 0.18957 0.94918 0.31474
-0.06455 0.18969 0.94979 0.31288
-0.06417 0.18982 0.95041 0.31101
-0.06379 0.18994 0.95101 0.30915
-0.06342 0.19006 0.95162 0.30728
-0.06304 0.19018 0.95222 0.30541
-0.06266 0.19031 0.95282 0.30355
-0.06228 0.19043 0.95341 0.30168
-0.06190 0.19055 0.95400 0.29981
-0.06152 0.19066 0.95459 0.29794
-0.06114 0.19078 0.95517 0.29607
-0.06076 0.19090 0.95575 0.29419
-0.06038 0.19102 0.95632 0.29232
-0.06000 0.19113 0.95689 0.29045
-0.05962 0.19125 0.95746 0.28857
-0.05924 0.19136 0.95802 0.28670
-0.05885 0.19148 0.95858 0.28482
-0.05847 0.19159 0.95914 0.28295
-0.05809 0.19170 0.95969 0.28107
-0.05771 0.19181 0.96023 0.27919
-0.05733 0.19192 0.96078 0.27732
-0.05694 0.19203 0.96132 0.27544
-0.05656 0.19214 0.96186 0.27356
-0.05618 0.19225 0.96239 0.27168
-0.05579 0.19236 0.96292 0.26980
-0.05541 0.19247 0.96344 0.26792
-0.05503 0.19257 0.96396 0.26604
-0.05464 0.19268 0.96448 0.26415
-0.05426 0.19278 0.96499 0.26227
-0.05387 0.19289 0.96550 0.26039
-0.05349 0.19299 0.96601 0.25850
-0.05310 0.19309 0.96651 0.25662
-0.05272 0.19320 0.96701 0.25473
-0.05233 0.19330 0.96751 0.25285
-0.05195 0.19340 0.96800 0.25096
-0.05156 0.19350 0.96848 0.24907
-0.05118 0.19360 0.96897 0.24719
-0.05079 0.19369 0.96945 0.24530
-0.05040 0.19379 0.96992 0.24341
-0.05002 0.19389 0.97040 0.24152
-0.04963 0.19398 0.97086 0.23963
-0.04924 0.19408 0.97133 0.23774
-0.04885 0.19417 0.97179 0.23585
-0.04847 0.19427 0.97225 0.23396
-0.04808 0.19436 0.97270 0.23207
-0.04769 0.19445 0.97315 0.23017
-0.04730 0.19454 0.97360 0.22828
-0.04691 0.19463 0.97404 0.22639
-0.04653 0.19472 0.97448 0.22449
-0.04614 0.19481 0.97491 0.22260
-0.04575 0.19490 0.97534 0.22070
-0.04536 0.19499 0.97577 0.21881
-0.04497 0.19508 0.97619 0.21691
-0.04458 0.19516 0.97661 0.21502
-0.04419 0.19525 0.97703 0.21312
-0.04380 0.19533 0.97744 0.21122
-0.04341 0.19542 0.97785 0.20933
-0.04302 0.19550 0.97825 0.20743
-0.04263 0.19558 0.97865 0.20553
-0.04224 0.19566 0.97905 0.20363
-0.04185 0.19574 0.97944 0.20173
-0.04146 0.19582 0.97983 0.19983
-0.04107 0.19590 0.98022 0.19793
-0.04068 0.19598 0.98060 0.19603
-0.04029 0.19606 0.98098 0.19413
-0.03989 0.19614 0.98135 0.19223
-0.03950 0.19621 0.98172 0.19033
-0.03911 0.19629 0.98209 0.18843
-0.03872 0.19636 0.98245 0.18652
-0.03833 0.19644 0.98281 0.18462
-0.03793 0.19651 0.98317 0.18272
-0.03754 0.19658 0.98352 0.18081
-0.03715 0.19666 0.98387 0.17891
-0.03676 0.19673 0.98421 0.17701
-0.03636 0.19680 0.98455 0.17510
-0.03597 0.19687 0.98489 0.17320
-0.03558 0.19694 0.98522 0.17129
-0.03518 0.19700 0.98555 0.16939
-0.03479 0.19707 0.98588 0.16748
-0.03439 0.19714 0.98620 0.16557
-0.03400 0.19720 0.98652 0.16367
-0.03361 0.19727 0.98683 0.16176
-0.03321 0.19733 0.98714 0.15985
-0.03282 0.19740 0.98745 0.15794
-0.03242 0.19746 0.98775 0.15604
-0.03203 0.19752 0.98805 0.15413
-0.03163 0.19758 0.98835 0.15222
-0.03124 0.19764 0.98864 0.15031
-0.03085 0.19770 0.98893 0.14840
-0.03045 0.19776 0.98921 0.14649
-0.03005 0.19782 0.98949 0.14458
-0.02966 0.19788 0.98977 0.14267
-0.02926 0.19793 0.99004 0.14076
-0.02887 0.19799 0.99031 0.13885
-0.02847 0.19804 0.99058 0.13694
-0.02808 0.19810 0.99084 0.13503
-0.02768 0.19815 0.99110 0.13312
-0.02728 0.19820 0.99136 0.13121
-0.02689 0.19826 0.99161 0.12929
-0.02649 0.19831 0.99185 0.12738
-0.02610 0.19836 0.99210 0.12547
-0.02570 0.19841 0.99234 0.12356
-0.02530 0.19846 0.99257 0.12165
-0.02491 0.19850 0.99281 0.11973
-0.02451 0.19855 0.99304 0.11782
-0.02411 0.19860 0.99326 0.11591
-0.02372 0.19864 0.99348 0.11399
-0.02332 0.19869 0.99370 0.11208
-0.02292 0.19873 0.99391 0.11016
-0.02252 0.19878 0.99412 0.10825
-0.02213 0.19882 0.99433 0.10633
-0.02173 0.19886 0.99453 0.10442
-0.02133 0.19890 0.99473 0.10251
-0.02093 0.19895 0.99493 0.10059
-0.02054 0.19898 0.99512 0.09867
-0.02014 0.19902 0.99531 0.09676
-0.01974 0.19906 0.99549 0.09484
-0.01934 0.19910 0.99567 0.09293
-0.01894 0.19914 0.99585 0.09101
-0.01855 0.19917 0.99602 0.08910
-0.01815 0.19921 0.99619 0.08718
-0.01775 0.19924 0.99636 0.08526
-0.01735 0.19928 0.99652 0.08335
-0.01695 0.19931 0.99668 0.08143
-0.01655 0.19934 0.99683 0.07951
-0.01616 0.19937 0.99698 0.07760
-0.01576 0.19940 0.99713 0.07568
-0.01536 0.19943 0.99728 0.07376
-0.01496 0.19946 0.99742 0.07184
-0.01456 0.19949 0.99755 0.06993
-0.01416 0.19952 0.99768 0.06801
-0.01376 0.19954 0.99781 0.06609
-0.01336 0.19957 0.99794 0.06417
-0.01296 0.19960 0.99806 0.06225
-0.01256 0.19962 0.99818 0.06034
-0.01217 0.19964 0.99829 0.05842
-0.01177 0.19967 0.99840 0.05650
-0.01137 0.19969 0.99851 0.05458
-0.01097 0.19971 0.99861 0.05266
-0.01057 0.19973 0.99871 0.05074
-0.01017 0.19975 0.99881 0.04882
-0.00977 0.19977 0.99890 0.04690
-0.00937 0.19979 0.99899 0.04499
-0.00897 0.19981 0.99907 0.04307
-0.00857 0.19982 0.99915 0.04115
-0.00817 0.19984 0.99923 0.03923
-0.00777 0.19985 0.99930 0.03731
-0.00737 0.19987 0.99937 0.03539
-0.00697 0.19988 0.99944 0.03347
-0.00657 0.19990 0.99950 0.03155
-0.00617 0.19991 0.99956 0.02963
-0.00577 0.19992 0.99962 0.02771
-0.00537 0.19993 0.99967 0.02579
-0.00497 0.19994 0.99972 0.02387
-0.00457 0.19995 0.99976 0.02195
-0.00417 0.19996 0.99980 0.02003
-0.00377 0.19997 0.99984 0.01811
-0.00337 0.19997 0.99987 0.01619
-0.00297 0.19998 0.99990 0.01427
-0.00257 0.19998 0.99992 0.01235
-0.00217 0.19999 0.99995 0.01043
-0.00177 0.19999 0.99996 0.00851
-0.00137 0.20000 0.99998 0.00659
-0.00097 0.20000 0.99999 0.00467
-0.00057 0.20000 1.00000 0.00275
-0.00017 0.20000 1.00000 0.00083
0.00023 0.20000 1.00000 -0.00109
0.00063 0.20000 1.00000 -0.00301
0.00103 0.20000 0.99999 -0.00493
0.00143 0.20000 0.99998 -0.00685
0.00183 0.19999 0.99996 -0.00877
0.00223 0.19999 0.99994 -0.01069
0.00263 0.19998 0.99992 -0.01261
0.00303 0.19998 0.99989 -0.01453
0.00343 0.19997 0.99986 -0.01645
0.00383 0.19996 0.99983 -0.01837
0.00423 0.19996 0.99979 -0.02029
0.00463 0.19995 0.99975 -0.02221
0.00503 0.19994 0.99971 -0.02413
0.00543 0.19993 0.99966 -0.02605
0.00583 0.19992 0.99961 -0.02797
0.00623 0.19991 0.99955 -0.02988
0.00663 0.19989 0.99949 -0.03180
0.00702 0.19988 0.99943 -0.03372
0.00742 0.19987 0.99936 -0.03564
0.00782 0.19985 0.99929 -0.03756
0.00822 0.19984 0.99922 -0.03948
0.00862 0.19982 0.99914 -0.04140
0.00902 0.19980 0.99906 -0.04332
0.00942 0.19979 0.99898 -0.04524
0.00982 0.19977 0.99889 -0.04716
0.01022 0.19975 0.99879 -0.04908
0.01062 0.19973 0.99870 -0.05100
0.01102 0.19971 0.99860 -0.05291
0.01142 0.19969 0.99850 -0.05483
0.01182 0.19966 0.99839 -0.05675
0.01222 0.19964 0.99828 -0.05867
0.01262 0.19962 0.99816 -0.06059
0.01302 0.19959 0.99804 -0.06251
0.01342 0.19957 0.99792 -0.06443
0.01381 0.19954 0.99780 -0.06634
0.01421 0.19951 0.99767 -0.06826
0.01461 0.19949 0.99753 -0.07018
0.01501 0.19946 0.99740 -0.07210
0.01541 0.19943 0.99726 -0.07401
0.01581 0.19940 0.99711 -0.07593
0.01621 0.19937 0.99697 -0.07785
0.01661 0.19934 0.99681 -0.07977
0.01701 0.19930 0.99666 -0.08168
0.01740 0.19927 0.99650 -0.08360
0.01780 0.19924 0.99634 -0.08552
0.01820 0.19920 0.99617 -0.08743
0.01860 0.19917 0.99600 -0.08935
0.01900 0.19913 0.99583 -0.09126
0.01939 0.19909 0.99565 -0.09318
0.01979 0.19906 0.99547 -0.09510
0.02019 0.19902 0.99528 -0.09701
0.02059 0.19898 0.99509 -0.09893
0.02099 0.19894 0.99490 -0.10084
0.02138 0.19890 0.99471 -0.10276
0.02178 0.19886 0.99451 -0.10467
0.02218 0.19882 0.99430 -0.10659
0.02258 0.19877 0.99410 -0.10850
0.02297 0.19873 0.99389 -0.11042
0.02337 0.19868 0.99367 -0.11233
0.02377 0.19864 0.99345 -0.11424
0.02416 0.19859 0.99323 -0.11616
0.02456 0.19855 0.99301 -0.11807
0.02496 0.19850 0.99278 -0.11998
0.02536 0.19845 0.99254 -0.12190
0.02575 0.19840 0.99231 -0.12381
0.02615 0.19835 0.99207 -0.12572
0.02654 0.19830 0.99182 -0.12764
0.02694 0.19825 0.99157 -0.12955
0.02734 0.19820 0.99132 -0.13146
0.02773 0.19814 0.99107 -0.13337
0.02813 0.19809 0.99081 -0.13528
0.02852 0.19804 0.99054 -0.13719
0.02892 0.19798 0.99028 -0.13910
0.02932 0.19792 0.99001 -0.14101
0.02971 0.19787 0.98973 -0.14292
0.03011 0.19781 0.98946 -0.14483
0.03050 0.19775 0.98917 -0.14674
0.03090 0.19769 0.98889 -0.14865
0.03129 0.19763 0.98860 -0.15056
0.03169 0.19757 0.98831 -0.15247
0.03208 0.19751 0.98801 -0.15438
0.03248 0.19745 0.98771 -0.15629
0.03287 0.19739 0.98741 -0.15820
0.03326 0.19732 0.98710 -0.16010
0.03366 0.19726 0.98679 -0.16201
0.03405 0.19719 0.98647 -0.16392
0.03445 0.19713 0.98616 -0.16582
0.03484 0.19706 0.98583 -0.16773
0.03523 0.19699 0.98551 -0.16964
0.03563 0.19693 0.98518 -0.17154
0.03602 0.19686 0.98484 -0.17345
0.03641 0.19679 0.98451 -0.17535
0.03681 0.19672 0.98416 -0.17726
0.03720 0.19665 0.98382 -0.17916
0.03759 0.19657 0.98347 -0.18107
0.03799 0.19650 0.98312 -0.18297
0.03838 0.19643 0.98276 -0.18487
0.03877 0.19635 0.98240 -0.18678
0.03916 0.19628 0.98204 -0.18868
0.03955 0.19620 0.98167 -0.19058
0.03995 0.19613 0.98130 -0.19248
0.04034 0.19605 0.98093 -0.19438
0.04073 0.19597 0.98055 -0.19628
0.04112 0.19589 0.98016 -0.19818
0.04151 0.19581 0.97978 -0.20008
0.04190 0.19573 0.97939 -0.20198
0.04229 0.19565 0.97900 -0.20388
0.04268 0.19557 0.97860 -0.20578
0.04307 0.19549 0.97820 -0.20768
0.04346 0.19540 0.97779 -0.20958
0.04385 0.19532 0.97738 -0.21147
0.04424 0.19524 0.97697 -0.21337
0.04463 0.19515 0.97656 -0.21527
0.04502 0.19506 0.97614 -0.21716
0.04541 0.19498 0.97571 -0.21906
0.04580 0.19489 0.97528 -0.22095
0.04619 0.19480 0.97485 -0.22285
0.04658 0.19471 0.97442 -0.22474
0.04697 0.19462 0.97398 -0.22664
0.04735 0.19453 0.97354 -0.22853
0.04774 0.19444 0.97309 -0.23042
0.04813 0.19435 0.97264 -0.23232
0.04852 0.19425 0.97219 -0.23421
0.04891 0.19416 0.97173 -0.23610
0.04929 0.19407 0.97127 -0.23799
0.04968 0.19397 0.97080 -0.23988
0.05007 0.19388 0.97033 -0.24177
0.05045 0.19378 0.96986 -0.24366
0.05084 0.19368 0.96938 -0.24555
0.05123 0.19358 0.96890 -0.24743
0.05161 0.19348 0.96842 -0.24932
0.05200 0.19338 0.96793 -0.25121
0.05238 0.19328 0.96744 -0.25310
0.05277 0.19318 0.96695 -0.25498
0.05315 0.19308 0.96645 -0.25687
0.05354 0.19298 0.96594 -0.25875
0.05392 0.19287 0.96544 -0.26064
0.05431 0.19277 0.96493 -0.26252
0.05469 0.19266 0.96441 -0.26440
0.05508 0.19256 0.96389 -0.26628
0.05546 0.19245 0.96337 -0.26817
0.05584 0.19235 0.96285 -0.27005
0.05623 0.19224 0.96232 -0.27193
0.05661 0.19213 0.96178 -0.27381
0.05699 0.19202 0.96125 -0.27569
0.05738 0.19191 0.96071 -0.27756
0.05776 0.19180 0.96016 -0.27944
0.05814 0.19169 0.95961 -0.28132
0.05852 0.19157 0.95906 -0.28320
0.05890 0.19146 0.95851 -0.28507
0.05929 0.19135 0.95795 -0.28695
0.05967 0.19123 0.95738 -0.28882
0.06005 0.19112 0.95682 -0.29070
0.06043 0.19100 0.95624 -0.29257
0.06081 0.19088 0.95567 -0.29444
0.06119 0.19077 0.95509 -0.29631
0.06157 0.19065 0.95451 -0.29818
0.06195 0.19053 0.95392 -0.30005
0.06233 0.19041 0.95333 -0.30192
0.06271 0.19029 0.95274 -0.30379
0.06309 0.19017 0.95214 -0.30566
0.06347 0.19005 0.95154 -0.30753
0.06384 0.18992 0.95093 -0.30939
0.06422 0.18980 0.95032 -0.31126
0.06460 0.18968 0.94971 -0.31313
0.06498 0.18955 0.94910 -0.31499
0.06536 0.18943 0.94847 -0.31685
0.06573 0.18930 0.94785 -0.31872
0.06611 0.18917 0.94722 -0.32058
0.06649 0.18904 0.94659 -0.32244
0.06686 0.18892 0.94595 -0.32430
0.06724 0.18879 0.94531 -0.32616
0.06761 0.18866 0.94467 -0.32802
0.06799 0.18853 0.94402 -0.32988
0.06836 0.18839 0.94337 -0.33173
0.06874 0.18826 0.94272 -0.33359
0.06911 0.18813 0.94206 -0.33544
0.06949 0.18799 0.94140 -0.33730
0.06986 0.18786 0.94073 -0.33915
0.07024 0.18773 0.94006 -0.34100
0.07061 0.18759 0.93939 -0.34286
0.07098 0.18745 0.93871 -0.34471
0.07136 0.18732 0.93803 -0.34656
0.07173 0.18718 0.93734 -0.34841
0.07210 0.18704 0.93665 -0.35025
0.07247 0.18690 0.93596 -0.35210
0.07284 0.18676 0.93526 -0.35395
0.07322 0.18662 0.93456 -0.35579
0.07359 0.18648 0.93386 -0.35764
0.07396 0.18633 0.93315 -0.35948
0.07433 0.18619 0.93244 -0.36132
0.07470 0.18605 0.93172 -0.36317
0.07507 0.18590 0.93100 -0.36501
0.07544 0.18576 0.93028 -0.36685
0.07581 0.18561 0.92955 -0.36869
0.07618 0.18546 0.92882 -0.37052
0.07654 0.18532 0.92809 -0.37236
0.07691 0.18517 0.92735 -0.37420
0.07728 0.18502 0.92661 -0.37603
0.07765 0.18487 0.92586 -0.37786
0.07802 0.18472 0.92511 -0.37970
0.07838 0.18457 0.92436 -0.38153
0.07875 0.18442 0.92360 -0.38336
0.07912 0.18426 0.92284 -0.38519
0.07948 0.18411 0.92207 -0.38702
0.07985 0.18396 0.92130 -0.38884
0.08021 0.18380 0.92053 -0.39067
0.08058 0.18365 0.91975 -0.39249
0.08094 0.18349 0.91897 -0.39432
0.08131 0.18333 0.91819 -0.39614
0.08167 0.18318 0.91740 -0.39796
0.08203 0.18302 0.91661 -0.39978
0.08240 0.18286 0.91581 -0.40160
0.08276 0.18270 0.91501 -0.40342
0.08312 0.18254 0.91421 -0.40524
0.08349 0.18238 0.91340 -0.40705
0.08385 0.18222 0.91259 -0.40887
0.08421 0.18205 0.91178 -0.41068
0.08457 0.18189 0.91096 -0.41249
0.08493 0.18173 0.91014 -0.41431
0.08529 0.18156 0.90931 -0.41612
0.08565 0.18140 0.90848 -0.41792
0.08601 0.18123 0.90765 -0.41973
0.08637 0.18106 0.90681 -0.42154
0.08673 0.18090 0.90597 -0.42334
0.08709 0.18073 0.90512 -0.42515
0.08745 0.18056 0.90428 -0.42695
0.08781 0.18039 0.90342 -0.42875
0.08817 0.18022 0.90257 -0.43055
0.08852 0.18005 0.90171 -0.43235
0.08888 0.17988 0.90084 -0.43415
0.08924 0.17971 0.89997 -0.43594
0.08959 0.17953 0.89910 -0.43774
0.08995 0.17936 0.89823 -0.43953
0.09030 0.17918 0.89735 -0.44132
0.09066 0.17901 0.89646 -0.44311
0.09102 0.17883 0.89558 -0.44490
0.09137 0.17866 0.89469 -0.44669
0.09172 0.17848 0.89379 -0.44848
0.09208 0.17830 0.89290 -0.45026
0.09243 0.17812 0.89199 -0.45205
0.09278 0.17794 0.89109 -0.45383
0.09314 0.17776 0.89018 -0.45561
0.09349 0.17758 0.88927 -0.45739
0.09384 0.17740 0.88835 -0.45917
0.09419 0.17722 0.88743 -0.46095
0.09454 0.17704 0.88650 -0.46272
0.09489 0.17685 0.88558 -0.46450
0.09524 0.17667 0.88464 -0.46627
0.09559 0.17648 0.88371 -0.46804
0.09594 0.17630 0.88277 -0.46981
0.09629 0.17611 0.88183 -0.47158
0.09664 0.17592 0.88088 -0.47334
0.09699 0.17574 0.87993 -0.47511
0.09734 0.17555 0.87897 -0.47687
0.09769 0.17536 0.87801 -0.47863
0.09803 0.17517 0.87705 -0.48039
0.09838 0.17498 0.87609 -0.48215
0.09873 0.17479 0.87512 -0.48391
0.09907 0.17460 0.87414 -0.48567
0.09942 0.17440 0.87317 -0.48742
0.09976 0.17421 0.87219 -0.48917
0.10011 0.17402 0.87120 -0.49092
0.10045 0.17382 0.87022 -0.49267
0.10080 0.17363 0.86922 -0.49442
0.10114 0.17343 0.86823 -0.49617
0.10148 0.17324 0.86723 -0.49791
0.10183 0.17304 0.86623 -0.49965
0.10217 0.17284 0.86522 -0.50139
0.10251 0.17264 0.86421 -0.50313
0.10285 0.17244 0.86319 -0.50487
0.10319 0.17224 0.86218 -0.50661
0.10353 0.17204 0.86116 -0.50834
0.10387 0.17184 0.86013 -0.51007
0.10421 0.17164 0.85910 -0.51180
0.10455 0.17144 0.85807 -0.51353
0.10489 0.17123 0.85703 -0.51526
0.10523 0.17103 0.85599 -0.51699
0.10557 0.17082 0.85495 -0.51871
0.10590 0.17062 0.85390 -0.52043
0.10624 0.17041 0.85285 -0.52215
0.10658 0.17021 0.85180 -0.52387
0.10691 0.17000 0.85074 -0.52559
0.10725 0.16979 0.84968 -0.52730
0.10759 0.16958 0.84861 -0.52902
0.10792 0.16937 0.84754 -0.53073
0.10826 0.16916 0.84647 -0.53244
0.10859 0.16895 0.84539 -0.53414
0.10892 0.16874 0.84431 -0.53585
0.10926 0.16853 0.84323 -0.53755
0.10959 0.16832 0.84214 -0.53926
0.10992 0.16810 0.84105 -0.54096
0.11025 0.16789 0.83996 -0.54265
0.11059 0.16767 0.83886 -0.54435
0.11092 0.16746 0.83776 -0.54604
0.11125 0.16724 0.83665 -0.54774
0.11158 0.16703 0.83554 -0.54943
0.11191 0.16681 0.83443 -0.55112
0.11224 0.16659 0.83331 -0.55280
0.11256 0.16637 0.83219 -0.55449
0.11289 0.16615 0.83107 -0.55617
0.11322 0.16593 0.82994 -0.55785
0.11355 0.16571 0.82881 -0.55953
0.11388 0.16549 0.82768 -0.56121
0.11420 0.16527 0.82654 -0.56288
0.11453 0.16505 0.82540 -0.56455
0.11485 0.16482 0.82425 -0.56622
0.11518 0.16460 0.82310 -0.56789
0.11550 0.16438 0.82195 -0.56956
0.11583 0.16415 0.82080 -0.57122
0.11615 0.16393 0.81964 -0.57288
0.11647 0.16370 0.81847 -0.57454
0.11680 0.16347 0.81731 -0.57620
0.11712 0.16324 0.81614 -0.57786
0.11744 0.16302 0.81496 -0.57951
0.11776 0.16279 0.81379 -0.58116
0.11808 0.16256 0.81261 -0.58281
0.11840 0.16233 0.81142 -0.58446
0.11872 0.16210 0.81024 -0.58610
0.11904 0.16186 0.80905 -0.58775
0.11936 0.16163 0.80785 -0.58939
0.11968 0.16140 0.80665 -0.59103
0.12000 0.16117 0.80545 -0.59266
0.12032 0.16093 0.80425 -0.59430
0.12063 0.16070 0.80304 -0.59593
0.12095 0.16046 0.80183 -0.59756
0.12126 0.16023 0.80061 -0.59918
0.12158 0.15999 0.79939 -0.60081
0.12189 0.15975 0.79817 -0.60243
0.12221 0.15951 0.79694 -0.60405
0.12252 0.15928 0.79572 -0.60567
0.12284 0.15904 0.79448 -0.60729
0.12315 0.15880 0.79325 -0.60890
0.12346 0.15856 0.79201 -0.61051
0.12377 0.15832 0.79076 -0.61212
0.12409 0.15807 0.78952 -0.61373
0.12440 0.15783 0.78827 -0.61533
0.12471 0.15759 0.78702 -0.61693
0.12502 0.15735 0.78576 -0.61853
0.12533 0.15710 0.78450 -0.62013
0.12564 0.15686 0.78324 -0.62172
0.12594 0.15661 0.78197 -0.62332
0.12625 0.15636 0.78070 -0.62491
0.12656 0.15612 0.77943 -0.62649
0.12687 0.15587 0.77815 -0.62808
0.12717 0.15562 0.77687 -0.62966
0.12748 0.15537 0.77559 -0.63124
0.12779 0.15513 0.77430 -0.63282
0.12809 0.15488 0.77301 -0.63439
0.12839 0.15463 0.77172 -0.63597
0.12870 0.15437 0.77042 -0.63754
0.12900 0.15412 0.76912 -0.63910
0.12930 0.15387 0.76782 -0.64067
0.12961 0.15362 0.76651 -0.64223
0.12991 0.15336 0.76520 -0.64379
0.13021 0.15311 0.76389 -0.64535
0.13051 0.15286 0.76257 -0.64690
0.13081 0.15260 0.76125 -0.64845
0.13111 0.15234 0.75993 -0.65000
0.13141 0.15209 0.75860 -0.65155
0.13171 0.15183 0.75727 -0.65310
0.13201 0.15157 0.75594 -0.65464
0.13230 0.15132 0.75461 -0.65618
0.13260 0.15106 0.75327 -0.65771
0.13290 0.15080 0.75193 -0.65925
0.13319 0.15054 0.75058 -0.66078
0.13349 0.15028 0.74923 -0.66231
0.13378 0.15002 0.74788 -0.66383
0.13408 0.14975 0.74652 -0.66536
0.13437 0.14949 0.74517 -0.66688
0.13467 0.14923 0.74380 -0.66840
0.13496 0.14896 0.74244 -0.66991
0.13525 0.14870 0.74107 -0.67142
0.13554 0.14844 0.73970 -0.67293
0.13583 0.14817 0.73833 -0.67444
0.13612 0.14790 0.73695 -0.67595
0.13641 0.14764 0.73557 -0.67745
0.13670 0.14737 0.73419 -0.67895
0.13699 0.14710 0.73280 -0.68044
0.13728 0.14683 0.73141 -0.68194
0.13757 0.14656 0.73002 -0.68343
0.13786 0.14630 0.72862 -0.68491
0.13814 0.14603 0.72722 -0.68640
0.13843 0.14575 0.72582 -0.68788
0.13871 0.14548 0.72442 -0.68936
0.13900 0.14521 0.72301 -0.69084
0.13928 0.14494 0.72160 -0.69231
0.13957 0.14467 0.72019 -0.69378
0.13985 0.14439 0.71877 -0.69525
0.14013 0.14412 0.71735 -0.69671
0.14042 0.14384 0.71593 -0.69818
0.14070 0.14357 0.71450 -0.69964
0.14098 0.14329 0.71307 -0.70109
0.14126 0.14302 0.71164 -0.70255
0.14154 0.14274 0.71020 -0.70400
0.14182 0.14246 0.70877 -0.70544
0.14210 0.14218 0.70732 -0.70689
0.14238 0.14190 0.70588 -0.70833
0.14266 0.14163 0.70443 -0.70977
0.14293 0.14135 0.70298 -0.71121
0.14321 0.14106 0.70153 -0.71264
0.14349 0.14078 0.70008 -0.71407
0.14376 0.14050 0.69862 -0.71550
0.14404 0.14022 0.69716 -0.71692
0.14431 0.13994 0.69569 -0.71834
0.14458 0.13965 0.69423 -0.71976
0.14486 0.13937 0.69276 -0.72117
0.14513 0.13909 0.69128 -0.72258
0.14540 0.13880 0.68981 -0.72399
0.14567 0.13852 0.68833 -0.72540
0.14594 0.13823 0.68685 -0.72680
0.14621 0.13794 0.68536 -0.72820
0.14648 0.13766 0.68388 -0.72960
0.14675 0.13737 0.68239 -0.73099
0.14702 0.13708 0.68089 -0.73238
0.14729 0.13679 0.67940 -0.73377
0.14756 0.13650 0.67790 -0.73515
0.14782 0.13621 0.67640 -0.73653
0.14809 0.13592 0.67490 -0.73791
0.14836 0.13563 0.67339 -0.73929
0.14862 0.13534 0.67188 -0.74066
0.14888 0.13505 0.67037 -0.74203
0.14915 0.13475 0.66885 -0.74339
0.14941 0.13446 0.66734 -0.74476
0.14967 0.13417 0.66582 -0.74611
0.14994 0.13387 0.66429 -0.74747
0.15020 0.13358 0.66277 -0.74882
0.15046 0.13328 0.66124 -0.75017
0.15072 0.13299 0.65971 -0.75152
0.15098 0.13269 0.65818 -0.75286
0.15124 0.13239 0.65664 -0.75420
0.15150 0.13210 0.65510 -0.75554
0.15175 0.13180 0.65356 -0.75687
0.15201 0.13150 0.65202 -0.75820
0.15227 0.13120 0.65047 -0.75953
0.15252 0.13090 0.64892 -0.76085
0.15278 0.13060 0.64737 -0.76217
0.15303 0.13030 0.64582 -0.76349
0.15329 0.13000 0.64426 -0.76481
0.15354 0.12970 0.64270 -0.76612
0.15379 0.12940 0.64114 -0.76742
0.15405 0.12909 0.63958 -0.76873
0.15430 0.12879 0.63801 -0.77003
0.15455 0.12849 0.63644 -0.77133
0.15480 0.12818 0.63487 -0.77262
0.15505 0.12788 0.63329 -0.77391
0.15530 0.12757 0.63172 -0.77520
0.15555 0.12727 0.63014 -0.77648
0.15580 0.12696 0.62856 -0.77776
0.15604 0.12665 0.62697 -0.77904
0.15629 0.12635 0.62538 -0.78032
0.15654 0.12604 0.62380 -0.78159
0.15678 0.12573 0.62220 -0.78286
0.15703 0.12542 0.62061 -0.78412
0.15727 0.12511 0.61901 -0.78538
0.15752 0.12480 0.61742 -0.78664
0.15776 0.12449 0.61581 -0.78789
0.15800 0.12418 0.61421 -0.78914
0.15824 0.12387 0.61260 -0.79039
0.15848 0.12356 0.61100 -0.79163
0.15872 0.12324 0.60939 -0.79287
0.15896 0.12293 0.60777 -0.79411
0.15920 0.12262 0.60616 -0.79534
0.15944 0.12230 0.60454 -0.79657
0.15968 0.12199 0.60292 -0.79780
0.15992 0.12168 0.60130 -0.79902
0.16015 0.12136 0.59967 -0.80024
0.16039 0.12104 0.59805 -0.80146
0.16063 0.12073 0.59642 -0.80267
0.16086 0.12041 0.59479 -0.80388
0.16110 0.12009 0.59316 -0.80509
0.16133 0.11978 0.59152 -0.80629
0.16156 0.11946 0.58988 -0.80749
0.16179 0.11914 0.58824 -0.80868
0.16203 0.11882 0.58660 -0.80988
0.16226 0.11850 0.58496 -0.81107
0.16249 0.11818 0.58331 -0.81225
0.16272 0.11786 0.58166 -0.81343
0.16295 0.11754 0.58001 -0.81461
0.16318 0.11722 0.57836 -0.81578
0.16340 0.11689 0.57670 -0.81696
0.16363 0.11657 0.57504 -0.81812
0.16386 0.11625 0.57338 -0.81929
0.16408 0.11592 0.57172 -0.82045
0.16431 0.11560 0.57006 -0.82160
0.16453 0.11528 0.56839 -0.82276
0.16476 0.11495 0.56673 -0.82391
0.16498 0.11463 0.56506 -0.82505
0.16520 0.11430 0.56338 -0.82619
0.16543 0.11397 0.56171 -0.82733
0.16565 0.11365 0.56003 -0.82847
0.16587 0.11332 0.55836 -0.82960
0.16609 0.11299 0.55668 -0.83073
0.16631 0.11266 0.55500 -0.83185
0.16653 0.11234 0.55331 -0.83297
0.16674 0.11201 0.55163 -0.83409
0.16696 0.11168 0.54994 -0.83521
0.16718 0.11135 0.54825 -0.83632
0.16739 0.11102 0.54656 -0.83742
0.16761 0.11069 0.54486 -0.83853
0.16782 0.11035 0.54317 -0.83962
0.16804 0.11002 0.54147 -0.84072
0.16825 0.10969 0.53977 -0.84181
0.16846 0.10936 0.53807 -0.84290
0.16868 0.10902 0.53636 -0.84399
0.16889 0.10869 0.53466 -0.84507
0.16910 0.10836 0.53295 -0.84615
0.16931 0.10802 0.53124 -0.84722
0.16952 0.10769 0.52953 -0.84829
0.16973 0.10735 0.52782 -0.84936
0.16994 0.10702 0.52611 -0.85042
0.17014 0.10668 0.52439 -0.85148
0.17035 0.10634 0.52267 -0.85253
0.17056 0.10601 0.52095 -0.85359
0.17076 0.10567 0.51923 -0.85463
0.17097 0.10533 0.51751 -0.85568
0.17117 0.10499 0.51578 -0.85672
0.17137 0.10465 0.51406 -0.85776
0.17158 0.10431 0.51233 -0.85879
0.17178 0.10397 0.51060 -0.85982
0.17198 0.10363 0.50886 -0.86085
0.17218 0.10329 0.50713 -0.86187
0.17238 0.10295 0.50540 -0.86289
0.17258 0.10261 0.50366 -0.86390
0.17278 0.10227 0.50192 -0.86491
0.17298 0.10193 0.50018 -0.86592
0.17318 0.10159 0.49844 -0.86693
0.17337 0.10124 0.49669 -0.86793
0.17357 0.10090 0.49495 -0.86892
0.17376 0.10056 0.49320 -0.86992
0.17396 0.10021 0.49145 -0.87091
0.17415 0.09987 0.48970 -0.87189
0.17435 0.09952 0.48795 -0.87287
0.17454 0.09918 0.48619 -0.87385
0.17473 0.09883 0.48444 -0.87482
0.17492 0.09848 0.48268 -0.87580
0.17511 0.09814 0.48092 -0.87676
0.17530 0.09779 0.47916 -0.87773
0.17549 0.09744 0.47740 -0.87868
0.17568 0.09710 0.47564 -0.87964
0.17587 0.09675 0.47388 -0.88059
0.17606 0.09640 0.47211 -0.88154
0.17624 0.09605 0.47034 -0.88248
0.17643 0.09570 0.46857 -0.88342
0.17661 0.09535 0.46680 -0.88436
0.17680 0.09500 0.46503 -0.88529
0.17698 0.09465 0.46326 -0.88622
0.17716 0.09430 0.46148 -0.88715
0.17735 0.09395 0.45971 -0.88807
0.17753 0.09360 0.45793 -0.88899
0.17771 0.09324 0.45615 -0.88990
0.17789 0.09289 0.45437 -0.89081
0.17807 0.09254 0.45259 -0.89172
0.17825 0.09218 0.45080 -0.89262
0.17843 0.09183 0.44902 -0.89352
0.17860 0.09148 0.44723 -0.89442
0.17878 0.09112 0.44544 -0.89531
0.17896 0.09077 0.44365 -0.89620
0.17913 0.09041 0.44186 -0.89708
0.17931 0.09006 0.44007 -0.89796
0.17948 0.08970 0.43828 -0.89884
0.17965 0.08934 0.43649 -0.89971
0.17983 0.08899 0.43469 -0.90058
0.18000 0.08863 0.43289 -0.90145
0.18017 0.08827 0.43109 -0.90231
0.18034 0.08792 0.42929 -0.90316
0.18051 0.08756 0.42749 -0.90402
0.18068 0.08720 0.42569 -0.90487
0.18085 0.08684 0.42389 -0.90571
0.18101 0.08648 0.42208 -0.90656
0.18118 0.08612 0.42028 -0.90740
0.18135 0.08576 0.41847 -0.90823
0.18151 0.08540 0.41666 -0.90906
0.18168 0.08504 0.41485 -0.90989
0.18184 0.08468 0.41304 -0.91071
0.18200 0.08432 0.41123 -0.91153
0.18217 0.08396 0.40942 -0.91235
0.18233 0.08360 0.40760 -0.91316
0.18249 0.08323 0.40579 -0.91397
0.18265 0.08287 0.40397 -0.91477
0.18281 0.08251 0.40215 -0.91557
0.18297 0.08214 0.40033 -0.91637
0.18313 0.08178 0.39851 -0.91716
0.18329 0.08142 0.39669 -0.91795
0.18344 0.08105 0.39487 -0.91874
0.18360 0.08069 0.39304 -0.91952
0.18376 0.08032 0.39122 -0.92030
0.18391 0.07996 0.38939 -0.92107
0.18406 0.07959 0.38757 -0.92184
0.18422 0.07923 0.38574 -0.92261
0.18437 0.07886 0.38391 -0.92337
0.18452 0.07849 0.38208 -0.92413
0.18467 0.07813 0.38025 -0.92488
0.18482 0.07776 0.37842 -0.92564
0.18497 0.07739 0.37658 -0.92638
0.18512 0.07702 0.37475 -0.92713
0.18527 0.07666 0.37291 -0.92787
0.18542 0.07629 0.37108 -0.92860
0.18557 0.07592 0.36924 -0.92933
0.18571 0.07555 0.36740 -0.93006
0.18586 0.07518 0.36556 -0.93079
0.18600 0.07481 0.36372 -0.93151
0.18615 0.07444 0.36188 -0.93222
0.18629 0.07407 0.36004 -0.93294
0.18643 0.07370 0.35820 -0.93365
0.18658 0.07333 0.35635 -0.93435
0.18672 0.07296 0.35451 -0.93505
0.18686 0.07258 0.35266 -0.93575
0.18700 0.07221 0.35081 -0.93645
0.18714 0.07184 0.34896 -0.93714
0.18727 0.07147 0.34712 -0.93782
0.18741 0.07110 0.34527 -0.93850
0.18755 0.07072 0.34342 -0.93918
0.18768 0.07035 0.34156 -0.93986
0.18782 0.06998 0.33971 -0.94053
0.18795 0.06960 0.33786 -0.94120
0.18809 0.06923 0.33600 -0.94186
0.18822 0.06885 0.33415 -0.94252
0.18835 0.06848 0.33229 -0.94318
0.18849 0.06810 0.33044 -0.94383
0.18862 0.06773 0.32858 -0.94448
0.18875 0.06735 0.32672 -0.94512
0.18888 0.06698 0.32486 -0.94576
0.18901 0.06660 0.32300 -0.94640
0.18913 0.06622 0.32114 -0.94703
0.18926 0.06585 0.31928 -0.94766
0.18939 0.06547 0.31742 -0.94829
0.18951 0.06509 0.31555 -0.94891
0.18964 0.06471 0.31369 -0.94953
0.18976 0.06434 0.31182 -0.95014
0.18989 0.06396 0.30996 -0.95075
0.19001 0.06358 0.30809 -0.95136
0.19013 0.06320 0.30622 -0.95196
0.19025 0.06282 0.30436 -0.95256
0.19037 0.06244 0.30249 -0.95315
0.19049 0.06206 0.30062 -0.95374
0.19061 0.06168 0.29875 -0.95433
0.19073 0.06130 0.29688 -0.95492
0.19085 0.06092 0.29501 -0.95550
0.19097 0.06054 0.29313 -0.95607
0.19108 0.06016 0.29126 -0.95664
0.19120 0.05978 0.28939 -0.95721
0.19131 0.05940 0.28751 -0.95778
0.19143 0.05902 0.28564 -0.95834
0.19154 0.05864 0.28376 -0.95889
0.19165 0.05826 0.28189 -0.95945
0.19176 0.05787 0.28001 -0.96000
0.19188 0.05749 0.27813 -0.96054
0.19199 0.05711 0.27625 -0.96109
0.19210 0.05673 0.27437 -0.96162
0.19220 0.05634 0.27249 -0.96216
0.19231 0.05596 0.27061 -0.96269
0.19242 0.05558 0.26873 -0.96321
0.19253 0.05519 0.26685 -0.96374
0.19263 0.05481 0.26497 -0.96426
0.19274 0.05442 0.26309 -0.96477
0.19284 0.05404 0.26120 -0.96528
0.19295 0.05366 0.25932 -0.96579
0.19305 0.05327 0.25744 -0.96630
0.19315 0.05289 0.25555 -0.96680
0.19325 0.05250 0.25366 -0.96729
0.19335 0.05211 0.25178 -0.96778
0.19345 0.05173 0.24989 -0.96827
0.19355 0.05134 0.24800 -0.96876
0.19365 0.05096 0.24612 -0.96924
0.19375 0.05057 0.24423 -0.96972
0.19385 0.05018 0.24234 -0.97019
0.19394 0.04980 0.24045 -0.97066
0.19404 0.04941 0.23856 -0.97113
0.19413 0.04902 0.23667 -0.97159
0.19423 0.04864 0.23478 -0.97205
0.19432 0.04825 0.23289 -0.97250
0.19441 0.04786 0.23099 -0.97296
0.19450 0.04747 0.22910 -0.97340
0.19459 0.04708 0.22721 -0.97385
0.19468 0.04669 0.22532 -0.97429
0.19477 0.04631 0.22342 -0.97472
0.19486 0.04592 0.22153 -0.97515
0.19495 0.04553 0.21963 -0.97558
0.19504 0.04514 0.21774 -0.97601
0.19512 0.04475 0.21584 -0.97643
0.19521 0.04436 0.21394 -0.97685
0.19530 0.04397 0.21205 -0.97726
0.19538 0.04358 0.21015 -0.97767
0.19546 0.04319 0.20825 -0.97808
0.19555 0.04280 0.20635 -0.97848
0.19563 0.04241 0.20446 -0.97888
0.19571 0.04202 0.20256 -0.97927
0.19579 0.04163 0.20066 -0.97966
0.19587 0.04124 0.19876 -0.98005
0.19595 0.04085 0.19686 -0.98043
0.19603 0.04045 0.19496 -0.98081
0.19610 0.04006 0.19305 -0.98119
0.19618 0.03967 0.19115 -0.98156
0.19626 0.03928 0.18925 -0.98193
0.19633 0.03889 0.18735 -0.98229
0.19641 0.03850 0.18545 -0.98265
0.19648 0.03810 0.18354 -0.98301
0.19655 0.03771 0.18164 -0.98337
0.19662 0.03732 0.17974 -0.98371
0.19670 0.03693 0.17783 -0.98406
0.19677 0.03653 0.17593 -0.98440
0.19684 0.03614 0.17402 -0.98474
0.19691 0.03575 0.17212 -0.98508
0.19697 0.03535 0.17021 -0.98541
0.19704 0.03496 0.16831 -0.98573
0.19711 0.03457 0.16640 -0.98606
0.19717 0.03417 0.16449 -0.98638
0.19724 0.03378 0.16259 -0.98669
0.19730 0.03338 0.16068 -0.98701
0.19737 0.03299 0.15877 -0.98732
0.19743 0.03260 0.15686 -0.98762
0.19749 0.03220 0.15496 -0.98792
0.19755 0.03181 0.15305 -0.98822
0.19762 0.03141 0.15114 -0.98851
0.19768 0.03102 0.14923 -0.98880
0.19773 0.03062 0.14732 -0.98909
0.19779 0.03023 0.14541 -0.98937
0.19785 0.02983 0.14350 -0.98965
0.19791 0.02944 0.14159 -0.98993
0.19796 0.02904 0.13968 -0.99020
0.19802 0.02864 0.13777 -0.99046
0.19807 0.02825 0.13586 -0.99073
0.19813 0.02785 0.13395 -0.99099
0.19818 0.02746 0.13204 -0.99124
0.19823 0.02706 0.13012 -0.99150
0.19829 0.02666 0.12821 -0.99175
0.19834 0.02627 0.12630 -0.99199
0.19839 0.02587 0.12439 -0.99223
0.19844 0.02547 0.12248 -0.99247
0.19848 0.02508 0.12056 -0.99271
0.19853 0.02468 0.11865 -0.99294
0.19858 0.02428 0.11674 -0.99316
0.19862 0.02389 0.11482 -0.99339
0.19867 0.02349 0.11291 -0.99361
0.19872 0.02309 0.11099 -0.99382
0.19876 0.02270 0.10908 -0.99403
0.19880 0.02230 0.10717 -0.99424
0.19884 0.02190 0.10525 -0.99445
0.19889 0.02150 0.10334 -0.99465
0.19893 0.02111 0.10142 -0.99484
0.19897 0.02071 0.09951 -0.99504
0.19901 0.02031 0.09759 -0.99523
0.19905 0.01991 0.09567 -0.99541
0.19908 0.01951 0.09376 -0.99559
0.19912 0.01912 0.09184 -0.99577
0.19916 0.01872 0.08993 -0.99595
0.19919 0.01832 0.08801 -0.99612
0.19923 0.01792 0.08609 -0.99629
0.19926 0.01752 0.08418 -0.99645
0.19929 0.01713 0.08226 -0.99661
0.19933 0.01673 0.08034 -0.99677
0.19936 0.01633 0.07843 -0.99692
0.19939 0.01593 0.07651 -0.99707
0.19942 0.01553 0.07459 -0.99721
0.19945 0.01513 0.07268 -0.99736
0.19948 0.01473 0.07076 -0.99749
0.19951 0.01433 0.06884 -0.99763
0.19953 0.01394 0.06692 -0.99776
0.19956 0.01354 0.06500 -0.99789
0.19959 0.01314 0.06309 -0.99801
0.19961 0.01274 0.06117 -0.99813
0.19963 0.01234 0.05925 -0.99824
0.19966 0.01194 0.05733 -0.99836
0.19968 0.01154 0.05541 -0.99846
0.19970 0.01114 0.05349 -0.99857
0.19972 0.01074 0.05158 -0.99867
0.19974 0.01034 0.04966 -0.99877
0.19976 0.00994 0.04774 -0.99886
0.19978 0.00954 0.04582 -0.99895
0.19980 0.00914 0.04390 -0.99904
0.19982 0.00874 0.04198 -0.99912
0.19983 0.00834 0.04006 -0.99920
0.19985 0.00794 0.03814 -0.99927
0.19986 0.00755 0.03622 -0.99934
0.19988 0.00715 0.03430 -0.99941
0.19989 0.00675 0.03238 -0.99948
0.19990 0.00635 0.03046 -0.99954
0.19992 0.00595 0.02854 -0.99959
0.19993 0.00555 0.02662 -0.99965
0.19994 0.00515 0.02471 -0.99969
0.19995 0.00475 0.02279 -0.99974
0.19995 0.00435 0.02087 -0.99978
0.19996 0.00395 0.01895 -0.99982
0.19997 0.00355 0.01703 -0.99986
0.19998 0.00315 0.01511 -0.99989
0.19998 0.00275 0.01319 -0.99991
0.19999 0.00235 0.01127 -0.99994
0.19999 0.00195 0.00935 -0.99996
0.19999 0.00155 0.00743 -0.99997
0.20000 0.00115 0.00551 -0.99998
0.20000 0.00075 0.00359 -0.99999
0.20000 0.00035 0.00167 -1.00000
0.20000 -0.00005 -0.00025 -1.00000
