-0.65000 0.00000 0.00000 1.00000
-0.65000 0.00130 0.00116 1.00000
-0.65000 0.00260 0.00231 1.00000
-0.64999 0.00390 0.00347 0.99999
-0.64999 0.00520 0.00462 0.99999
-0.64998 0.00650 0.00578 0.99998
-0.64997 0.00780 0.00693 0.99998
-0.64996 0.00910 0.00809 0.99997
-0.64995 0.01040 0.00924 0.99996
-0.64994 0.01170 0.01040 0.99995
-0.64992 0.01300 0.01155 0.99993
-0.64991 0.01430 0.01271 0.99992
-0.64989 0.01560 0.01387 0.99990
-0.64987 0.01690 0.01502 0.99989
-0.64985 0.01820 0.01618 0.99987
-0.64983 0.01950 0.01734 0.99985
-0.64981 0.02079 0.01849 0.99983
-0.64978 0.02209 0.01965 0.99981
-0.64976 0.02339 0.02081 0.99978
-0.64973 0.02469 0.02197 0.99976
-0.64970 0.02599 0.02313 0.99973
-0.64967 0.02729 0.02429 0.99971
-0.64964 0.02859 0.02545 0.99968
-0.64960 0.02989 0.02661 0.99965
-0.64957 0.03118 0.02777 0.99961
-0.64953 0.03248 0.02893 0.99958
-0.64949 0.03378 0.03009 0.99955
-0.64945 0.03508 0.03125 0.99951
-0.64941 0.03637 0.03241 0.99947
-0.64937 0.03767 0.03358 0.99944
-0.64932 0.03897 0.03474 0.99940
-0.64928 0.04026 0.03591 0.99936
-0.64923 0.04156 0.03707 0.99931
-0.64918 0.04286 0.03824 0.99927
-0.64913 0.04415 0.03940 0.99922
-0.64908 0.04545 0.04057 0.99918
-0.64903 0.04674 0.04174 0.99913
-0.64897 0.04804 0.04291 0.99908
-0.64892 0.04933 0.04407 0.99903
-0.64886 0.05063 0.04524 0.99898
-0.64880 0.05192 0.04642 0.99892
-0.64874 0.05322 0.04759 0.99887
-0.64867 0.05451 0.04876 0.99881
-0.64861 0.05580 0.04993 0.99875
-0.64855 0.05710 0.05111 0.99869
-0.64848 0.05839 0.05228 0.99863
-0.64841 0.05968 0.05346 0.99857
-0.64834 0.06097 0.05463 0.99851
-0.64827 0.06226 0.05581 0.99844
-0.64820 0.06356 0.05699 0.99837
-0.64812 0.06485 0.05817 0.99831
-0.64805 0.06614 0.05935 0.99824
-0.64797 0.06743 0.06053 0.99817
-0.64789 0.06872 0.06172 0.99809
-0.64781 0.07001 0.06290 0.99802
-0.64773 0.07130 0.06408 0.99794
-0.64764 0.07258 0.06527 0.99787
-0.64756 0.07387 0.06646 0.99779
-0.64747 0.07516 0.06765 0.99771
-0.64738 0.07645 0.06884 0.99763
-0.64729 0.07773 0.07003 0.99755
-0.64720 0.07902 0.07122 0.99746
-0.64711 0.08031 0.07241 0.99737
-0.64702 0.08159 0.07361 0.99729
-0.64692 0.08288 0.07480 0.99720
-0.64682 0.08416 0.07600 0.99711
-0.64672 0.08545 0.07720 0.99702
-0.64662 0.08673 0.07840 0.99692
-0.64652 0.08801 0.07960 0.99683
-0.64642 0.08930 0.08080 0.99673
-0.64631 0.09058 0.08200 0.99663
-0.64621 0.09186 0.08321 0.99653
-0.64610 0.09314 0.08441 0.99643
-0.64599 0.09442 0.08562 0.99633
-0.64588 0.09570 0.08683 0.99622
-0.64577 0.09698 0.08804 0.99612
-0.64565 0.09826 0.08925 0.99601
-0.64554 0.09954 0.09047 0.99590
-0.64542 0.10082 0.09168 0.99579
-0.64530 0.10210 0.09290 0.99568
-0.64518 0.10337 0.09412 0.99556
-0.64506 0.10465 0.09534 0.99544
-0.64494 0.10592 0.09656 0.99533
-0.64481 0.10720 0.09778 0.99521
-0.64469 0.10847 0.09901 0.99509
-0.64456 0.10975 0.10023 0.99496
-0.64443 0.11102 0.10146 0.99484
-0.64430 0.11229 0.10269 0.99471
-0.64417 0.11357 0.10392 0.99459
-0.64404 0.11484 0.10516 0.99446
-0.64390 0.11611 0.10639 0.99432
-0.64376 0.11738 0.10763 0.99419
-0.64363 0.11865 0.10887 0.99406
-0.64349 0.11992 0.11011 0.99392
-0.64334 0.12118 0.11135 0.99378
-0.64320 0.12245 0.11260 0.99364
-0.64306 0.12372 0.11384 0.99350
-0.64291 0.12499 0.11509 0.99336
-0.64276 0.12625 0.11634 0.99321
-0.64262 0.12752 0.11759 0.99306
-0.64246 0.12878 0.11885 0.99291
-0.64231 0.13004 0.12010 0.99276
-0.64216 0.13131 0.12136 0.99261
-0.64200 0.13257 0.12262 0.99245
-0.64185 0.13383 0.12388 0.99230
-0.64169 0.13509 0.12515 0.99214
-0.64153 0.13635 0.12641 0.99198
-0.64137 0.13761 0.12768 0.99182
-0.64121 0.13886 0.12895 0.99165
-0.64104 0.14012 0.13022 0.99148
-0.64088 0.14138 0.13150 0.99132
-0.64071 0.14263 0.13277 0.99115
-0.64054 0.14389 0.13405 0.99097
-0.64037 0.14514 0.13533 0.99080
-0.64020 0.14640 0.13661 0.99062
-0.64002 0.14765 0.13790 0.99045
-0.63985 0.14890 0.13919 0.99027
-0.63967 0.15015 0.14048 0.99008
-0.63949 0.15140 0.14177 0.98990
-0.63931 0.15265 0.14306 0.98971
-0.63913 0.15390 0.14436 0.98953
-0.63895 0.15515 0.14566 0.98933
-0.63876 0.15639 0.14696 0.98914
-0.63858 0.15764 0.14826 0.98895
-0.63839 0.15888 0.14957 0.98875
-0.63820 0.16013 0.15088 0.98855
-0.63801 0.16137 0.15219 0.98835
-0.63782 0.16261 0.15350 0.98815
-0.63763 0.16386 0.15482 0.98794
-0.63743 0.16510 0.15614 0.98774
-0.63723 0.16634 0.15746 0.98753
-0.63704 0.16758 0.15878 0.98731
-0.63684 0.16881 0.16010 0.98710
-0.63663 0.17005 0.16143 0.98688
-0.63643 0.17129 0.16276 0.98667
-0.63623 0.17252 0.16410 0.98644
-0.63602 0.17375 0.16543 0.98622
-0.63581 0.17499 0.16677 0.98600
-0.63560 0.17622 0.16811 0.98577
-0.63539 0.17745 0.16945 0.98554
-0.63518 0.17868 0.17080 0.98531
-0.63497 0.17991 0.17215 0.98507
-0.63475 0.18114 0.17350 0.98483
-0.63453 0.18237 0.17486 0.98459
-0.63431 0.18359 0.17621 0.98435
-0.63409 0.18482 0.17757 0.98411
-0.63387 0.18604 0.17893 0.98386
-0.63365 0.18727 0.18030 0.98361
-0.63342 0.18849 0.18167 0.98336
-0.63320 0.18971 0.18304 0.98311
-0.63297 0.19093 0.18441 0.98285
-0.63274 0.19215 0.18579 0.98259
-0.63251 0.19337 0.18717 0.98233
-0.63228 0.19459 0.18855 0.98206
-0.63204 0.19580 0.18993 0.98180
-0.63181 0.19702 0.19132 0.98153
-0.63157 0.19823 0.19271 0.98126
-0.63133 0.19944 0.19410 0.98098
-0.63109 0.20066 0.19550 0.98070
-0.63085 0.20187 0.19690 0.98042
-0.63060 0.20308 0.19830 0.98014
-0.63036 0.20428 0.19970 0.97986
-0.63011 0.20549 0.20111 0.97957
-0.62986 0.20670 0.20252 0.97928
-0.62961 0.20790 0.20394 0.97898
-0.62936 0.20911 0.20535 0.97869
-0.62911 0.21031 0.20677 0.97839
-0.62885 0.21151 0.20820 0.97809
-0.62859 0.21271 0.20962 0.97778
-0.62834 0.21391 0.21105 0.97748
-0.62808 0.21511 0.21248 0.97716
-0.62782 0.21631 0.21392 0.97685
-0.62755 0.21751 0.21536 0.97654
-0.62729 0.21870 0.21680 0.97622
-0.62702 0.21990 0.21824 0.97589
-0.62675 0.22109 0.21969 0.97557
-0.62649 0.22228 0.22114 0.97524
-0.62621 0.22347 0.22259 0.97491
-0.62594 0.22466 0.22405 0.97458
-0.62567 0.22585 0.22551 0.97424
-0.62539 0.22703 0.22697 0.97390
-0.62511 0.22822 0.22844 0.97356
-0.62484 0.22940 0.22991 0.97321
-0.62456 0.23059 0.23138 0.97286
-0.62427 0.23177 0.23286 0.97251
-0.62399 0.23295 0.23433 0.97216
-0.62370 0.23413 0.23582 0.97180
-0.62342 0.23531 0.23730 0.97144
-0.62313 0.23649 0.23879 0.97107
-0.62284 0.23766 0.24028 0.97070
-0.62255 0.23884 0.24178 0.97033
-0.62225 0.24001 0.24328 0.96996
-0.62196 0.24118 0.24478 0.96958
-0.62166 0.24235 0.24628 0.96920
-0.62136 0.24352 0.24779 0.96881
-0.62106 0.24469 0.24930 0.96843
-0.62076 0.24586 0.25082 0.96803
-0.62046 0.24702 0.25234 0.96764
-0.62016 0.24819 0.25386 0.96724
-0.61985 0.24935 0.25538 0.96684
-0.61954 0.25051 0.25691 0.96644
-0.61923 0.25167 0.25844 0.96603
-0.61892 0.25283 0.25998 0.96561
-0.61861 0.25399 0.26152 0.96520
-0.61829 0.25515 0.26306 0.96478
-0.61798 0.25630 0.26460 0.96436
-0.61766 0.25746 0.26615 0.96393
-0.61734 0.25861 0.26770 0.96350
-0.61702 0.25976 0.26926 0.96307
-0.61670 0.26091 0.27082 0.96263
-0.61637 0.26206 0.27238 0.96219
-0.61605 0.26321 0.27394 0.96175
-0.61572 0.26436 0.27551 0.96130
-0.61539 0.26550 0.27708 0.96085
-0.61506 0.26664 0.27866 0.96039
-0.61473 0.26779 0.28024 0.95993
-0.61439 0.26893 0.28182 0.95947
-0.61406 0.27006 0.28341 0.95900
-0.61372 0.27120 0.28500 0.95853
-0.61338 0.27234 0.28659 0.95805
-0.61304 0.27347 0.28818 0.95758
-0.61270 0.27461 0.28978 0.95709
-0.61235 0.27574 0.29139 0.95661
-0.61201 0.27687 0.29299 0.95611
-0.61166 0.27800 0.29460 0.95562
-0.61131 0.27913 0.29622 0.95512
-0.61096 0.28026 0.29783 0.95462
-0.61061 0.28138 0.29945 0.95411
-0.61026 0.28250 0.30108 0.95360
-0.60990 0.28363 0.30270 0.95309
-0.60954 0.28475 0.30433 0.95257
-0.60919 0.28587 0.30597 0.95204
-0.60882 0.28699 0.30760 0.95151
-0.60846 0.28810 0.30924 0.95098
-0.60810 0.28922 0.31089 0.95045
-0.60773 0.29033 0.31254 0.94991
-0.60737 0.29144 0.31419 0.94936
-0.60700 0.29255 0.31584 0.94881
-0.60663 0.29366 0.31750 0.94826
-0.60626 0.29477 0.31916 0.94770
-0.60588 0.29588 0.32082 0.94714
-0.60551 0.29698 0.32249 0.94657
-0.60513 0.29809 0.32416 0.94600
-0.60475 0.29919 0.32584 0.94543
-0.60437 0.30029 0.32751 0.94485
-0.60399 0.30139 0.32920 0.94426
-0.60360 0.30249 0.33088 0.94367
-0.60322 0.30358 0.33257 0.94308
-0.60283 0.30468 0.33426 0.94248
-0.60244 0.30577 0.33596 0.94188
-0.60205 0.30686 0.33765 0.94127
-0.60166 0.30795 0.33936 0.94066
-0.60127 0.30904 0.34106 0.94004
-0.60087 0.31013 0.34277 0.93942
-0.60047 0.31121 0.34448 0.93879
-0.60008 0.31229 0.34620 0.93816
-0.59968 0.31338 0.34791 0.93753
-0.59927 0.31446 0.34963 0.93689
-0.59887 0.31554 0.35136 0.93624
-0.59846 0.31661 0.35309 0.93559
-0.59806 0.31769 0.35482 0.93494
-0.59765 0.31877 0.35655 0.93427
-0.59724 0.31984 0.35829 0.93361
-0.59682 0.32091 0.36003 0.93294
-0.59641 0.32198 0.36178 0.93226
-0.59599 0.32305 0.36352 0.93158
-0.59558 0.32412 0.36527 0.93090
-0.59516 0.32518 0.36703 0.93021
-0.59474 0.32624 0.36879 0.92951
-0.59431 0.32731 0.37055 0.92881
-0.59389 0.32837 0.37231 0.92811
-0.59346 0.32943 0.37408 0.92740
-0.59304 0.33048 0.37584 0.92668
-0.59261 0.33154 0.37762 0.92596
-0.59218 0.33259 0.37939 0.92524
-0.59174 0.33365 0.38117 0.92450
-0.59131 0.33470 0.38295 0.92377
-0.59087 0.33575 0.38474 0.92303
-0.59043 0.33679 0.38653 0.92228
-0.59000 0.33784 0.38832 0.92153
-0.58955 0.33888 0.39011 0.92077
-0.58911 0.33993 0.39191 0.92000
-0.58867 0.34097 0.39371 0.91924
-0.58822 0.34201 0.39551 0.91846
-0.58777 0.34305 0.39732 0.91768
-0.58732 0.34408 0.39912 0.91690
-0.58687 0.34512 0.40094 0.91611
-0.58642 0.34615 0.40275 0.91531
-0.58596 0.34718 0.40457 0.91451
-0.58550 0.34821 0.40639 0.91370
-0.58505 0.34924 0.40821 0.91289
-0.58459 0.35027 0.41003 0.91207
-0.58412 0.35129 0.41186 0.91125
-0.58366 0.35231 0.41369 0.91042
-0.58319 0.35334 0.41553 0.90958
-0.58273 0.35436 0.41736 0.90874
-0.58226 0.35537 0.41920 0.90789
-0.58179 0.35639 0.42104 0.90704
-0.58132 0.35741 0.42289 0.90618
-0.58084 0.35842 0.42473 0.90532
-0.58037 0.35943 0.42658 0.90445
-0.57989 0.36044 0.42843 0.90357
-0.57941 0.36145 0.43029 0.90269
-0.57893 0.36246 0.43214 0.90180
-0.57844 0.36346 0.43400 0.90091
-0.57796 0.36446 0.43586 0.90001
-0.57747 0.36547 0.43773 0.89911
-0.57699 0.36646 0.43959 0.89820
-0.57650 0.36746 0.44146 0.89728
-0.57600 0.36846 0.44333 0.89636
-0.57551 0.36945 0.44521 0.89543
-0.57502 0.37045 0.44708 0.89449
-0.57452 0.37144 0.44896 0.89355
-0.57402 0.37243 0.45084 0.89261
-0.57352 0.37342 0.45272 0.89165
-0.57302 0.37440 0.45460 0.89069
-0.57251 0.37539 0.45649 0.88973
-0.57201 0.37637 0.45838 0.88876
-0.57150 0.37735 0.46027 0.88778
-0.57099 0.37833 0.46216 0.88680
-0.57048 0.37931 0.46405 0.88581
-0.56997 0.38028 0.46595 0.88481
-0.56945 0.38126 0.46785 0.88381
-0.56894 0.38223 0.46974 0.88280
-0.56842 0.38320 0.47165 0.88179
-0.56790 0.38417 0.47355 0.88077
-0.56738 0.38514 0.47545 0.87974
-0.56686 0.38610 0.47736 0.87871
-0.56633 0.38707 0.47927 0.87767
-0.56580 0.38803 0.48118 0.87662
-0.56528 0.38899 0.48309 0.87557
-0.56475 0.38995 0.48500 0.87451
-0.56421 0.39091 0.48691 0.87345
-0.56368 0.39186 0.48883 0.87238
-0.56314 0.39281 0.49075 0.87130
-0.56261 0.39377 0.49267 0.87022
-0.56207 0.39472 0.49458 0.86913
-0.56153 0.39566 0.49651 0.86803
-0.56098 0.39661 0.49843 0.86693
-0.56044 0.39755 0.50035 0.86582
-0.55989 0.39850 0.50228 0.86471
-0.55935 0.39944 0.50420 0.86359
-0.55880 0.40038 0.50613 0.86246
-0.55824 0.40132 0.50806 0.86132
-0.55769 0.40225 0.50998 0.86018
-0.55714 0.40318 0.51191 0.85904
-0.55658 0.40412 0.51385 0.85788
-0.55602 0.40505 0.51578 0.85672
-0.55546 0.40598 0.51771 0.85556
-0.55490 0.40690 0.51964 0.85438
-0.55433 0.40783 0.52158 0.85320
-0.55377 0.40875 0.52351 0.85202
-0.55320 0.40967 0.52545 0.85083
-0.55263 0.41059 0.52738 0.84963
-0.55206 0.41151 0.52932 0.84842
-0.55149 0.41243 0.53125 0.84721
-0.55091 0.41334 0.53319 0.84599
-0.55033 0.41425 0.53513 0.84477
-0.54976 0.41517 0.53707 0.84354
-0.54917 0.41607 0.53901 0.84230
-0.54859 0.41698 0.54094 0.84106
-0.54801 0.41789 0.54288 0.83981
-0.54742 0.41879 0.54482 0.83855
-0.54684 0.41969 0.54676 0.83729
-0.54625 0.42059 0.54870 0.83602
-0.54566 0.42149 0.55064 0.83474
-0.54506 0.42239 0.55258 0.83346
-0.54447 0.42328 0.55452 0.83217
-0.54387 0.42418 0.55646 0.83088
-0.54327 0.42507 0.55840 0.82958
-0.54267 0.42596 0.56033 0.82827
-0.54207 0.42684 0.56227 0.82695
-0.54147 0.42773 0.56421 0.82563
-0.54086 0.42861 0.56615 0.82430
-0.54025 0.42950 0.56808 0.82297
-0.53965 0.43038 0.57002 0.82163
-0.53903 0.43125 0.57196 0.82028
-0.53842 0.43213 0.57389 0.81893
-0.53781 0.43301 0.57583 0.81757
-0.53719 0.43388 0.57776 0.81621
-0.53657 0.43475 0.57969 0.81483
-0.53595 0.43562 0.58163 0.81346
-0.53533 0.43649 0.58356 0.81207
-0.53471 0.43735 0.58549 0.81068
-0.53408 0.43822 0.58742 0.80928
-0.53345 0.43908 0.58935 0.80788
-0.53282 0.43994 0.59128 0.80647
-0.53219 0.44080 0.59320 0.80505
-0.53156 0.44165 0.59513 0.80363
-0.53093 0.44251 0.59705 0.80220
-0.53029 0.44336 0.59897 0.80077
-0.52965 0.44421 0.60090 0.79933
-0.52901 0.44506 0.60282 0.79788
-0.52837 0.44591 0.60473 0.79643
-0.52773 0.44676 0.60665 0.79497
-0.52708 0.44760 0.60857 0.79350
-0.52643 0.44844 0.61048 0.79203
-0.52578 0.44928 0.61239 0.79055
-0.52513 0.45012 0.61430 0.78907
-0.52448 0.45096 0.61621 0.78758
-0.52382 0.45179 0.61812 0.78608
-0.52317 0.45262 0.62003 0.78458
-0.52251 0.45346 0.62193 0.78307
-0.52185 0.45428 0.62383 0.78156
-0.52119 0.45511 0.62573 0.78004
-0.52052 0.45594 0.62763 0.77851
-0.51986 0.45676 0.62952 0.77698
-0.51919 0.45758 0.63141 0.77545
-0.51852 0.45840 0.63331 0.77390
-0.51785 0.45922 0.63519 0.77235
-0.51718 0.46004 0.63708 0.77080
-0.51650 0.46085 0.63896 0.76924
-0.51582 0.46167 0.64084 0.76767
-0.51515 0.46248 0.64272 0.76610
-0.51447 0.46329 0.64460 0.76452
-0.51378 0.46409 0.64647 0.76294
-0.51310 0.46490 0.64834 0.76135
-0.51241 0.46570 0.65021 0.75976
-0.51173 0.46650 0.65207 0.75816
-0.51104 0.46730 0.65394 0.75655
-0.51034 0.46810 0.65580 0.75494
-0.50965 0.46890 0.65765 0.75332
-0.50896 0.46969 0.65951 0.75170
-0.50826 0.47048 0.66136 0.75007
-0.50756 0.47127 0.66320 0.74844
-0.50686 0.47206 0.66505 0.74680
-0.50616 0.47285 0.66689 0.74516
-0.50545 0.47363 0.66872 0.74351
-0.50475 0.47442 0.67056 0.74186
-0.50404 0.47520 0.67239 0.74020
-0.50333 0.47598 0.67422 0.73853
-0.50262 0.47676 0.67604 0.73686
-0.50190 0.47753 0.67786 0.73519
-0.50119 0.47831 0.67968 0.73351
-0.50047 0.47908 0.68149 0.73183
-0.49975 0.47985 0.68330 0.73014
-0.49903 0.48062 0.68511 0.72844
-0.49831 0.48138 0.68691 0.72674
-0.49758 0.48215 0.68871 0.72504
-0.49686 0.48291 0.69050 0.72333
-0.49613 0.48367 0.69229 0.72162
-0.49540 0.48443 0.69408 0.71990
-0.49467 0.48519 0.69586 0.71818
-0.49393 0.48594 0.69764 0.71645
-0.49320 0.48670 0.69941 0.71472
-0.49246 0.48745 0.70118 0.71298
-0.49172 0.48820 0.70295 0.71124
-0.49098 0.48895 0.70471 0.70949
-0.49024 0.48969 0.70647 0.70774
-0.48949 0.49044 0.70822 0.70599
-0.48874 0.49118 0.70997 0.70423
-0.48800 0.49192 0.71172 0.70247
-0.48724 0.49266 0.71346 0.70070
-0.48649 0.49340 0.71519 0.69893
-0.48574 0.49413 0.71692 0.69715
-0.48498 0.49487 0.71865 0.69537
-0.48422 0.49560 0.72037 0.69359
-0.48346 0.49633 0.72209 0.69180
-0.48270 0.49706 0.72380 0.69001
-0.48194 0.49778 0.72551 0.68822
-0.48117 0.49851 0.72721 0.68642
-0.48041 0.49923 0.72891 0.68461
-0.47964 0.49995 0.73060 0.68281
-0.47887 0.50067 0.73229 0.68100
-0.47810 0.50138 0.73397 0.67918
-0.47732 0.50210 0.73565 0.67736
-0.47654 0.50281 0.73732 0.67554
-0.47577 0.50352 0.73899 0.67372
-0.47499 0.50423 0.74065 0.67189
-0.47420 0.50494 0.74231 0.67006
-0.47342 0.50565 0.74396 0.66822
-0.47263 0.50635 0.74561 0.66639
-0.47185 0.50705 0.74725 0.66454
-0.47106 0.50775 0.74889 0.66270
-0.47027 0.50845 0.75052 0.66085
-0.46947 0.50915 0.75214 0.65900
-0.46868 0.50984 0.75376 0.65715
-0.46788 0.51053 0.75538 0.65529
-0.46708 0.51122 0.75699 0.65343
-0.46628 0.51191 0.75859 0.65157
-0.46548 0.51260 0.76019 0.64970
-0.46468 0.51329 0.76178 0.64783
-0.46387 0.51397 0.76337 0.64596
-0.46306 0.51465 0.76495 0.64409
-0.46225 0.51533 0.76653 0.64221
-0.46144 0.51601 0.76810 0.64033
-0.46063 0.51669 0.76966 0.63845
-0.45982 0.51736 0.77122 0.63656
-0.45900 0.51803 0.77278 0.63468
-0.45818 0.51870 0.77432 0.63279
-0.45736 0.51937 0.77587 0.63090
-0.45654 0.52004 0.77740 0.62900
-0.45571 0.52070 0.77893 0.62711
-0.45489 0.52137 0.78046 0.62521
-0.45406 0.52203 0.78197 0.62331
-0.45323 0.52269 0.78349 0.62141
-0.45240 0.52335 0.78499 0.61951
-0.45156 0.52400 0.78649 0.61760
-0.45073 0.52466 0.78799 0.61569
-0.44989 0.52531 0.78947 0.61378
-0.44905 0.52596 0.79096 0.61187
-0.44821 0.52661 0.79243 0.60996
-0.44737 0.52726 0.79390 0.60804
-0.44653 0.52790 0.79537 0.60613
-0.44568 0.52854 0.79682 0.60421
-0.44483 0.52919 0.79828 0.60229
-0.44398 0.52983 0.79972 0.60037
-0.44313 0.53046 0.80116 0.59845
-0.44228 0.53110 0.80259 0.59653
-0.44142 0.53173 0.80402 0.59460
-0.44056 0.53237 0.80544 0.59268
-0.43970 0.53300 0.80686 0.59075
-0.43884 0.53362 0.80826 0.58882
-0.43798 0.53425 0.80966 0.58689
-0.43712 0.53488 0.81106 0.58496
-0.43625 0.53550 0.81245 0.58303
-0.43538 0.53612 0.81383 0.58110
-0.43451 0.53674 0.81521 0.57917
-0.43364 0.53736 0.81658 0.57723
-0.43277 0.53797 0.81794 0.57530
-0.43189 0.53859 0.81930 0.57336
-0.43101 0.53920 0.82065 0.57143
-0.43014 0.53981 0.82200 0.56949
-0.42925 0.54042 0.82334 0.56756
-0.42837 0.54103 0.82467 0.56562
-0.42749 0.54163 0.82599 0.56368
-0.42660 0.54224 0.82731 0.56174
-0.42571 0.54284 0.82862 0.55980
-0.42482 0.54344 0.82993 0.55787
-0.42393 0.54403 0.83123 0.55593
-0.42304 0.54463 0.83252 0.55399
-0.42214 0.54522 0.83381 0.55205
-0.42125 0.54582 0.83509 0.55011
-0.42035 0.54641 0.83637 0.54817
-0.41945 0.54700 0.83763 0.54623
-0.41854 0.54758 0.83890 0.54429
-0.41764 0.54817 0.84015 0.54235
-0.41673 0.54875 0.84140 0.54042
-0.41583 0.54933 0.84264 0.53848
-0.41492 0.54991 0.84388 0.53654
-0.41401 0.55049 0.84510 0.53460
-0.41309 0.55107 0.84633 0.53266
-0.41218 0.55164 0.84754 0.53073
-0.41126 0.55221 0.84875 0.52879
-0.41034 0.55279 0.84996 0.52685
-0.40942 0.55335 0.85115 0.52492
-0.40850 0.55392 0.85234 0.52298
-0.40758 0.55449 0.85353 0.52105
-0.40665 0.55505 0.85470 0.51911
-0.40572 0.55561 0.85588 0.51718
-0.40479 0.55617 0.85704 0.51525
-0.40386 0.55673 0.85820 0.51332
-0.40293 0.55729 0.85935 0.51139
-0.40200 0.55784 0.86050 0.50946
-0.40106 0.55839 0.86163 0.50753
-0.40012 0.55895 0.86277 0.50560
-0.39918 0.55950 0.86389 0.50368
-0.39824 0.56004 0.86501 0.50175
-0.39730 0.56059 0.86613 0.49983
-0.39635 0.56113 0.86723 0.49790
-0.39540 0.56167 0.86833 0.49598
-0.39446 0.56222 0.86943 0.49406
-0.39351 0.56275 0.87052 0.49214
-0.39255 0.56329 0.87160 0.49022
-0.39160 0.56383 0.87267 0.48831
-0.39064 0.56436 0.87374 0.48639
-0.38969 0.56489 0.87480 0.48448
-0.38873 0.56542 0.87586 0.48257
-0.38777 0.56595 0.87691 0.48066
-0.38680 0.56647 0.87795 0.47875
-0.38584 0.56700 0.87899 0.47684
-0.38487 0.56752 0.88002 0.47493
-0.38391 0.56804 0.88105 0.47303
-0.38294 0.56856 0.88207 0.47113
-0.38197 0.56908 0.88308 0.46923
-0.38099 0.56960 0.88408 0.46733
-0.38002 0.57011 0.88508 0.46543
-0.37904 0.57062 0.88608 0.46354
-0.37806 0.57113 0.88707 0.46164
-0.37708 0.57164 0.88805 0.45975
-0.37610 0.57215 0.88902 0.45786
-0.37512 0.57265 0.88999 0.45597
-0.37413 0.57316 0.89096 0.45409
-0.37315 0.57366 0.89191 0.45221
-0.37216 0.57416 0.89286 0.45033
-0.37117 0.57465 0.89381 0.44845
-0.37018 0.57515 0.89475 0.44657
-0.36918 0.57565 0.89568 0.44470
-0.36819 0.57614 0.89661 0.44282
-0.36719 0.57663 0.89753 0.44095
-0.36619 0.57712 0.89845 0.43909
-0.36519 0.57761 0.89935 0.43722
-0.36419 0.57809 0.90026 0.43536
-0.36319 0.57858 0.90116 0.43350
-0.36218 0.57906 0.90205 0.43164
-0.36117 0.57954 0.90293 0.42978
-0.36017 0.58002 0.90381 0.42793
-0.35915 0.58050 0.90469 0.42608
-0.35814 0.58097 0.90555 0.42423
-0.35713 0.58144 0.90642 0.42238
-0.35611 0.58192 0.90727 0.42054
-0.35510 0.58239 0.90812 0.41870
-0.35408 0.58286 0.90897 0.41686
-0.35306 0.58332 0.90981 0.41503
-0.35204 0.58379 0.91064 0.41319
-0.35101 0.58425 0.91147 0.41136
-0.34999 0.58471 0.91229 0.40954
-0.34896 0.58517 0.91311 0.40771
-0.34793 0.58563 0.91392 0.40589
-0.34690 0.58609 0.91473 0.40407
-0.34587 0.58654 0.91553 0.40225
-0.34483 0.58699 0.91632 0.40044
-0.34380 0.58744 0.91711 0.39863
-0.34276 0.58789 0.91790 0.39682
-0.34172 0.58834 0.91867 0.39502
-0.34068 0.58879 0.91945 0.39322
-0.33964 0.58923 0.92021 0.39142
-0.33860 0.58967 0.92098 0.38962
-0.33755 0.59012 0.92173 0.38783
-0.33651 0.59055 0.92248 0.38604
-0.33546 0.59099 0.92323 0.38425
-0.33441 0.59143 0.92397 0.38247
-0.33336 0.59186 0.92470 0.38069
-0.33231 0.59229 0.92543 0.37891
-0.33125 0.59272 0.92616 0.37713
-0.33019 0.59315 0.92688 0.37536
-0.32914 0.59358 0.92759 0.37359
-0.32808 0.59401 0.92830 0.37183
-0.32702 0.59443 0.92901 0.37006
-0.32595 0.59485 0.92970 0.36831
-0.32489 0.59527 0.93040 0.36655
-0.32382 0.59569 0.93109 0.36480
-0.32276 0.59611 0.93177 0.36305
-0.32169 0.59652 0.93245 0.36130
-0.32062 0.59694 0.93312 0.35956
-0.31955 0.59735 0.93379 0.35782
-0.31847 0.59776 0.93446 0.35608
-0.31740 0.59817 0.93511 0.35435
-0.31632 0.59857 0.93577 0.35262
-0.31524 0.59898 0.93642 0.35089
-0.31416 0.59938 0.93706 0.34916
-0.31308 0.59978 0.93770 0.34744
-0.31200 0.60018 0.93834 0.34573
-0.31091 0.60058 0.93896 0.34401
-0.30983 0.60098 0.93959 0.34230
-0.30874 0.60137 0.94021 0.34059
-0.30765 0.60177 0.94083 0.33889
-0.30656 0.60216 0.94144 0.33719
-0.30547 0.60255 0.94204 0.33549
-0.30438 0.60294 0.94264 0.33380
-0.30328 0.60332 0.94324 0.33211
-0.30219 0.60371 0.94383 0.33042
-0.30109 0.60409 0.94442 0.32874
-0.29999 0.60447 0.94500 0.32706
-0.29889 0.60485 0.94558 0.32538
-0.29779 0.60523 0.94616 0.32371
-0.29668 0.60561 0.94673 0.32204
-0.29558 0.60598 0.94729 0.32037
-0.29447 0.60636 0.94785 0.31871
-0.29336 0.60673 0.94841 0.31704
-0.29225 0.60710 0.94896 0.31539
-0.29114 0.60747 0.94951 0.31373
-0.29003 0.60783 0.95005 0.31209
-0.28891 0.60820 0.95059 0.31044
-0.28780 0.60856 0.95113 0.30880
-0.28668 0.60892 0.95166 0.30716
-0.28556 0.60928 0.95219 0.30552
-0.28444 0.60964 0.95271 0.30389
-0.28332 0.61000 0.95323 0.30226
-0.28220 0.61035 0.95374 0.30063
-0.28107 0.61071 0.95425 0.29901
-0.27995 0.61106 0.95476 0.29739
-0.27882 0.61141 0.95526 0.29577
-0.27769 0.61176 0.95576 0.29416
-0.27656 0.61210 0.95625 0.29255
-0.27543 0.61245 0.95674 0.29095
-0.27430 0.61279 0.95722 0.28935
-0.27316 0.61313 0.95771 0.28775
-0.27203 0.61347 0.95818 0.28615
-0.27089 0.61381 0.95866 0.28456
-0.26975 0.61415 0.95913 0.28297
-0.26861 0.61448 0.95959 0.28139
-0.26747 0.61482 0.96006 0.27981
-0.26633 0.61515 0.96051 0.27823
-0.26519 0.61548 0.96097 0.27665
-0.26404 0.61581 0.96142 0.27508
-0.26290 0.61614 0.96187 0.27352
-0.26175 0.61646 0.96231 0.27195
-0.26060 0.61678 0.96275 0.27039
-0.25945 0.61711 0.96319 0.26883
-0.25830 0.61743 0.96362 0.26728
-0.25714 0.61775 0.96405 0.26573
-0.25599 0.61806 0.96447 0.26418
-0.25483 0.61838 0.96489 0.26264
-0.25368 0.61869 0.96531 0.26110
-0.25252 0.61901 0.96573 0.25956
-0.25136 0.61932 0.96614 0.25802
-0.25020 0.61963 0.96655 0.25649
-0.24903 0.61993 0.96695 0.25497
-0.24787 0.62024 0.96735 0.25344
-0.24671 0.62054 0.96775 0.25192
-0.24554 0.62085 0.96814 0.25040
-0.24437 0.62115 0.96853 0.24889
-0.24320 0.62145 0.96892 0.24738
-0.24203 0.62174 0.96930 0.24587
-0.24086 0.62204 0.96968 0.24437
-0.23969 0.62233 0.97006 0.24287
-0.23852 0.62263 0.97043 0.24137
-0.23734 0.62292 0.97080 0.23988
-0.23616 0.62321 0.97117 0.23838
-0.23499 0.62350 0.97153 0.23690
-0.23381 0.62378 0.97190 0.23541
-0.23263 0.62407 0.97225 0.23393
-0.23145 0.62435 0.97261 0.23245
-0.23027 0.62463 0.97296 0.23098
-0.22908 0.62491 0.97331 0.22951
-0.22790 0.62519 0.97365 0.22804
-0.22671 0.62547 0.97399 0.22657
-0.22552 0.62574 0.97433 0.22511
-0.22433 0.62602 0.97467 0.22365
-0.22315 0.62629 0.97500 0.22220
-0.22195 0.62656 0.97533 0.22074
-0.22076 0.62683 0.97566 0.21929
-0.21957 0.62709 0.97598 0.21785
-0.21838 0.62736 0.97630 0.21640
-0.21718 0.62762 0.97662 0.21496
-0.21598 0.62789 0.97694 0.21353
-0.21479 0.62815 0.97725 0.21209
-0.21359 0.62841 0.97756 0.21066
-0.21239 0.62866 0.97787 0.20923
-0.21119 0.62892 0.97817 0.20781
-0.20998 0.62918 0.97847 0.20639
-0.20878 0.62943 0.97877 0.20497
-0.20757 0.62968 0.97906 0.20355
-0.20637 0.62993 0.97936 0.20214
-0.20516 0.63018 0.97965 0.20073
-0.20395 0.63042 0.97993 0.19932
-0.20275 0.63067 0.98022 0.19792
-0.20154 0.63091 0.98050 0.19652
-0.20032 0.63115 0.98078 0.19512
-0.19911 0.63139 0.98106 0.19372
-0.19790 0.63163 0.98133 0.19233
-0.19668 0.63187 0.98160 0.19094
-0.19547 0.63211 0.98187 0.18955
-0.19425 0.63234 0.98214 0.18817
-0.19304 0.63257 0.98240 0.18679
-0.19182 0.63280 0.98266 0.18541
-0.19060 0.63303 0.98292 0.18404
-0.18938 0.63326 0.98318 0.18266
-0.18816 0.63349 0.98343 0.18129
-0.18693 0.63371 0.98368 0.17993
-0.18571 0.63393 0.98393 0.17856
-0.18448 0.63416 0.98417 0.17720
-0.18326 0.63437 0.98442 0.17584
-0.18203 0.63459 0.98466 0.17449
-0.18080 0.63481 0.98490 0.17313
-0.17958 0.63502 0.98514 0.17178
-0.17835 0.63524 0.98537 0.17043
-0.17712 0.63545 0.98560 0.16909
-0.17588 0.63566 0.98583 0.16775
-0.17465 0.63587 0.98606 0.16640
-0.17342 0.63608 0.98628 0.16507
-0.17218 0.63628 0.98650 0.16373
-0.17095 0.63649 0.98673 0.16240
-0.16971 0.63669 0.98694 0.16107
-0.16848 0.63689 0.98716 0.15974
-0.16724 0.63709 0.98737 0.15842
-0.16600 0.63729 0.98758 0.15710
-0.16476 0.63748 0.98779 0.15578
-0.16352 0.63768 0.98800 0.15446
-0.16228 0.63787 0.98820 0.15314
-0.16103 0.63806 0.98841 0.15183
-0.15979 0.63825 0.98861 0.15052
-0.15855 0.63844 0.98881 0.14921
-0.15730 0.63863 0.98900 0.14791
-0.15605 0.63882 0.98920 0.14660
-0.15481 0.63900 0.98939 0.14530
-0.15356 0.63918 0.98958 0.14401
-0.15231 0.63936 0.98976 0.14271
-0.15106 0.63954 0.98995 0.14142
-0.14981 0.63972 0.99013 0.14012
-0.14856 0.63990 0.99032 0.13884
-0.14731 0.64007 0.99049 0.13755
-0.14605 0.64024 0.99067 0.13626
-0.14480 0.64042 0.99085 0.13498
-0.14355 0.64059 0.99102 0.13370
-0.14229 0.64075 0.99119 0.13242
-0.14104 0.64092 0.99136 0.13115
-0.13978 0.64109 0.99153 0.12987
-0.13852 0.64125 0.99170 0.12860
-0.13726 0.64141 0.99186 0.12733
-0.13600 0.64157 0.99202 0.12607
-0.13474 0.64173 0.99218 0.12480
-0.13348 0.64189 0.99234 0.12354
-0.13222 0.64205 0.99250 0.12228
-0.13096 0.64220 0.99265 0.12102
-0.12970 0.64235 0.99280 0.11976
-0.12843 0.64251 0.99295 0.11850
-0.12717 0.64266 0.99310 0.11725
-0.12591 0.64280 0.99325 0.11600
-0.12464 0.64295 0.99339 0.11475
-0.12337 0.64310 0.99354 0.11350
-0.12211 0.64324 0.99368 0.11226
-0.12084 0.64338 0.99382 0.11101
-0.11957 0.64352 0.99396 0.10977
-0.11830 0.64366 0.99409 0.10853
-0.11703 0.64380 0.99423 0.10729
-0.11576 0.64394 0.99436 0.10606
-0.11449 0.64407 0.99449 0.10482
-0.11322 0.64421 0.99462 0.10359
-0.11195 0.64434 0.99475 0.10236
-0.11067 0.64447 0.99487 0.10113
-0.10940 0.64460 0.99500 0.09990
-0.10813 0.64472 0.99512 0.09867
-0.10685 0.64485 0.99524 0.09745
-0.10558 0.64497 0.99536 0.09623
-0.10430 0.64510 0.99548 0.09501
-0.10302 0.64522 0.99559 0.09379
-0.10175 0.64534 0.99571 0.09257
-0.10047 0.64545 0.99582 0.09135
-0.09919 0.64557 0.99593 0.09014
-0.09791 0.64569 0.99604 0.08892
-0.09663 0.64580 0.99615 0.08771
-0.09535 0.64591 0.99625 0.08650
-0.09407 0.64602 0.99636 0.08529
-0.09279 0.64613 0.99646 0.08408
-0.09151 0.64624 0.99656 0.08288
-0.09023 0.64634 0.99666 0.08167
-0.08895 0.64645 0.99676 0.08047
-0.08766 0.64655 0.99685 0.07927
-0.08638 0.64665 0.99695 0.07807
-0.08510 0.64675 0.99704 0.07687
-0.08381 0.64685 0.99713 0.07567
-0.08253 0.64695 0.99722 0.07447
-0.08124 0.64704 0.99731 0.07328
-0.07996 0.64714 0.99740 0.07209
-0.07867 0.64723 0.99748 0.07089
-0.07738 0.64732 0.99757 0.06970
-0.07610 0.64741 0.99765 0.06851
-0.07481 0.64750 0.99773 0.06732
-0.07352 0.64758 0.99781 0.06613
-0.07223 0.64767 0.99789 0.06495
-0.07094 0.64775 0.99797 0.06376
-0.06965 0.64783 0.99804 0.06258
-0.06836 0.64791 0.99811 0.06139
-0.06707 0.64799 0.99819 0.06021
-0.06578 0.64807 0.99826 0.05903
-0.06449 0.64814 0.99833 0.05785
-0.06320 0.64822 0.99839 0.05667
-0.06191 0.64829 0.99846 0.05549
-0.06062 0.64836 0.99852 0.05431
-0.05933 0.64843 0.99859 0.05314
-0.05804 0.64850 0.99865 0.05196
-0.05674 0.64856 0.99871 0.05079
-0.05545 0.64863 0.99877 0.04961
-0.05416 0.64869 0.99883 0.04844
-0.05286 0.64875 0.99888 0.04727
-0.05157 0.64881 0.99894 0.04610
-0.05027 0.64887 0.99899 0.04493
-0.04898 0.64893 0.99904 0.04376
-0.04768 0.64899 0.99909 0.04259
-0.04639 0.64904 0.99914 0.04142
-0.04509 0.64909 0.99919 0.04025
-0.04380 0.64915 0.99924 0.03908
-0.04250 0.64920 0.99928 0.03792
-0.04121 0.64924 0.99932 0.03675
-0.03991 0.64929 0.99937 0.03559
-0.03861 0.64934 0.99941 0.03442
-0.03732 0.64938 0.99945 0.03326
-0.03602 0.64942 0.99948 0.03210
-0.03472 0.64946 0.99952 0.03093
-0.03342 0.64950 0.99956 0.02977
-0.03213 0.64954 0.99959 0.02861
-0.03083 0.64958 0.99962 0.02745
-0.02953 0.64961 0.99965 0.02629
-0.02823 0.64965 0.99968 0.02513
-0.02693 0.64968 0.99971 0.02397
-0.02564 0.64971 0.99974 0.02281
-0.02434 0.64974 0.99977 0.02165
-0.02304 0.64976 0.99979 0.02049
-0.02174 0.64979 0.99981 0.01934
-0.02044 0.64981 0.99983 0.01818
-0.01914 0.64984 0.99986 0.01702
-0.01784 0.64986 0.99987 0.01586
-0.01654 0.64988 0.99989 0.01471
-0.01524 0.64990 0.99991 0.01355
-0.01394 0.64991 0.99992 0.01239
-0.01264 0.64993 0.99994 0.01124
-0.01134 0.64994 0.99995 0.01008
-0.01004 0.64996 0.99996 0.00893
-0.00874 0.64997 0.99997 0.00777
-0.00744 0.64998 0.99998 0.00662
-0.00615 0.64998 0.99999 0.00546
-0.00485 0.64999 0.99999 0.00430
-0.00355 0.64999 1.00000 0.00315
-0.00225 0.65000 1.00000 0.00199
-0.00095 0.65000 1.00000 0.00084
0.00035 0.65000 1.00000 -0.00032
0.00165 0.65000 1.00000 -0.00147
0.00295 0.65000 1.00000 -0.00263
0.00425 0.64999 0.99999 -0.00378
0.00555 0.64999 0.99999 -0.00494
0.00685 0.64998 0.99998 -0.00609
0.00815 0.64997 0.99997 -0.00725
0.00945 0.64996 0.99996 -0.00840
0.01075 0.64995 0.99995 -0.00956
0.01205 0.64994 0.99994 -0.01071
0.01335 0.64992 0.99993 -0.01187
0.01465 0.64990 0.99992 -0.01303
0.01595 0.64989 0.99990 -0.01418
0.01725 0.64987 0.99988 -0.01534
0.01855 0.64985 0.99986 -0.01650
0.01985 0.64982 0.99984 -0.01765
0.02115 0.64980 0.99982 -0.01881
0.02245 0.64978 0.99980 -0.01997
0.02375 0.64975 0.99978 -0.02113
0.02505 0.64972 0.99975 -0.02228
0.02634 0.64969 0.99973 -0.02344
0.02764 0.64966 0.99970 -0.02460
0.02894 0.64963 0.99967 -0.02576
0.03024 0.64959 0.99964 -0.02692
0.03154 0.64956 0.99961 -0.02808
0.03283 0.64952 0.99957 -0.02924
0.03413 0.64948 0.99954 -0.03041
0.03543 0.64944 0.99950 -0.03157
0.03673 0.64940 0.99946 -0.03273
0.03802 0.64936 0.99943 -0.03389
0.03932 0.64931 0.99939 -0.03506
0.04062 0.64927 0.99934 -0.03622
0.04191 0.64922 0.99930 -0.03739
0.04321 0.64917 0.99926 -0.03855
0.04451 0.64912 0.99921 -0.03972
0.04580 0.64907 0.99916 -0.04089
0.04710 0.64901 0.99912 -0.04206
0.04839 0.64896 0.99907 -0.04322
0.04969 0.64890 0.99901 -0.04439
0.05098 0.64884 0.99896 -0.04556
0.05227 0.64878 0.99891 -0.04674
0.05357 0.64872 0.99885 -0.04791
0.05486 0.64866 0.99879 -0.04908
0.05616 0.64859 0.99874 -0.05025
0.05745 0.64853 0.99868 -0.05143
0.05874 0.64846 0.99862 -0.05260
0.06003 0.64839 0.99855 -0.05378
0.06132 0.64832 0.99849 -0.05496
0.06262 0.64825 0.99842 -0.05613
0.06391 0.64818 0.99836 -0.05731
0.06520 0.64810 0.99829 -0.05849
0.06649 0.64802 0.99822 -0.05967
0.06778 0.64795 0.99815 -0.06086
0.06907 0.64787 0.99807 -0.06204
0.07036 0.64779 0.99800 -0.06322
0.07165 0.64770 0.99792 -0.06441
0.07294 0.64762 0.99785 -0.06559
0.07422 0.64753 0.99777 -0.06678
0.07551 0.64745 0.99769 -0.06797
0.07680 0.64736 0.99761 -0.06916
0.07809 0.64727 0.99752 -0.07035
0.07937 0.64718 0.99744 -0.07154
0.08066 0.64708 0.99735 -0.07274
0.08194 0.64699 0.99726 -0.07393
0.08323 0.64689 0.99717 -0.07513
0.08451 0.64680 0.99708 -0.07633
0.08580 0.64670 0.99699 -0.07752
0.08708 0.64660 0.99690 -0.07872
0.08836 0.64649 0.99680 -0.07992
0.08965 0.64639 0.99670 -0.08113
0.09093 0.64629 0.99661 -0.08233
0.09221 0.64618 0.99650 -0.08354
0.09349 0.64607 0.99640 -0.08474
0.09477 0.64596 0.99630 -0.08595
0.09605 0.64585 0.99619 -0.08716
0.09733 0.64574 0.99609 -0.08837
0.09861 0.64562 0.99598 -0.08959
0.09989 0.64551 0.99587 -0.09080
0.10117 0.64539 0.99576 -0.09202
0.10244 0.64527 0.99564 -0.09323
0.10372 0.64515 0.99553 -0.09445
0.10500 0.64503 0.99541 -0.09567
0.10627 0.64491 0.99529 -0.09689
0.10755 0.64478 0.99517 -0.09812
0.10882 0.64465 0.99505 -0.09934
0.11010 0.64453 0.99493 -0.10057
0.11137 0.64440 0.99481 -0.10180
0.11264 0.64427 0.99468 -0.10303
0.11391 0.64413 0.99455 -0.10426
0.11518 0.64400 0.99442 -0.10550
0.11646 0.64386 0.99429 -0.10673
0.11773 0.64373 0.99415 -0.10797
0.11899 0.64359 0.99402 -0.10921
0.12026 0.64345 0.99388 -0.11045
0.12153 0.64331 0.99374 -0.11169
0.12280 0.64316 0.99360 -0.11294
0.12406 0.64302 0.99346 -0.11418
0.12533 0.64287 0.99332 -0.11543
0.12660 0.64272 0.99317 -0.11668
0.12786 0.64257 0.99302 -0.11793
0.12912 0.64242 0.99287 -0.11919
0.13039 0.64227 0.99272 -0.12045
0.13165 0.64212 0.99257 -0.12170
0.13291 0.64196 0.99241 -0.12296
0.13417 0.64180 0.99225 -0.12423
0.13543 0.64165 0.99209 -0.12549
0.13669 0.64149 0.99193 -0.12676
0.13795 0.64132 0.99177 -0.12803
0.13921 0.64116 0.99161 -0.12930
0.14047 0.64100 0.99144 -0.13057
0.14172 0.64083 0.99127 -0.13184
0.14298 0.64066 0.99110 -0.13312
0.14423 0.64049 0.99093 -0.13440
0.14549 0.64032 0.99075 -0.13568
0.14674 0.64015 0.99058 -0.13697
0.14799 0.63998 0.99040 -0.13825
0.14924 0.63980 0.99022 -0.13954
0.15049 0.63962 0.99003 -0.14083
0.15174 0.63944 0.98985 -0.14212
0.15299 0.63926 0.98966 -0.14342
0.15424 0.63908 0.98947 -0.14471
0.15549 0.63890 0.98928 -0.14601
0.15673 0.63871 0.98909 -0.14732
0.15798 0.63853 0.98889 -0.14862
0.15922 0.63834 0.98870 -0.14993
0.16047 0.63815 0.98850 -0.15124
0.16171 0.63796 0.98830 -0.15255
0.16295 0.63777 0.98809 -0.15386
0.16419 0.63757 0.98789 -0.15518
0.16544 0.63738 0.98768 -0.15650
0.16667 0.63718 0.98747 -0.15782
0.16791 0.63698 0.98726 -0.15914
0.16915 0.63678 0.98704 -0.16047
0.17039 0.63658 0.98682 -0.16180
0.17162 0.63638 0.98661 -0.16313
0.17286 0.63617 0.98638 -0.16446
0.17409 0.63596 0.98616 -0.16580
0.17532 0.63576 0.98593 -0.16714
0.17656 0.63555 0.98571 -0.16848
0.17779 0.63533 0.98547 -0.16982
0.17902 0.63512 0.98524 -0.17117
0.18025 0.63491 0.98501 -0.17252
0.18147 0.63469 0.98477 -0.17387
0.18270 0.63447 0.98453 -0.17523
0.18393 0.63426 0.98429 -0.17658
0.18515 0.63403 0.98404 -0.17794
0.18638 0.63381 0.98379 -0.17931
0.18760 0.63359 0.98354 -0.18067
0.18882 0.63336 0.98329 -0.18204
0.19004 0.63314 0.98304 -0.18341
0.19126 0.63291 0.98278 -0.18479
0.19248 0.63268 0.98252 -0.18616
0.19370 0.63245 0.98226 -0.18754
0.19492 0.63221 0.98199 -0.18893
0.19613 0.63198 0.98172 -0.19031
0.19735 0.63174 0.98145 -0.19170
0.19856 0.63150 0.98118 -0.19309
0.19977 0.63126 0.98091 -0.19448
0.20099 0.63102 0.98063 -0.19588
0.20220 0.63078 0.98035 -0.19728
0.20341 0.63054 0.98006 -0.19868
0.20461 0.63029 0.97978 -0.20009
0.20582 0.63004 0.97949 -0.20150
0.20703 0.62979 0.97920 -0.20291
0.20823 0.62954 0.97890 -0.20432
0.20944 0.62929 0.97861 -0.20574
0.21064 0.62904 0.97831 -0.20716
0.21184 0.62878 0.97800 -0.20859
0.21304 0.62852 0.97770 -0.21001
0.21424 0.62827 0.97739 -0.21144
0.21544 0.62801 0.97708 -0.21287
0.21664 0.62774 0.97677 -0.21431
0.21783 0.62748 0.97645 -0.21575
0.21903 0.62722 0.97613 -0.21719
0.22022 0.62695 0.97581 -0.21864
0.22141 0.62668 0.97548 -0.22008
0.22260 0.62641 0.97515 -0.22154
0.22379 0.62614 0.97482 -0.22299
0.22498 0.62587 0.97449 -0.22445
0.22617 0.62559 0.97415 -0.22591
0.22736 0.62532 0.97381 -0.22737
0.22854 0.62504 0.97346 -0.22884
0.22973 0.62476 0.97312 -0.23031
0.23091 0.62448 0.97277 -0.23178
0.23209 0.62420 0.97241 -0.23326
0.23327 0.62391 0.97206 -0.23474
0.23445 0.62363 0.97170 -0.23622
0.23563 0.62334 0.97134 -0.23771
0.23681 0.62305 0.97097 -0.23920
0.23798 0.62276 0.97060 -0.24069
0.23916 0.62247 0.97023 -0.24219
0.24033 0.62217 0.96985 -0.24369
0.24150 0.62188 0.96948 -0.24519
0.24267 0.62158 0.96909 -0.24669
0.24384 0.62128 0.96871 -0.24820
0.24501 0.62098 0.96832 -0.24972
0.24618 0.62068 0.96793 -0.25123
0.24734 0.62038 0.96753 -0.25275
0.24851 0.62007 0.96713 -0.25427
0.24967 0.61976 0.96673 -0.25580
0.25083 0.61946 0.96632 -0.25733
0.25199 0.61915 0.96591 -0.25886
0.25315 0.61883 0.96550 -0.26040
0.25431 0.61852 0.96509 -0.26194
0.25546 0.61821 0.96467 -0.26348
0.25662 0.61789 0.96424 -0.26502
0.25777 0.61757 0.96381 -0.26657
0.25893 0.61725 0.96338 -0.26813
0.26008 0.61693 0.96295 -0.26968
0.26123 0.61661 0.96251 -0.27124
0.26237 0.61628 0.96207 -0.27280
0.26352 0.61596 0.96162 -0.27437
0.26467 0.61563 0.96117 -0.27594
0.26581 0.61530 0.96072 -0.27751
0.26695 0.61497 0.96026 -0.27909
0.26810 0.61464 0.95980 -0.28067
0.26924 0.61430 0.95934 -0.28225
0.27038 0.61397 0.95887 -0.28384
0.27151 0.61363 0.95840 -0.28543
0.27265 0.61329 0.95792 -0.28702
0.27378 0.61295 0.95744 -0.28862
0.27492 0.61260 0.95696 -0.29022
0.27605 0.61226 0.95647 -0.29182
0.27718 0.61191 0.95598 -0.29343
0.27831 0.61157 0.95548 -0.29504
0.27944 0.61122 0.95498 -0.29666
0.28056 0.61087 0.95448 -0.29827
0.28169 0.61051 0.95397 -0.29989
0.28281 0.61016 0.95346 -0.30152
0.28393 0.60980 0.95294 -0.30315
0.28505 0.60945 0.95242 -0.30478
0.28617 0.60909 0.95190 -0.30641
0.28729 0.60873 0.95137 -0.30805
0.28841 0.60836 0.95084 -0.30969
0.28952 0.60800 0.95030 -0.31134
0.29063 0.60763 0.94976 -0.31299
0.29175 0.60727 0.94921 -0.31464
0.29286 0.60690 0.94866 -0.31629
0.29397 0.60653 0.94811 -0.31795
0.29507 0.60615 0.94755 -0.31961
0.29618 0.60578 0.94698 -0.32128
0.29728 0.60540 0.94642 -0.32295
0.29839 0.60503 0.94584 -0.32462
0.29949 0.60465 0.94527 -0.32629
0.30059 0.60427 0.94469 -0.32797
0.30169 0.60388 0.94410 -0.32966
0.30278 0.60350 0.94351 -0.33134
0.30388 0.60311 0.94292 -0.33303
0.30497 0.60273 0.94232 -0.33472
0.30607 0.60234 0.94171 -0.33642
0.30716 0.60195 0.94110 -0.33812
0.30825 0.60155 0.94049 -0.33982
0.30934 0.60116 0.93987 -0.34153
0.31042 0.60076 0.93925 -0.34324
0.31151 0.60037 0.93862 -0.34495
0.31259 0.59997 0.93799 -0.34666
0.31367 0.59957 0.93735 -0.34838
0.31475 0.59916 0.93671 -0.35011
0.31583 0.59876 0.93606 -0.35183
0.31691 0.59835 0.93541 -0.35356
0.31798 0.59794 0.93476 -0.35529
0.31906 0.59754 0.93409 -0.35703
0.32013 0.59712 0.93343 -0.35877
0.32120 0.59671 0.93276 -0.36051
0.32227 0.59630 0.93208 -0.36225
0.32334 0.59588 0.93140 -0.36400
0.32441 0.59546 0.93071 -0.36575
0.32547 0.59504 0.93002 -0.36751
0.32653 0.59462 0.92932 -0.36927
0.32760 0.59420 0.92862 -0.37103
0.32866 0.59377 0.92792 -0.37279
0.32971 0.59335 0.92720 -0.37456
0.33077 0.59292 0.92649 -0.37633
0.33183 0.59249 0.92576 -0.37810
0.33288 0.59206 0.92504 -0.37988
0.33393 0.59163 0.92430 -0.38166
0.33498 0.59119 0.92357 -0.38344
0.33603 0.59075 0.92282 -0.38523
0.33708 0.59032 0.92207 -0.38702
0.33812 0.58987 0.92132 -0.38881
0.33917 0.58943 0.92056 -0.39060
0.34021 0.58899 0.91980 -0.39240
0.34125 0.58854 0.91902 -0.39420
0.34229 0.58810 0.91825 -0.39600
0.34333 0.58765 0.91747 -0.39781
0.34436 0.58720 0.91668 -0.39962
0.34540 0.58675 0.91589 -0.40143
0.34643 0.58629 0.91509 -0.40325
0.34746 0.58584 0.91429 -0.40506
0.34849 0.58538 0.91348 -0.40688
0.34952 0.58492 0.91267 -0.40871
0.35055 0.58446 0.91185 -0.41053
0.35157 0.58400 0.91102 -0.41236
0.35259 0.58353 0.91019 -0.41419
0.35361 0.58307 0.90935 -0.41603
0.35463 0.58260 0.90851 -0.41786
0.35565 0.58213 0.90766 -0.41970
0.35667 0.58166 0.90681 -0.42155
0.35768 0.58119 0.90595 -0.42339
0.35870 0.58071 0.90508 -0.42524
0.35971 0.58024 0.90421 -0.42709
0.36072 0.57976 0.90333 -0.42894
0.36172 0.57928 0.90245 -0.43079
0.36273 0.57880 0.90156 -0.43265
0.36373 0.57831 0.90067 -0.43451
0.36474 0.57783 0.89977 -0.43637
0.36574 0.57734 0.89886 -0.43824
0.36674 0.57685 0.89795 -0.44010
0.36774 0.57636 0.89703 -0.44197
0.36873 0.57587 0.89610 -0.44384
0.36973 0.57538 0.89517 -0.44572
0.37072 0.57488 0.89424 -0.44759
0.37171 0.57438 0.89329 -0.44947
0.37270 0.57388 0.89235 -0.45135
0.37369 0.57338 0.89139 -0.45323
0.37467 0.57288 0.89043 -0.45512
0.37566 0.57238 0.88946 -0.45700
0.37664 0.57187 0.88849 -0.45889
0.37762 0.57136 0.88751 -0.46078
0.37860 0.57085 0.88653 -0.46268
0.37957 0.57034 0.88554 -0.46457
0.38055 0.56983 0.88454 -0.46647
0.38152 0.56931 0.88354 -0.46836
0.38250 0.56880 0.88253 -0.47026
0.38347 0.56828 0.88151 -0.47217
0.38443 0.56776 0.88049 -0.47407
0.38540 0.56724 0.87946 -0.47597
0.38637 0.56671 0.87843 -0.47788
0.38733 0.56619 0.87738 -0.47979
0.38829 0.56566 0.87634 -0.48170
0.38925 0.56513 0.87528 -0.48361
0.39021 0.56460 0.87422 -0.48552
0.39117 0.56407 0.87316 -0.48744
0.39212 0.56353 0.87209 -0.48935
0.39307 0.56300 0.87101 -0.49127
0.39402 0.56246 0.86992 -0.49319
0.39497 0.56192 0.86883 -0.49511
0.39592 0.56138 0.86773 -0.49703
0.39687 0.56084 0.86663 -0.49895
0.39781 0.56029 0.86552 -0.50088
0.39875 0.55974 0.86440 -0.50280
0.39969 0.55920 0.86328 -0.50473
0.40063 0.55865 0.86215 -0.50665
0.40157 0.55809 0.86101 -0.50858
0.40251 0.55754 0.85987 -0.51051
0.40344 0.55698 0.85872 -0.51244
0.40437 0.55643 0.85757 -0.51437
0.40530 0.55587 0.85641 -0.51630
0.40623 0.55531 0.85524 -0.51824
0.40716 0.55474 0.85406 -0.52017
0.40808 0.55418 0.85288 -0.52210
0.40900 0.55361 0.85169 -0.52404
0.40992 0.55304 0.85050 -0.52597
0.41084 0.55247 0.84930 -0.52791
0.41176 0.55190 0.84809 -0.52985
0.41268 0.55133 0.84688 -0.53178
0.41359 0.55075 0.84566 -0.53372
0.41450 0.55018 0.84443 -0.53566
0.41541 0.54960 0.84320 -0.53760
0.41632 0.54902 0.84196 -0.53953
0.41723 0.54843 0.84072 -0.54147
0.41813 0.54785 0.83947 -0.54341
0.41904 0.54726 0.83821 -0.54535
0.41994 0.54668 0.83694 -0.54729
0.42084 0.54609 0.83567 -0.54923
0.42174 0.54549 0.83439 -0.55117
0.42263 0.54490 0.83311 -0.55311
0.42353 0.54431 0.83182 -0.55505
0.42442 0.54371 0.83052 -0.55699
0.42531 0.54311 0.82922 -0.55892
0.42620 0.54251 0.82791 -0.56086
0.42709 0.54191 0.82659 -0.56280
0.42797 0.54130 0.82527 -0.56474
0.42885 0.54070 0.82394 -0.56668
0.42974 0.54009 0.82261 -0.56861
0.43062 0.53948 0.82126 -0.57055
0.43149 0.53887 0.81992 -0.57249
0.43237 0.53825 0.81856 -0.57442
0.43324 0.53764 0.81720 -0.57635
0.43412 0.53702 0.81583 -0.57829
0.43499 0.53640 0.81446 -0.58022
0.43586 0.53578 0.81308 -0.58215
0.43672 0.53516 0.81169 -0.58409
0.43759 0.53454 0.81030 -0.58602
0.43845 0.53391 0.80890 -0.58795
0.43931 0.53328 0.80750 -0.58987
0.44017 0.53265 0.80608 -0.59180
0.44103 0.53202 0.80467 -0.59373
0.44189 0.53139 0.80324 -0.59565
0.44274 0.53075 0.80181 -0.59758
0.44359 0.53012 0.80038 -0.59950
0.44445 0.52948 0.79893 -0.60142
0.44529 0.52884 0.79748 -0.60334
0.44614 0.52819 0.79603 -0.60526
0.44699 0.52755 0.79457 -0.60718
0.44783 0.52690 0.79310 -0.60909
0.44867 0.52626 0.79163 -0.61100
0.44951 0.52561 0.79015 -0.61292
0.45035 0.52495 0.78866 -0.61483
0.45119 0.52430 0.78717 -0.61673
0.45202 0.52365 0.78567 -0.61864
0.45285 0.52299 0.78417 -0.62055
0.45368 0.52233 0.78266 -0.62245
0.45451 0.52167 0.78115 -0.62435
0.45534 0.52101 0.77962 -0.62625
0.45616 0.52034 0.77810 -0.62814
0.45699 0.51968 0.77656 -0.63004
0.45781 0.51901 0.77502 -0.63193
0.45863 0.51834 0.77348 -0.63382
0.45944 0.51767 0.77193 -0.63571
0.46026 0.51699 0.77037 -0.63759
0.46107 0.51632 0.76881 -0.63948
0.46189 0.51564 0.76724 -0.64136
0.46270 0.51496 0.76567 -0.64323
0.46351 0.51428 0.76409 -0.64511
0.46431 0.51360 0.76251 -0.64698
0.46512 0.51291 0.76092 -0.64885
0.46592 0.51223 0.75932 -0.65072
0.46672 0.51154 0.75772 -0.65258
0.46752 0.51085 0.75611 -0.65444
0.46832 0.51016 0.75450 -0.65630
0.46911 0.50946 0.75288 -0.65816
0.46991 0.50877 0.75126 -0.66001
0.47070 0.50807 0.74963 -0.66186
0.47149 0.50737 0.74799 -0.66371
0.47228 0.50667 0.74635 -0.66555
0.47306 0.50597 0.74471 -0.66739
0.47385 0.50526 0.74306 -0.66923
0.47463 0.50455 0.74140 -0.67106
0.47541 0.50385 0.73974 -0.67289
0.47619 0.50313 0.73808 -0.67472
0.47697 0.50242 0.73641 -0.67654
0.47774 0.50171 0.73473 -0.67836
0.47852 0.50099 0.73305 -0.68017
0.47929 0.50027 0.73137 -0.68199
0.48006 0.49956 0.72967 -0.68379
0.48083 0.49883 0.72798 -0.68560
0.48159 0.49811 0.72628 -0.68740
0.48236 0.49739 0.72457 -0.68920
0.48312 0.49666 0.72286 -0.69099
0.48388 0.49593 0.72115 -0.69278
0.48464 0.49520 0.71943 -0.69457
0.48540 0.49447 0.71771 -0.69635
0.48615 0.49373 0.71598 -0.69812
0.48690 0.49300 0.71424 -0.69990
0.48765 0.49226 0.71251 -0.70167
0.48840 0.49152 0.71076 -0.70343
0.48915 0.49078 0.70902 -0.70519
0.48990 0.49003 0.70727 -0.70695
0.49064 0.48929 0.70551 -0.70870
0.49138 0.48854 0.70375 -0.71045
0.49212 0.48779 0.70199 -0.71219
0.49286 0.48704 0.70022 -0.71393
0.49360 0.48629 0.69845 -0.71566
0.49433 0.48553 0.69667 -0.71739
0.49507 0.48478 0.69489 -0.71912
0.49580 0.48402 0.69310 -0.72084
0.49653 0.48326 0.69131 -0.72255
0.49725 0.48250 0.68952 -0.72426
0.49798 0.48173 0.68773 -0.72597
0.49870 0.48097 0.68593 -0.72767
0.49942 0.48020 0.68412 -0.72937
0.50014 0.47943 0.68231 -0.73106
0.50086 0.47866 0.68050 -0.73275
0.50158 0.47788 0.67869 -0.73443
0.50229 0.47711 0.67687 -0.73610
0.50301 0.47633 0.67505 -0.73778
0.50372 0.47555 0.67322 -0.73944
0.50443 0.47477 0.67139 -0.74110
0.50513 0.47399 0.66956 -0.74276
0.50584 0.47321 0.66772 -0.74441
0.50654 0.47242 0.66588 -0.74606
0.50724 0.47163 0.66404 -0.74770
0.50794 0.47084 0.66219 -0.74933
0.50864 0.47005 0.66035 -0.75096
0.50934 0.46926 0.65849 -0.75259
0.51003 0.46846 0.65664 -0.75421
0.51072 0.46767 0.65478 -0.75582
0.51141 0.46687 0.65292 -0.75743
0.51210 0.46607 0.65106 -0.75903
0.51279 0.46526 0.64919 -0.76063
0.51347 0.46446 0.64732 -0.76222
0.51416 0.46365 0.64545 -0.76380
0.51484 0.46284 0.64357 -0.76538
0.51552 0.46203 0.64170 -0.76696
0.51619 0.46122 0.63982 -0.76853
0.51687 0.46041 0.63793 -0.77009
0.51754 0.45959 0.63605 -0.77165
0.51822 0.45878 0.63416 -0.77320
0.51889 0.45796 0.63227 -0.77475
0.51955 0.45714 0.63038 -0.77629
0.52022 0.45631 0.62849 -0.77782
0.52089 0.45549 0.62659 -0.77935
0.52155 0.45466 0.62469 -0.78087
0.52221 0.45383 0.62279 -0.78239
0.52287 0.45300 0.62089 -0.78390
0.52353 0.45217 0.61899 -0.78540
0.52418 0.45134 0.61708 -0.78690
0.52484 0.45050 0.61517 -0.78839
0.52549 0.44966 0.61326 -0.78988
0.52614 0.44882 0.61135 -0.79136
0.52679 0.44798 0.60944 -0.79283
0.52743 0.44714 0.60752 -0.79430
0.52808 0.44629 0.60561 -0.79576
0.52872 0.44545 0.60369 -0.79722
0.52936 0.44460 0.60177 -0.79867
0.53000 0.44375 0.59985 -0.80011
0.53064 0.44290 0.59792 -0.80155
0.53127 0.44204 0.59600 -0.80298
0.53191 0.44119 0.59408 -0.80441
0.53254 0.44033 0.59215 -0.80583
0.53317 0.43947 0.59022 -0.80724
0.53380 0.43861 0.58830 -0.80865
0.53442 0.43775 0.58637 -0.81005
0.53505 0.43688 0.58444 -0.81144
0.53567 0.43601 0.58250 -0.81283
0.53629 0.43515 0.58057 -0.81421
0.53691 0.43427 0.57864 -0.81558
0.53753 0.43340 0.57671 -0.81695
0.53814 0.43253 0.57477 -0.81831
0.53876 0.43165 0.57284 -0.81967
0.53937 0.43077 0.57090 -0.82102
0.53998 0.42990 0.56896 -0.82236
0.54059 0.42901 0.56703 -0.82370
0.54119 0.42813 0.56509 -0.82503
0.54180 0.42725 0.56315 -0.82635
0.54240 0.42636 0.56121 -0.82767
0.54300 0.42547 0.55928 -0.82898
0.54360 0.42458 0.55734 -0.83029
0.54420 0.42369 0.55540 -0.83158
0.54479 0.42279 0.55346 -0.83288
0.54539 0.42190 0.55152 -0.83416
0.54598 0.42100 0.54958 -0.83544
0.54657 0.42010 0.54764 -0.83671
0.54716 0.41920 0.54570 -0.83798
0.54774 0.41830 0.54376 -0.83924
0.54833 0.41739 0.54182 -0.84049
0.54891 0.41649 0.53989 -0.84174
0.54949 0.41558 0.53795 -0.84298
0.55007 0.41467 0.53601 -0.84421
0.55065 0.41376 0.53407 -0.84544
0.55122 0.41284 0.53213 -0.84666
0.55180 0.41193 0.53020 -0.84787
0.55237 0.41101 0.52826 -0.84908
0.55294 0.41009 0.52632 -0.85028
0.55351 0.40917 0.52439 -0.85148
0.55408 0.40825 0.52245 -0.85267
0.55464 0.40732 0.52052 -0.85385
0.55520 0.40640 0.51859 -0.85502
0.55577 0.40547 0.51665 -0.85619
0.55633 0.40454 0.51472 -0.85736
0.55688 0.40361 0.51279 -0.85851
0.55744 0.40268 0.51086 -0.85966
0.55799 0.40174 0.50893 -0.86081
0.55855 0.40080 0.50700 -0.86194
0.55910 0.39986 0.50508 -0.86307
0.55964 0.39892 0.50315 -0.86420
0.56019 0.39798 0.50123 -0.86532
0.56074 0.39704 0.49930 -0.86643
0.56128 0.39609 0.49738 -0.86753
0.56182 0.39515 0.49546 -0.86863
0.56236 0.39420 0.49354 -0.86972
0.56290 0.39325 0.49162 -0.87081
0.56344 0.39229 0.48970 -0.87189
0.56397 0.39134 0.48778 -0.87296
0.56450 0.39038 0.48587 -0.87403
0.56504 0.38943 0.48396 -0.87509
0.56556 0.38847 0.48204 -0.87615
0.56609 0.38750 0.48013 -0.87720
0.56662 0.38654 0.47823 -0.87824
0.56714 0.38558 0.47632 -0.87927
0.56766 0.38461 0.47441 -0.88030
0.56818 0.38364 0.47251 -0.88133
0.56870 0.38267 0.47061 -0.88234
0.56922 0.38170 0.46871 -0.88335
0.56974 0.38073 0.46681 -0.88436
0.57025 0.37975 0.46491 -0.88536
0.57076 0.37877 0.46302 -0.88635
0.57127 0.37780 0.46113 -0.88733
0.57178 0.37682 0.45924 -0.88831
0.57229 0.37583 0.45735 -0.88929
0.57279 0.37485 0.45546 -0.89026
0.57329 0.37386 0.45358 -0.89122
0.57379 0.37288 0.45169 -0.89217
0.57429 0.37189 0.44981 -0.89312
0.57479 0.37090 0.44793 -0.89407
0.57529 0.36991 0.44606 -0.89500
0.57578 0.36891 0.44418 -0.89594
0.57627 0.36792 0.44231 -0.89686
0.57676 0.36692 0.44044 -0.89778
0.57725 0.36592 0.43858 -0.89869
0.57774 0.36492 0.43671 -0.89960
0.57822 0.36392 0.43485 -0.90050
0.57871 0.36291 0.43299 -0.90140
0.57919 0.36191 0.43113 -0.90229
0.57967 0.36090 0.42928 -0.90317
0.58015 0.35989 0.42742 -0.90405
0.58063 0.35888 0.42557 -0.90492
0.58110 0.35787 0.42373 -0.90579
0.58157 0.35685 0.42188 -0.90665
0.58204 0.35584 0.42004 -0.90751
0.58251 0.35482 0.41820 -0.90836
0.58298 0.35380 0.41636 -0.90920
0.58345 0.35278 0.41453 -0.91004
0.58391 0.35176 0.41269 -0.91087
0.58438 0.35073 0.41086 -0.91170
0.58484 0.34971 0.40904 -0.91252
0.58530 0.34868 0.40721 -0.91333
0.58575 0.34765 0.40539 -0.91414
0.58621 0.34662 0.40357 -0.91495
0.58666 0.34559 0.40176 -0.91575
0.58712 0.34455 0.39995 -0.91654
0.58757 0.34352 0.39814 -0.91733
0.58802 0.34248 0.39633 -0.91811
0.58846 0.34144 0.39453 -0.91888
0.58891 0.34040 0.39272 -0.91966
0.58935 0.33936 0.39093 -0.92042
0.58980 0.33831 0.38913 -0.92118
0.59024 0.33727 0.38734 -0.92194
0.59067 0.33622 0.38555 -0.92269
0.59111 0.33517 0.38376 -0.92343
0.59155 0.33412 0.38198 -0.92417
0.59198 0.33307 0.38020 -0.92490
0.59241 0.33202 0.37842 -0.92563
0.59284 0.33096 0.37665 -0.92636
0.59327 0.32991 0.37488 -0.92707
0.59370 0.32885 0.37311 -0.92779
0.59412 0.32779 0.37135 -0.92849
0.59455 0.32673 0.36958 -0.92920
0.59497 0.32566 0.36783 -0.92989
0.59539 0.32460 0.36607 -0.93059
0.59581 0.32353 0.36432 -0.93127
0.59622 0.32247 0.36257 -0.93196
0.59664 0.32140 0.36082 -0.93263
0.59705 0.32033 0.35908 -0.93331
0.59746 0.31925 0.35734 -0.93397
0.59787 0.31818 0.35561 -0.93464
0.59828 0.31710 0.35387 -0.93529
0.59869 0.31603 0.35214 -0.93595
0.59909 0.31495 0.35042 -0.93659
0.59949 0.31387 0.34869 -0.93724
0.59989 0.31279 0.34698 -0.93787
0.60029 0.31170 0.34526 -0.93851
0.60069 0.31062 0.34355 -0.93914
0.60109 0.30953 0.34184 -0.93976
0.60148 0.30844 0.34013 -0.94038
0.60188 0.30736 0.33843 -0.94099
0.60227 0.30626 0.33673 -0.94160
0.60266 0.30517 0.33503 -0.94221
0.60304 0.30408 0.33334 -0.94281
0.60343 0.30298 0.33165 -0.94340
0.60381 0.30189 0.32996 -0.94399
0.60420 0.30079 0.32828 -0.94458
0.60458 0.29969 0.32660 -0.94516
0.60496 0.29859 0.32492 -0.94574
0.60534 0.29748 0.32325 -0.94631
0.60571 0.29638 0.32158 -0.94688
0.60609 0.29527 0.31991 -0.94745
0.60646 0.29417 0.31825 -0.94801
0.60683 0.29306 0.31659 -0.94856
0.60720 0.29195 0.31494 -0.94911
0.60757 0.29084 0.31328 -0.94966
0.60793 0.28972 0.31164 -0.95020
0.60830 0.28861 0.30999 -0.95074
0.60866 0.28749 0.30835 -0.95127
0.60902 0.28638 0.30671 -0.95180
0.60938 0.28526 0.30507 -0.95233
0.60974 0.28414 0.30344 -0.95285
0.61010 0.28301 0.30181 -0.95337
0.61045 0.28189 0.30019 -0.95388
0.61080 0.28077 0.29857 -0.95439
0.61115 0.27964 0.29695 -0.95489
0.61150 0.27851 0.29533 -0.95539
0.61185 0.27738 0.29372 -0.95589
0.61220 0.27625 0.29212 -0.95638
0.61254 0.27512 0.29051 -0.95687
0.61289 0.27399 0.28891 -0.95736
0.61323 0.27285 0.28731 -0.95784
0.61357 0.27172 0.28572 -0.95831
0.61390 0.27058 0.28413 -0.95879
0.61424 0.26944 0.28254 -0.95926
0.61458 0.26830 0.28096 -0.95972
0.61491 0.26716 0.27938 -0.96018
0.61524 0.26602 0.27780 -0.96064
0.61557 0.26487 0.27623 -0.96109
0.61590 0.26373 0.27466 -0.96154
0.61622 0.26258 0.27309 -0.96199
0.61655 0.26143 0.27152 -0.96243
0.61687 0.26029 0.26996 -0.96287
0.61719 0.25913 0.26841 -0.96331
0.61751 0.25798 0.26685 -0.96374
0.61783 0.25683 0.26531 -0.96416
0.61815 0.25567 0.26376 -0.96459
0.61846 0.25452 0.26222 -0.96501
0.61878 0.25336 0.26068 -0.96543
0.61909 0.25220 0.25914 -0.96584
0.61940 0.25104 0.25761 -0.96625
0.61971 0.24988 0.25608 -0.96666
0.62002 0.24872 0.25455 -0.96706
0.62032 0.24755 0.25303 -0.96746
0.62063 0.24639 0.25151 -0.96786
0.62093 0.24522 0.24999 -0.96825
0.62123 0.24405 0.24848 -0.96864
0.62153 0.24288 0.24697 -0.96902
0.62182 0.24171 0.24546 -0.96941
0.62212 0.24054 0.24396 -0.96979
0.62241 0.23937 0.24246 -0.97016
0.62271 0.23820 0.24096 -0.97053
0.62300 0.23702 0.23947 -0.97090
0.62329 0.23584 0.23798 -0.97127
0.62357 0.23467 0.23649 -0.97163
0.62386 0.23349 0.23501 -0.97199
0.62414 0.23231 0.23353 -0.97235
0.62443 0.23112 0.23205 -0.97270
0.62471 0.22994 0.23058 -0.97305
0.62499 0.22876 0.22911 -0.97340
0.62527 0.22757 0.22764 -0.97375
0.62554 0.22639 0.22617 -0.97409
0.62582 0.22520 0.22471 -0.97443
0.62609 0.22401 0.22325 -0.97476
0.62636 0.22282 0.22180 -0.97509
0.62663 0.22163 0.22035 -0.97542
0.62690 0.22044 0.21890 -0.97575
0.62717 0.21924 0.21745 -0.97607
0.62743 0.21805 0.21601 -0.97639
0.62770 0.21685 0.21457 -0.97671
0.62796 0.21566 0.21313 -0.97702
0.62822 0.21446 0.21170 -0.97733
0.62848 0.21326 0.21027 -0.97764
0.62874 0.21206 0.20884 -0.97795
0.62899 0.21086 0.20742 -0.97825
0.62924 0.20965 0.20600 -0.97855
0.62950 0.20845 0.20458 -0.97885
0.62975 0.20725 0.20317 -0.97914
0.63000 0.20604 0.20175 -0.97944
0.63025 0.20483 0.20034 -0.97973
0.63049 0.20362 0.19894 -0.98001
0.63074 0.20242 0.19753 -0.98030
0.63098 0.20121 0.19613 -0.98058
0.63122 0.19999 0.19474 -0.98086
0.63146 0.19878 0.19334 -0.98113
0.63170 0.19757 0.19195 -0.98140
0.63194 0.19635 0.19056 -0.98168
0.63217 0.19514 0.18918 -0.98194
0.63240 0.19392 0.18779 -0.98221
0.63264 0.19270 0.18641 -0.98247
0.63287 0.19148 0.18504 -0.98273
0.63309 0.19026 0.18366 -0.98299
0.63332 0.18904 0.18229 -0.98325
0.63355 0.18782 0.18092 -0.98350
0.63377 0.18660 0.17955 -0.98375
0.63399 0.18537 0.17819 -0.98400
0.63422 0.18415 0.17683 -0.98424
0.63443 0.18292 0.17547 -0.98448
0.63465 0.18170 0.17412 -0.98473
0.63487 0.18047 0.17276 -0.98496
0.63508 0.17924 0.17141 -0.98520
0.63530 0.17801 0.17007 -0.98543
0.63551 0.17678 0.16872 -0.98566
0.63572 0.17555 0.16738 -0.98589
0.63593 0.17432 0.16604 -0.98612
0.63613 0.17308 0.16470 -0.98634
0.63634 0.17185 0.16337 -0.98657
0.63654 0.17061 0.16204 -0.98678
0.63674 0.16937 0.16071 -0.98700
0.63695 0.16814 0.15938 -0.98722
0.63714 0.16690 0.15806 -0.98743
0.63734 0.16566 0.15673 -0.98764
0.63754 0.16442 0.15542 -0.98785
0.63773 0.16318 0.15410 -0.98806
0.63792 0.16194 0.15278 -0.98826
0.63812 0.16069 0.15147 -0.98846
0.63831 0.15945 0.15016 -0.98866
0.63849 0.15821 0.14886 -0.98886
0.63868 0.15696 0.14755 -0.98905
0.63887 0.15571 0.14625 -0.98925
0.63905 0.15447 0.14495 -0.98944
0.63923 0.15322 0.14365 -0.98963
0.63941 0.15197 0.14236 -0.98982
0.63959 0.15072 0.14106 -0.99000
0.63977 0.14947 0.13977 -0.99018
0.63994 0.14822 0.13848 -0.99036
0.64012 0.14697 0.13720 -0.99054
0.64029 0.14571 0.13591 -0.99072
0.64046 0.14446 0.13463 -0.99090
0.64063 0.14320 0.13335 -0.99107
0.64080 0.14195 0.13208 -0.99124
0.64097 0.14069 0.13080 -0.99141
0.64113 0.13944 0.12953 -0.99158
0.64129 0.13818 0.12826 -0.99174
0.64146 0.13692 0.12699 -0.99190
0.64162 0.13566 0.12572 -0.99207
0.64178 0.13440 0.12446 -0.99223
0.64193 0.13314 0.12319 -0.99238
0.64209 0.13188 0.12193 -0.99254
0.64224 0.13062 0.12067 -0.99269
0.64240 0.12935 0.11942 -0.99284
0.64255 0.12809 0.11816 -0.99299
0.64270 0.12683 0.11691 -0.99314
0.64285 0.12556 0.11566 -0.99329
0.64299 0.12429 0.11441 -0.99343
0.64314 0.12303 0.11316 -0.99358
0.64328 0.12176 0.11192 -0.99372
0.64342 0.12049 0.11067 -0.99386
0.64356 0.11922 0.10943 -0.99399
0.64370 0.11796 0.10819 -0.99413
0.64384 0.11669 0.10695 -0.99426
0.64397 0.11541 0.10572 -0.99440
0.64411 0.11414 0.10448 -0.99453
0.64424 0.11287 0.10325 -0.99466
0.64437 0.11160 0.10202 -0.99478
0.64450 0.11033 0.10079 -0.99491
0.64463 0.10905 0.09956 -0.99503
0.64476 0.10778 0.09834 -0.99515
0.64488 0.10650 0.09712 -0.99527
0.64501 0.10523 0.09589 -0.99539
0.64513 0.10395 0.09467 -0.99551
0.64525 0.10268 0.09345 -0.99562
0.64537 0.10140 0.09224 -0.99574
0.64549 0.10012 0.09102 -0.99585
0.64560 0.09884 0.08980 -0.99596
0.64572 0.09756 0.08859 -0.99607
0.64583 0.09628 0.08738 -0.99618
0.64594 0.09500 0.08617 -0.99628
0.64605 0.09372 0.08496 -0.99638
0.64616 0.09244 0.08376 -0.99649
0.64627 0.09116 0.08255 -0.99659
0.64637 0.08988 0.08135 -0.99669
0.64648 0.08860 0.08014 -0.99678
0.64658 0.08731 0.07894 -0.99688
0.64668 0.08603 0.07774 -0.99697
0.64678 0.08475 0.07654 -0.99707
0.64688 0.08346 0.07534 -0.99716
0.64697 0.08218 0.07415 -0.99725
0.64707 0.08089 0.07295 -0.99734
0.64716 0.07961 0.07176 -0.99742
0.64725 0.07832 0.07057 -0.99751
0.64734 0.07703 0.06938 -0.99759
0.64743 0.07574 0.06819 -0.99767
0.64752 0.07446 0.06700 -0.99775
0.64760 0.07317 0.06581 -0.99783
0.64769 0.07188 0.06462 -0.99791
0.64777 0.07059 0.06344 -0.99799
0.64785 0.06930 0.06225 -0.99806
0.64793 0.06801 0.06107 -0.99813
0.64801 0.06672 0.05989 -0.99821
0.64809 0.06543 0.05871 -0.99828
0.64816 0.06414 0.05753 -0.99834
0.64824 0.06285 0.05635 -0.99841
0.64831 0.06156 0.05517 -0.99848
0.64838 0.06027 0.05399 -0.99854
0.64845 0.05897 0.05282 -0.99860
0.64852 0.05768 0.05164 -0.99867
0.64858 0.05639 0.05047 -0.99873
0.64865 0.05510 0.04929 -0.99878
0.64871 0.05380 0.04812 -0.99884
0.64877 0.05251 0.04695 -0.99890
0.64883 0.05121 0.04578 -0.99895
0.64889 0.04992 0.04461 -0.99900
0.64895 0.04863 0.04344 -0.99906
0.64900 0.04733 0.04227 -0.99911
0.64906 0.04604 0.04110 -0.99916
0.64911 0.04474 0.03993 -0.99920
0.64916 0.04344 0.03877 -0.99925
0.64921 0.04215 0.03760 -0.99929
0.64926 0.04085 0.03643 -0.99934
0.64930 0.03956 0.03527 -0.99938
0.64935 0.03826 0.03411 -0.99942
0.64939 0.03696 0.03294 -0.99946
0.64943 0.03566 0.03178 -0.99949
0.64947 0.03437 0.03062 -0.99953
0.64951 0.03307 0.02946 -0.99957
0.64955 0.03177 0.02829 -0.99960
0.64959 0.03047 0.02713 -0.99963
0.64962 0.02918 0.02597 -0.99966
0.64965 0.02788 0.02481 -0.99969
0.64969 0.02658 0.02365 -0.99972
0.64972 0.02528 0.02249 -0.99975
0.64974 0.02398 0.02134 -0.99977
0.64977 0.02268 0.02018 -0.99980
0.64980 0.02138 0.01902 -0.99982
0.64982 0.02009 0.01786 -0.99984
0.64984 0.01879 0.01670 -0.99986
0.64986 0.01749 0.01555 -0.99988
0.64988 0.01619 0.01439 -0.99990
0.64990 0.01489 0.01323 -0.99991
0.64992 0.01359 0.01208 -0.99993
0.64993 0.01229 0.01092 -0.99994
0.64995 0.01099 0.00977 -0.99995
0.64996 0.00969 0.00861 -0.99996
0.64997 0.00839 0.00746 -0.99997
0.64998 0.00709 0.00630 -0.99998
0.64999 0.00579 0.00514 -0.99999
0.64999 0.00449 0.00399 -0.99999
0.65000 0.00319 0.00283 -1.00000
0.65000 0.00189 0.00168 -1.00000
0.65000 0.00059 0.00052 -1.00000
0.65000 -0.00071 -0.00063 -1.00000
