-0.05000 0.00000 0.00000 1.00000
-0.05000 0.00010 0.00199 1.00000
-0.05000 0.00020 0.00399 0.99999
-0.05000 0.00030 0.00598 0.99998
-0.05000 0.00040 0.00798 0.99997
-0.05000 0.00050 0.00997 0.99995
-0.05000 0.00060 0.01197 0.99993
-0.05000 0.00070 0.01396 0.99990
-0.04999 0.00080 0.01596 0.99987
-0.04999 0.00090 0.01795 0.99984
-0.04999 0.00100 0.01995 0.99980
-0.04999 0.00110 0.02194 0.99976
-0.04999 0.00120 0.02394 0.99971
-0.04998 0.00130 0.02593 0.99966
-0.04998 0.00140 0.02793 0.99961
-0.04998 0.00150 0.02992 0.99955
-0.04997 0.00160 0.03191 0.99949
-0.04997 0.00170 0.03391 0.99942
-0.04997 0.00180 0.03590 0.99936
-0.04996 0.00190 0.03790 0.99928
-0.04996 0.00200 0.03989 0.99920
-0.04996 0.00210 0.04188 0.99912
-0.04995 0.00220 0.04388 0.99904
-0.04995 0.00230 0.04587 0.99895
-0.04994 0.00240 0.04786 0.99885
-0.04994 0.00250 0.04985 0.99876
-0.04993 0.00260 0.05185 0.99866
-0.04993 0.00270 0.05384 0.99855
-0.04992 0.00280 0.05583 0.99844
-0.04992 0.00290 0.05782 0.99833
-0.04991 0.00300 0.05982 0.99821
-0.04990 0.00310 0.06181 0.99809
-0.04990 0.00320 0.06380 0.99796
-0.04989 0.00330 0.06579 0.99783
-0.04988 0.00340 0.06778 0.99770
-0.04988 0.00350 0.06977 0.99756
-0.04987 0.00360 0.07176 0.99742
-0.04986 0.00370 0.07375 0.99728
-0.04986 0.00380 0.07574 0.99713
-0.04985 0.00390 0.07773 0.99697
-0.04984 0.00400 0.07972 0.99682
-0.04983 0.00410 0.08171 0.99666
-0.04982 0.00420 0.08369 0.99649
-0.04982 0.00429 0.08568 0.99632
-0.04981 0.00439 0.08767 0.99615
-0.04980 0.00449 0.08966 0.99597
-0.04979 0.00459 0.09165 0.99579
-0.04978 0.00469 0.09363 0.99561
-0.04977 0.00479 0.09562 0.99542
-0.04976 0.00489 0.09760 0.99523
-0.04975 0.00499 0.09959 0.99503
-0.04974 0.00509 0.10157 0.99483
-0.04973 0.00519 0.10356 0.99462
-0.04972 0.00529 0.10554 0.99441
-0.04971 0.00539 0.10753 0.99420
-0.04970 0.00549 0.10951 0.99399
-0.04969 0.00559 0.11149 0.99377
-0.04968 0.00569 0.11348 0.99354
-0.04966 0.00579 0.11546 0.99331
-0.04965 0.00589 0.11744 0.99308
-0.04964 0.00599 0.11942 0.99284
-0.04963 0.00608 0.12140 0.99260
-0.04962 0.00618 0.12338 0.99236
-0.04960 0.00628 0.12536 0.99211
-0.04959 0.00638 0.12734 0.99186
-0.04958 0.00648 0.12932 0.99160
-0.04957 0.00658 0.13130 0.99134
-0.04955 0.00668 0.13328 0.99108
-0.04954 0.00678 0.13526 0.99081
-0.04953 0.00688 0.13723 0.99054
-0.04951 0.00698 0.13921 0.99026
-0.04950 0.00708 0.14119 0.98998
-0.04948 0.00718 0.14316 0.98970
-0.04947 0.00727 0.14514 0.98941
-0.04945 0.00737 0.14711 0.98912
-0.04944 0.00747 0.14908 0.98882
-0.04942 0.00757 0.15106 0.98853
-0.04941 0.00767 0.15303 0.98822
-0.04939 0.00777 0.15500 0.98791
-0.04938 0.00787 0.15697 0.98760
-0.04936 0.00797 0.15894 0.98729
-0.04935 0.00806 0.16091 0.98697
-0.04933 0.00816 0.16288 0.98665
-0.04931 0.00826 0.16485 0.98632
-0.04930 0.00836 0.16682 0.98599
-0.04928 0.00846 0.16879 0.98565
-0.04926 0.00856 0.17075 0.98531
-0.04925 0.00866 0.17272 0.98497
-0.04923 0.00875 0.17469 0.98462
-0.04921 0.00885 0.17665 0.98427
-0.04919 0.00895 0.17861 0.98392
-0.04918 0.00905 0.18058 0.98356
-0.04916 0.00915 0.18254 0.98320
-0.04914 0.00925 0.18450 0.98283
-0.04912 0.00934 0.18646 0.98246
-0.04910 0.00944 0.18843 0.98209
-0.04908 0.00954 0.19038 0.98171
-0.04906 0.00964 0.19234 0.98133
-0.04905 0.00974 0.19430 0.98094
-0.04903 0.00984 0.19626 0.98055
-0.04901 0.00993 0.19822 0.98016
-0.04899 0.01003 0.20017 0.97976
-0.04897 0.01013 0.20213 0.97936
-0.04895 0.01023 0.20408 0.97895
-0.04892 0.01032 0.20604 0.97854
-0.04890 0.01042 0.20799 0.97813
-0.04888 0.01052 0.20994 0.97771
-0.04886 0.01062 0.21189 0.97729
-0.04884 0.01072 0.21384 0.97687
-0.04882 0.01081 0.21579 0.97644
-0.04880 0.01091 0.21774 0.97601
-0.04878 0.01101 0.21969 0.97557
-0.04875 0.01111 0.22164 0.97513
-0.04873 0.01120 0.22358 0.97468
-0.04871 0.01130 0.22553 0.97424
-0.04869 0.01140 0.22747 0.97378
-0.04866 0.01150 0.22942 0.97333
-0.04864 0.01159 0.23136 0.97287
-0.04862 0.01169 0.23330 0.97240
-0.04859 0.01179 0.23524 0.97194
-0.04857 0.01188 0.23718 0.97146
-0.04855 0.01198 0.23912 0.97099
-0.04852 0.01208 0.24106 0.97051
-0.04850 0.01218 0.24300 0.97003
-0.04847 0.01227 0.24493 0.96954
-0.04845 0.01237 0.24687 0.96905
-0.04842 0.01247 0.24880 0.96855
-0.04840 0.01256 0.25074 0.96805
-0.04837 0.01266 0.25267 0.96755
-0.04835 0.01276 0.25460 0.96705
-0.04832 0.01285 0.25653 0.96654
-0.04830 0.01295 0.25846 0.96602
-0.04827 0.01305 0.26039 0.96550
-0.04825 0.01314 0.26232 0.96498
-0.04822 0.01324 0.26424 0.96446
-0.04819 0.01334 0.26617 0.96393
-0.04817 0.01343 0.26809 0.96339
-0.04814 0.01353 0.27002 0.96286
-0.04811 0.01363 0.27194 0.96231
-0.04808 0.01372 0.27386 0.96177
-0.04806 0.01382 0.27578 0.96122
-0.04803 0.01391 0.27770 0.96067
-0.04800 0.01401 0.27962 0.96011
-0.04797 0.01411 0.28154 0.95955
-0.04795 0.01420 0.28345 0.95899
-0.04792 0.01430 0.28537 0.95842
-0.04789 0.01439 0.28728 0.95785
-0.04786 0.01449 0.28919 0.95727
-0.04783 0.01458 0.29110 0.95669
-0.04780 0.01468 0.29301 0.95611
-0.04777 0.01478 0.29492 0.95552
-0.04774 0.01487 0.29683 0.95493
-0.04771 0.01497 0.29874 0.95434
-0.04768 0.01506 0.30064 0.95374
-0.04765 0.01516 0.30255 0.95313
-0.04762 0.01525 0.30445 0.95253
-0.04759 0.01535 0.30635 0.95192
-0.04756 0.01544 0.30825 0.95130
-0.04753 0.01554 0.31015 0.95069
-0.04750 0.01563 0.31205 0.95006
-0.04747 0.01573 0.31395 0.94944
-0.04744 0.01582 0.31585 0.94881
-0.04740 0.01592 0.31774 0.94818
-0.04737 0.01601 0.31963 0.94754
-0.04734 0.01611 0.32153 0.94690
-0.04731 0.01620 0.32342 0.94626
-0.04728 0.01630 0.32531 0.94561
-0.04724 0.01639 0.32720 0.94496
-0.04721 0.01648 0.32908 0.94430
-0.04718 0.01658 0.33097 0.94364
-0.04714 0.01667 0.33285 0.94298
-0.04711 0.01677 0.33474 0.94231
-0.04708 0.01686 0.33662 0.94164
-0.04704 0.01696 0.33850 0.94097
-0.04701 0.01705 0.34038 0.94029
-0.04698 0.01714 0.34226 0.93961
-0.04694 0.01724 0.34413 0.93892
-0.04691 0.01733 0.34601 0.93823
-0.04687 0.01743 0.34788 0.93754
-0.04684 0.01752 0.34976 0.93684
-0.04680 0.01761 0.35163 0.93614
-0.04677 0.01771 0.35350 0.93544
-0.04673 0.01780 0.35537 0.93473
-0.04670 0.01789 0.35723 0.93401
-0.04666 0.01799 0.35910 0.93330
-0.04662 0.01808 0.36096 0.93258
-0.04659 0.01817 0.36283 0.93186
-0.04655 0.01827 0.36469 0.93113
-0.04652 0.01836 0.36655 0.93040
-0.04648 0.01845 0.36841 0.92966
-0.04644 0.01854 0.37026 0.92893
-0.04640 0.01864 0.37212 0.92818
-0.04637 0.01873 0.37397 0.92744
-0.04633 0.01882 0.37583 0.92669
-0.04629 0.01892 0.37768 0.92594
-0.04625 0.01901 0.37953 0.92518
-0.04622 0.01910 0.38138 0.92442
-0.04618 0.01919 0.38322 0.92366
-0.04614 0.01929 0.38507 0.92289
-0.04610 0.01938 0.38691 0.92212
-0.04606 0.01947 0.38876 0.92134
-0.04602 0.01956 0.39060 0.92056
-0.04598 0.01965 0.39244 0.91978
-0.04594 0.01975 0.39427 0.91899
-0.04591 0.01984 0.39611 0.91820
-0.04587 0.01993 0.39794 0.91741
-0.04583 0.02002 0.39978 0.91661
-0.04579 0.02011 0.40161 0.91581
-0.04575 0.02020 0.40344 0.91501
-0.04571 0.02030 0.40527 0.91420
-0.04566 0.02039 0.40709 0.91339
-0.04562 0.02048 0.40892 0.91257
-0.04558 0.02057 0.41074 0.91175
-0.04554 0.02066 0.41257 0.91093
-0.04550 0.02075 0.41439 0.91010
-0.04546 0.02084 0.41620 0.90927
-0.04542 0.02093 0.41802 0.90844
-0.04538 0.02102 0.41984 0.90760
-0.04533 0.02111 0.42165 0.90676
-0.04529 0.02120 0.42346 0.90591
-0.04525 0.02130 0.42527 0.90506
-0.04521 0.02139 0.42708 0.90421
-0.04516 0.02148 0.42889 0.90336
-0.04512 0.02157 0.43069 0.90250
-0.04508 0.02166 0.43250 0.90163
-0.04503 0.02175 0.43430 0.90077
-0.04499 0.02184 0.43610 0.89990
-0.04495 0.02193 0.43790 0.89902
-0.04490 0.02202 0.43970 0.89815
-0.04486 0.02211 0.44149 0.89727
-0.04481 0.02220 0.44328 0.89638
-0.04477 0.02229 0.44508 0.89549
-0.04473 0.02237 0.44687 0.89460
-0.04468 0.02246 0.44865 0.89371
-0.04464 0.02255 0.45044 0.89281
-0.04459 0.02264 0.45223 0.89190
-0.04455 0.02273 0.45401 0.89100
-0.04450 0.02282 0.45579 0.89009
-0.04445 0.02291 0.45757 0.88917
-0.04441 0.02300 0.45935 0.88826
-0.04436 0.02309 0.46112 0.88734
-0.04432 0.02318 0.46290 0.88641
-0.04427 0.02326 0.46467 0.88549
-0.04422 0.02335 0.46644 0.88455
-0.04418 0.02344 0.46821 0.88362
-0.04413 0.02353 0.46997 0.88268
-0.04408 0.02362 0.47174 0.88174
-0.04404 0.02371 0.47350 0.88079
-0.04399 0.02379 0.47526 0.87985
-0.04394 0.02388 0.47702 0.87889
-0.04389 0.02397 0.47878 0.87794
-0.04384 0.02406 0.48053 0.87698
-0.04380 0.02414 0.48228 0.87601
-0.04375 0.02423 0.48404 0.87505
-0.04370 0.02432 0.48579 0.87408
-0.04365 0.02441 0.48753 0.87310
-0.04360 0.02449 0.48928 0.87213
-0.04355 0.02458 0.49102 0.87115
-0.04350 0.02467 0.49276 0.87016
-0.04346 0.02475 0.49450 0.86918
-0.04341 0.02484 0.49624 0.86818
-0.04336 0.02493 0.49798 0.86719
-0.04331 0.02501 0.49971 0.86619
-0.04326 0.02510 0.50144 0.86519
-0.04321 0.02519 0.50317 0.86419
-0.04316 0.02527 0.50490 0.86318
-0.04311 0.02536 0.50663 0.86217
-0.04305 0.02545 0.50835 0.86115
-0.04300 0.02553 0.51007 0.86013
-0.04295 0.02562 0.51179 0.85911
-0.04290 0.02570 0.51351 0.85808
-0.04285 0.02579 0.51523 0.85705
-0.04280 0.02588 0.51694 0.85602
-0.04275 0.02596 0.51865 0.85499
-0.04269 0.02605 0.52036 0.85395
-0.04264 0.02613 0.52207 0.85290
-0.04259 0.02622 0.52378 0.85186
-0.04254 0.02630 0.52548 0.85081
-0.04249 0.02639 0.52718 0.84975
-0.04243 0.02647 0.52888 0.84870
-0.04238 0.02656 0.53058 0.84764
-0.04233 0.02664 0.53227 0.84657
-0.04227 0.02673 0.53397 0.84551
-0.04222 0.02681 0.53566 0.84444
-0.04217 0.02689 0.53734 0.84336
-0.04211 0.02698 0.53903 0.84229
-0.04206 0.02706 0.54072 0.84121
-0.04200 0.02715 0.54240 0.84012
-0.04195 0.02723 0.54408 0.83903
-0.04190 0.02731 0.54576 0.83794
-0.04184 0.02740 0.54743 0.83685
-0.04179 0.02748 0.54911 0.83575
-0.04173 0.02757 0.55078 0.83465
-0.04168 0.02765 0.55245 0.83355
-0.04162 0.02773 0.55411 0.83244
-0.04157 0.02781 0.55578 0.83133
-0.04151 0.02790 0.55744 0.83022
-0.04145 0.02798 0.55910 0.82910
-0.04140 0.02806 0.56076 0.82798
-0.04134 0.02815 0.56242 0.82685
-0.04129 0.02823 0.56407 0.82573
-0.04123 0.02831 0.56572 0.82460
-0.04117 0.02839 0.56737 0.82346
-0.04112 0.02848 0.56902 0.82232
-0.04106 0.02856 0.57066 0.82118
-0.04100 0.02864 0.57231 0.82004
-0.04094 0.02872 0.57395 0.81889
-0.04089 0.02880 0.57558 0.81774
-0.04083 0.02889 0.57722 0.81659
-0.04077 0.02897 0.57885 0.81543
-0.04071 0.02905 0.58048 0.81427
-0.04066 0.02913 0.58211 0.81311
-0.04060 0.02921 0.58374 0.81194
-0.04054 0.02929 0.58536 0.81077
-0.04048 0.02937 0.58699 0.80960
-0.04042 0.02945 0.58860 0.80842
-0.04036 0.02953 0.59022 0.80724
-0.04030 0.02961 0.59184 0.80606
-0.04024 0.02970 0.59345 0.80487
-0.04019 0.02978 0.59506 0.80368
-0.04013 0.02986 0.59667 0.80249
-0.04007 0.02994 0.59827 0.80129
-0.04001 0.03002 0.59988 0.80009
-0.03995 0.03010 0.60148 0.79889
-0.03989 0.03018 0.60307 0.79769
-0.03983 0.03026 0.60467 0.79648
-0.03977 0.03033 0.60626 0.79526
-0.03970 0.03041 0.60785 0.79405
-0.03964 0.03049 0.60944 0.79283
-0.03958 0.03057 0.61103 0.79161
-0.03952 0.03065 0.61261 0.79038
-0.03946 0.03073 0.61419 0.78916
-0.03940 0.03081 0.61577 0.78792
-0.03934 0.03089 0.61735 0.78669
-0.03928 0.03097 0.61892 0.78545
-0.03921 0.03104 0.62049 0.78421
-0.03915 0.03112 0.62206 0.78297
-0.03909 0.03120 0.62363 0.78172
-0.03903 0.03128 0.62519 0.78047
-0.03896 0.03136 0.62675 0.77922
-0.03890 0.03144 0.62831 0.77796
-0.03884 0.03151 0.62987 0.77670
-0.03878 0.03159 0.63142 0.77544
-0.03871 0.03167 0.63297 0.77417
-0.03865 0.03174 0.63452 0.77290
-0.03859 0.03182 0.63607 0.77163
-0.03852 0.03190 0.63761 0.77036
-0.03846 0.03198 0.63915 0.76908
-0.03839 0.03205 0.64069 0.76780
-0.03833 0.03213 0.64223 0.76651
-0.03827 0.03221 0.64376 0.76523
-0.03820 0.03228 0.64529 0.76394
-0.03814 0.03236 0.64682 0.76264
-0.03807 0.03243 0.64835 0.76135
-0.03801 0.03251 0.64987 0.76005
-0.03794 0.03259 0.65139 0.75874
-0.03788 0.03266 0.65291 0.75744
-0.03781 0.03274 0.65442 0.75613
-0.03775 0.03281 0.65594 0.75482
-0.03768 0.03289 0.65745 0.75350
-0.03762 0.03296 0.65895 0.75218
-0.03755 0.03304 0.66046 0.75086
-0.03748 0.03311 0.66196 0.74954
-0.03742 0.03319 0.66346 0.74821
-0.03735 0.03326 0.66496 0.74688
-0.03728 0.03334 0.66645 0.74555
-0.03722 0.03341 0.66794 0.74421
-0.03715 0.03349 0.66943 0.74287
-0.03708 0.03356 0.67092 0.74153
-0.03702 0.03363 0.67240 0.74019
-0.03695 0.03371 0.67388 0.73884
-0.03688 0.03378 0.67536 0.73749
-0.03681 0.03386 0.67684 0.73613
-0.03675 0.03393 0.67831 0.73478
-0.03668 0.03400 0.67978 0.73342
-0.03661 0.03408 0.68125 0.73205
-0.03654 0.03415 0.68271 0.73069
-0.03647 0.03422 0.68417 0.72932
-0.03641 0.03429 0.68563 0.72795
-0.03634 0.03437 0.68709 0.72657
-0.03627 0.03444 0.68854 0.72520
-0.03620 0.03451 0.68999 0.72382
-0.03613 0.03458 0.69144 0.72243
-0.03606 0.03466 0.69289 0.72105
-0.03599 0.03473 0.69433 0.71966
-0.03592 0.03480 0.69577 0.71827
-0.03585 0.03487 0.69720 0.71687
-0.03578 0.03494 0.69864 0.71547
-0.03571 0.03502 0.70007 0.71407
-0.03564 0.03509 0.70150 0.71267
-0.03557 0.03516 0.70292 0.71126
-0.03550 0.03523 0.70435 0.70986
-0.03543 0.03530 0.70577 0.70844
-0.03536 0.03537 0.70718 0.70703
-0.03529 0.03544 0.70860 0.70561
-0.03522 0.03551 0.71001 0.70419
-0.03515 0.03558 0.71142 0.70277
-0.03508 0.03565 0.71283 0.70134
-0.03501 0.03572 0.71423 0.69991
-0.03494 0.03579 0.71563 0.69848
-0.03486 0.03586 0.71703 0.69705
-0.03479 0.03593 0.71842 0.69561
-0.03472 0.03600 0.71981 0.69417
-0.03465 0.03607 0.72120 0.69273
-0.03458 0.03614 0.72259 0.69128
-0.03450 0.03621 0.72397 0.68983
-0.03443 0.03628 0.72535 0.68838
-0.03436 0.03635 0.72673 0.68693
-0.03429 0.03641 0.72810 0.68547
-0.03421 0.03648 0.72947 0.68401
-0.03414 0.03655 0.73084 0.68255
-0.03407 0.03662 0.73220 0.68108
-0.03399 0.03669 0.73357 0.67962
-0.03392 0.03675 0.73493 0.67815
-0.03385 0.03682 0.73628 0.67667
-0.03377 0.03689 0.73764 0.67520
-0.03370 0.03696 0.73899 0.67372
-0.03363 0.03702 0.74033 0.67224
-0.03355 0.03709 0.74168 0.67075
-0.03348 0.03716 0.74302 0.66927
-0.03340 0.03723 0.74436 0.66778
-0.03333 0.03729 0.74570 0.66629
-0.03326 0.03736 0.74703 0.66479
-0.03318 0.03742 0.74836 0.66330
-0.03311 0.03749 0.74968 0.66180
-0.03303 0.03756 0.75101 0.66029
-0.03296 0.03762 0.75233 0.65879
-0.03288 0.03769 0.75365 0.65728
-0.03281 0.03775 0.75496 0.65577
-0.03273 0.03782 0.75627 0.65426
-0.03265 0.03788 0.75758 0.65274
-0.03258 0.03795 0.75889 0.65122
-0.03250 0.03801 0.76019 0.64970
-0.03243 0.03808 0.76149 0.64818
-0.03235 0.03814 0.76278 0.64665
-0.03227 0.03821 0.76408 0.64512
-0.03220 0.03827 0.76537 0.64359
-0.03212 0.03834 0.76666 0.64206
-0.03204 0.03840 0.76794 0.64052
-0.03197 0.03847 0.76922 0.63898
-0.03189 0.03853 0.77050 0.63744
-0.03181 0.03859 0.77177 0.63590
-0.03174 0.03866 0.77304 0.63435
-0.03166 0.03872 0.77431 0.63280
-0.03158 0.03878 0.77558 0.63125
-0.03150 0.03885 0.77684 0.62970
-0.03143 0.03891 0.77810 0.62814
-0.03135 0.03897 0.77936 0.62658
-0.03127 0.03903 0.78061 0.62502
-0.03119 0.03910 0.78186 0.62346
-0.03111 0.03916 0.78311 0.62189
-0.03104 0.03922 0.78435 0.62032
-0.03096 0.03928 0.78559 0.61875
-0.03088 0.03934 0.78683 0.61717
-0.03080 0.03941 0.78806 0.61560
-0.03072 0.03947 0.78929 0.61402
-0.03064 0.03953 0.79052 0.61244
-0.03056 0.03959 0.79174 0.61085
-0.03048 0.03965 0.79297 0.60927
-0.03041 0.03971 0.79418 0.60768
-0.03033 0.03977 0.79540 0.60609
-0.03025 0.03983 0.79661 0.60449
-0.03017 0.03989 0.79782 0.60290
-0.03009 0.03995 0.79902 0.60130
-0.03001 0.04001 0.80023 0.59970
-0.02993 0.04007 0.80142 0.59810
-0.02985 0.04013 0.80262 0.59649
-0.02977 0.04019 0.80381 0.59488
-0.02969 0.04025 0.80500 0.59327
-0.02961 0.04031 0.80619 0.59166
-0.02953 0.04037 0.80737 0.59004
-0.02944 0.04043 0.80855 0.58843
-0.02936 0.04049 0.80973 0.58681
-0.02928 0.04055 0.81090 0.58518
-0.02920 0.04060 0.81207 0.58356
-0.02912 0.04066 0.81324 0.58193
-0.02904 0.04072 0.81440 0.58030
-0.02896 0.04078 0.81556 0.57867
-0.02888 0.04084 0.81672 0.57704
-0.02879 0.04089 0.81787 0.57540
-0.02871 0.04095 0.81902 0.57377
-0.02863 0.04101 0.82017 0.57212
-0.02855 0.04107 0.82131 0.57048
-0.02847 0.04112 0.82245 0.56884
-0.02838 0.04118 0.82359 0.56719
-0.02830 0.04124 0.82472 0.56554
-0.02822 0.04129 0.82585 0.56389
-0.02814 0.04135 0.82698 0.56223
-0.02805 0.04140 0.82810 0.56058
-0.02797 0.04146 0.82922 0.55892
-0.02789 0.04152 0.83034 0.55726
-0.02781 0.04157 0.83145 0.55560
-0.02772 0.04163 0.83256 0.55393
-0.02764 0.04168 0.83367 0.55226
-0.02756 0.04174 0.83477 0.55059
-0.02747 0.04179 0.83587 0.54892
-0.02739 0.04185 0.83697 0.54725
-0.02731 0.04190 0.83806 0.54557
-0.02722 0.04196 0.83915 0.54389
-0.02714 0.04201 0.84024 0.54221
-0.02705 0.04206 0.84132 0.54053
-0.02697 0.04212 0.84240 0.53885
-0.02689 0.04217 0.84348 0.53716
-0.02680 0.04223 0.84455 0.53547
-0.02672 0.04228 0.84562 0.53378
-0.02663 0.04233 0.84669 0.53209
-0.02655 0.04239 0.84775 0.53039
-0.02646 0.04244 0.84881 0.52869
-0.02638 0.04249 0.84987 0.52699
-0.02629 0.04254 0.85092 0.52529
-0.02621 0.04260 0.85197 0.52359
-0.02612 0.04265 0.85302 0.52188
-0.02604 0.04270 0.85406 0.52017
-0.02595 0.04275 0.85510 0.51846
-0.02587 0.04280 0.85614 0.51675
-0.02578 0.04286 0.85717 0.51504
-0.02569 0.04291 0.85820 0.51332
-0.02561 0.04296 0.85922 0.51160
-0.02552 0.04301 0.86024 0.50988
-0.02544 0.04306 0.86126 0.50816
-0.02535 0.04311 0.86228 0.50644
-0.02526 0.04316 0.86329 0.50471
-0.02518 0.04321 0.86430 0.50298
-0.02509 0.04326 0.86530 0.50125
-0.02501 0.04331 0.86630 0.49952
-0.02492 0.04336 0.86730 0.49779
-0.02483 0.04341 0.86829 0.49605
-0.02475 0.04346 0.86928 0.49431
-0.02466 0.04351 0.87027 0.49257
-0.02457 0.04356 0.87126 0.49083
-0.02448 0.04361 0.87224 0.48909
-0.02440 0.04366 0.87321 0.48734
-0.02431 0.04371 0.87419 0.48559
-0.02422 0.04375 0.87515 0.48384
-0.02413 0.04380 0.87612 0.48209
-0.02405 0.04385 0.87708 0.48034
-0.02396 0.04390 0.87804 0.47858
-0.02387 0.04395 0.87900 0.47683
-0.02378 0.04399 0.87995 0.47507
-0.02370 0.04404 0.88090 0.47331
-0.02361 0.04409 0.88184 0.47154
-0.02352 0.04414 0.88278 0.46978
-0.02343 0.04418 0.88372 0.46801
-0.02334 0.04423 0.88466 0.46624
-0.02325 0.04428 0.88559 0.46447
-0.02317 0.04432 0.88652 0.46270
-0.02308 0.04437 0.88744 0.46093
-0.02299 0.04441 0.88836 0.45915
-0.02290 0.04446 0.88928 0.45737
-0.02281 0.04451 0.89019 0.45559
-0.02272 0.04455 0.89110 0.45381
-0.02263 0.04460 0.89200 0.45203
-0.02254 0.04464 0.89291 0.45024
-0.02245 0.04469 0.89380 0.44846
-0.02236 0.04473 0.89470 0.44667
-0.02228 0.04478 0.89559 0.44488
-0.02219 0.04482 0.89648 0.44309
-0.02210 0.04486 0.89736 0.44129
-0.02201 0.04491 0.89824 0.43950
-0.02192 0.04495 0.89912 0.43770
-0.02183 0.04500 0.89999 0.43590
-0.02174 0.04504 0.90086 0.43410
-0.02165 0.04508 0.90173 0.43230
-0.02156 0.04512 0.90259 0.43050
-0.02147 0.04517 0.90345 0.42869
-0.02138 0.04521 0.90431 0.42688
-0.02129 0.04525 0.90516 0.42507
-0.02119 0.04530 0.90601 0.42326
-0.02110 0.04534 0.90685 0.42145
-0.02101 0.04538 0.90769 0.41964
-0.02092 0.04542 0.90853 0.41782
-0.02083 0.04546 0.90936 0.41600
-0.02074 0.04550 0.91019 0.41419
-0.02065 0.04555 0.91102 0.41236
-0.02056 0.04559 0.91184 0.41054
-0.02047 0.04563 0.91266 0.40872
-0.02038 0.04567 0.91348 0.40689
-0.02029 0.04571 0.91429 0.40507
-0.02019 0.04575 0.91510 0.40324
-0.02010 0.04579 0.91590 0.40141
-0.02001 0.04583 0.91670 0.39958
-0.01992 0.04587 0.91750 0.39774
-0.01983 0.04591 0.91829 0.39591
-0.01974 0.04595 0.91908 0.39407
-0.01964 0.04599 0.91987 0.39223
-0.01955 0.04603 0.92065 0.39039
-0.01946 0.04607 0.92143 0.38855
-0.01937 0.04611 0.92220 0.38671
-0.01928 0.04614 0.92297 0.38487
-0.01918 0.04618 0.92374 0.38302
-0.01909 0.04622 0.92450 0.38117
-0.01900 0.04626 0.92526 0.37932
-0.01891 0.04630 0.92602 0.37747
-0.01881 0.04633 0.92677 0.37562
-0.01872 0.04637 0.92752 0.37377
-0.01863 0.04641 0.92827 0.37192
-0.01853 0.04645 0.92901 0.37006
-0.01844 0.04648 0.92975 0.36820
-0.01835 0.04652 0.93048 0.36634
-0.01826 0.04656 0.93121 0.36448
-0.01816 0.04659 0.93194 0.36262
-0.01807 0.04663 0.93266 0.36076
-0.01798 0.04666 0.93338 0.35889
-0.01788 0.04670 0.93409 0.35703
-0.01779 0.04674 0.93481 0.35516
-0.01770 0.04677 0.93551 0.35329
-0.01760 0.04681 0.93622 0.35142
-0.01751 0.04684 0.93692 0.34955
-0.01742 0.04688 0.93761 0.34768
-0.01732 0.04691 0.93831 0.34580
-0.01723 0.04695 0.93900 0.34393
-0.01713 0.04698 0.93968 0.34205
-0.01704 0.04701 0.94036 0.34017
-0.01695 0.04705 0.94104 0.33829
-0.01685 0.04708 0.94171 0.33641
-0.01676 0.04711 0.94239 0.33453
-0.01666 0.04715 0.94305 0.33265
-0.01657 0.04718 0.94371 0.33076
-0.01647 0.04721 0.94437 0.32888
-0.01638 0.04725 0.94503 0.32699
-0.01629 0.04728 0.94568 0.32510
-0.01619 0.04731 0.94633 0.32321
-0.01610 0.04734 0.94697 0.32132
-0.01600 0.04738 0.94761 0.31943
-0.01591 0.04741 0.94825 0.31753
-0.01581 0.04744 0.94888 0.31564
-0.01572 0.04747 0.94951 0.31374
-0.01562 0.04750 0.95013 0.31184
-0.01553 0.04753 0.95075 0.30994
-0.01543 0.04756 0.95137 0.30804
-0.01534 0.04760 0.95199 0.30614
-0.01524 0.04763 0.95259 0.30424
-0.01515 0.04766 0.95320 0.30234
-0.01505 0.04769 0.95380 0.30043
-0.01496 0.04772 0.95440 0.29853
-0.01486 0.04775 0.95500 0.29662
-0.01476 0.04778 0.95559 0.29471
-0.01467 0.04780 0.95617 0.29280
-0.01457 0.04783 0.95676 0.29089
-0.01448 0.04786 0.95733 0.28898
-0.01438 0.04789 0.95791 0.28707
-0.01429 0.04792 0.95848 0.28516
-0.01419 0.04795 0.95905 0.28324
-0.01409 0.04798 0.95961 0.28132
-0.01400 0.04801 0.96017 0.27941
-0.01390 0.04803 0.96073 0.27749
-0.01381 0.04806 0.96128 0.27557
-0.01371 0.04809 0.96183 0.27365
-0.01361 0.04812 0.96237 0.27173
-0.01352 0.04814 0.96291 0.26981
-0.01342 0.04817 0.96345 0.26788
-0.01333 0.04820 0.96398 0.26596
-0.01323 0.04822 0.96451 0.26403
-0.01313 0.04825 0.96504 0.26211
-0.01304 0.04827 0.96556 0.26018
-0.01294 0.04830 0.96608 0.25825
-0.01284 0.04833 0.96659 0.25632
-0.01275 0.04835 0.96710 0.25439
-0.01265 0.04838 0.96761 0.25246
-0.01255 0.04840 0.96811 0.25052
-0.01246 0.04843 0.96861 0.24859
-0.01236 0.04845 0.96910 0.24666
-0.01226 0.04848 0.96959 0.24472
-0.01217 0.04850 0.97008 0.24278
-0.01207 0.04853 0.97056 0.24085
-0.01197 0.04855 0.97104 0.23891
-0.01187 0.04857 0.97152 0.23697
-0.01178 0.04860 0.97199 0.23503
-0.01168 0.04862 0.97246 0.23309
-0.01158 0.04864 0.97292 0.23115
-0.01149 0.04867 0.97338 0.22920
-0.01139 0.04869 0.97383 0.22726
-0.01129 0.04871 0.97429 0.22532
-0.01119 0.04873 0.97473 0.22337
-0.01110 0.04876 0.97518 0.22142
-0.01100 0.04878 0.97562 0.21948
-0.01090 0.04880 0.97605 0.21753
-0.01080 0.04882 0.97649 0.21558
-0.01071 0.04884 0.97691 0.21363
-0.01061 0.04886 0.97734 0.21168
-0.01051 0.04889 0.97776 0.20973
-0.01041 0.04891 0.97818 0.20777
-0.01031 0.04893 0.97859 0.20582
-0.01022 0.04895 0.97900 0.20387
-0.01012 0.04897 0.97940 0.20191
-0.01002 0.04899 0.97980 0.19996
-0.00992 0.04901 0.98020 0.19800
-0.00982 0.04903 0.98060 0.19604
-0.00973 0.04905 0.98098 0.19409
-0.00963 0.04907 0.98137 0.19213
-0.00953 0.04909 0.98175 0.19017
-0.00943 0.04910 0.98213 0.18821
-0.00933 0.04912 0.98250 0.18625
-0.00924 0.04914 0.98287 0.18429
-0.00914 0.04916 0.98324 0.18232
-0.00904 0.04918 0.98360 0.18036
-0.00894 0.04920 0.98396 0.17840
-0.00884 0.04921 0.98431 0.17643
-0.00874 0.04923 0.98466 0.17447
-0.00865 0.04925 0.98501 0.17250
-0.00855 0.04927 0.98535 0.17054
-0.00845 0.04928 0.98569 0.16857
-0.00835 0.04930 0.98602 0.16660
-0.00825 0.04932 0.98635 0.16463
-0.00815 0.04933 0.98668 0.16267
-0.00805 0.04935 0.98700 0.16070
-0.00795 0.04936 0.98732 0.15873
-0.00786 0.04938 0.98764 0.15676
-0.00776 0.04940 0.98795 0.15478
-0.00766 0.04941 0.98826 0.15281
-0.00756 0.04943 0.98856 0.15084
-0.00746 0.04944 0.98886 0.14887
-0.00736 0.04946 0.98915 0.14689
-0.00726 0.04947 0.98944 0.14492
-0.00716 0.04949 0.98973 0.14294
-0.00707 0.04950 0.99001 0.14097
-0.00697 0.04951 0.99029 0.13899
-0.00687 0.04953 0.99057 0.13702
-0.00677 0.04954 0.99084 0.13504
-0.00667 0.04955 0.99111 0.13306
-0.00657 0.04957 0.99137 0.13108
-0.00647 0.04958 0.99163 0.12910
-0.00637 0.04959 0.99189 0.12713
-0.00627 0.04961 0.99214 0.12515
-0.00617 0.04962 0.99239 0.12317
-0.00607 0.04963 0.99263 0.12119
-0.00597 0.04964 0.99287 0.11920
-0.00588 0.04965 0.99311 0.11722
-0.00578 0.04967 0.99334 0.11524
-0.00568 0.04968 0.99357 0.11326
-0.00558 0.04969 0.99379 0.11128
-0.00548 0.04970 0.99401 0.10929
-0.00538 0.04971 0.99423 0.10731
-0.00528 0.04972 0.99444 0.10533
-0.00518 0.04973 0.99465 0.10334
-0.00508 0.04974 0.99485 0.10136
-0.00498 0.04975 0.99505 0.09937
-0.00488 0.04976 0.99525 0.09739
-0.00478 0.04977 0.99544 0.09540
-0.00468 0.04978 0.99563 0.09341
-0.00458 0.04979 0.99581 0.09143
-0.00448 0.04980 0.99599 0.08944
-0.00438 0.04981 0.99617 0.08745
-0.00428 0.04982 0.99634 0.08546
-0.00418 0.04983 0.99651 0.08348
-0.00408 0.04983 0.99667 0.08149
-0.00398 0.04984 0.99683 0.07950
-0.00389 0.04985 0.99699 0.07751
-0.00379 0.04986 0.99714 0.07552
-0.00369 0.04986 0.99729 0.07353
-0.00359 0.04987 0.99744 0.07154
-0.00349 0.04988 0.99758 0.06955
-0.00339 0.04989 0.99772 0.06756
-0.00329 0.04989 0.99785 0.06557
-0.00319 0.04990 0.99798 0.06358
-0.00309 0.04990 0.99810 0.06159
-0.00299 0.04991 0.99822 0.05960
-0.00289 0.04992 0.99834 0.05760
-0.00279 0.04992 0.99845 0.05561
-0.00269 0.04993 0.99856 0.05362
-0.00259 0.04993 0.99867 0.05163
-0.00249 0.04994 0.99877 0.04964
-0.00239 0.04994 0.99886 0.04764
-0.00229 0.04995 0.99896 0.04565
-0.00219 0.04995 0.99905 0.04366
-0.00209 0.04996 0.99913 0.04166
-0.00199 0.04996 0.99921 0.03967
-0.00189 0.04996 0.99929 0.03768
-0.00179 0.04997 0.99936 0.03568
-0.00169 0.04997 0.99943 0.03369
-0.00159 0.04997 0.99950 0.03169
-0.00149 0.04998 0.99956 0.02970
-0.00139 0.04998 0.99962 0.02771
-0.00129 0.04998 0.99967 0.02571
-0.00119 0.04999 0.99972 0.02372
-0.00109 0.04999 0.99976 0.02172
-0.00099 0.04999 0.99981 0.01973
-0.00089 0.04999 0.99984 0.01773
-0.00079 0.04999 0.99988 0.01574
-0.00069 0.05000 0.99991 0.01374
-0.00059 0.05000 0.99993 0.01175
-0.00049 0.05000 0.99995 0.00975
-0.00039 0.05000 0.99997 0.00776
-0.00029 0.05000 0.99998 0.00576
-0.00019 0.05000 0.99999 0.00377
-0.00009 0.05000 1.00000 0.00178
0.00001 0.05000 1.00000 -0.00022
0.00011 0.05000 1.00000 -0.00221
0.00021 0.05000 0.99999 -0.00421
0.00031 0.05000 0.99998 -0.00620
0.00041 0.05000 0.99997 -0.00820
0.00051 0.05000 0.99995 -0.01019
0.00061 0.05000 0.99993 -0.01219
0.00071 0.04999 0.99990 -0.01418
0.00081 0.04999 0.99987 -0.01618
0.00091 0.04999 0.99983 -0.01817
0.00101 0.04999 0.99980 -0.02017
0.00111 0.04999 0.99975 -0.02216
0.00121 0.04999 0.99971 -0.02416
0.00131 0.04998 0.99966 -0.02615
0.00141 0.04998 0.99960 -0.02815
0.00151 0.04998 0.99955 -0.03014
0.00161 0.04997 0.99948 -0.03213
0.00171 0.04997 0.99942 -0.03413
0.00181 0.04997 0.99935 -0.03612
0.00191 0.04996 0.99927 -0.03812
0.00201 0.04996 0.99920 -0.04011
0.00211 0.04996 0.99911 -0.04210
0.00221 0.04995 0.99903 -0.04410
0.00231 0.04995 0.99894 -0.04609
0.00241 0.04994 0.99884 -0.04808
0.00251 0.04994 0.99875 -0.05007
0.00261 0.04993 0.99864 -0.05207
0.00271 0.04993 0.99854 -0.05406
0.00281 0.04992 0.99843 -0.05605
0.00291 0.04992 0.99831 -0.05804
0.00301 0.04991 0.99820 -0.06003
0.00311 0.04990 0.99807 -0.06203
0.00321 0.04990 0.99795 -0.06402
0.00331 0.04989 0.99782 -0.06601
0.00341 0.04988 0.99769 -0.06800
0.00351 0.04988 0.99755 -0.06999
0.00361 0.04987 0.99741 -0.07198
0.00371 0.04986 0.99726 -0.07397
0.00381 0.04986 0.99711 -0.07596
0.00391 0.04985 0.99696 -0.07795
0.00401 0.04984 0.99680 -0.07994
0.00411 0.04983 0.99664 -0.08193
0.00421 0.04982 0.99647 -0.08391
0.00431 0.04981 0.99630 -0.08590
0.00441 0.04981 0.99613 -0.08789
0.00450 0.04980 0.99595 -0.08988
0.00460 0.04979 0.99577 -0.09186
0.00470 0.04978 0.99559 -0.09385
0.00480 0.04977 0.99540 -0.09584
0.00490 0.04976 0.99520 -0.09782
0.00500 0.04975 0.99501 -0.09981
0.00510 0.04974 0.99481 -0.10179
0.00520 0.04973 0.99460 -0.10378
0.00530 0.04972 0.99439 -0.10576
0.00540 0.04971 0.99418 -0.10775
0.00550 0.04970 0.99396 -0.10973
0.00560 0.04969 0.99374 -0.11171
0.00570 0.04968 0.99352 -0.11370
0.00580 0.04966 0.99329 -0.11568
0.00590 0.04965 0.99305 -0.11766
0.00600 0.04964 0.99282 -0.11964
0.00610 0.04963 0.99258 -0.12162
0.00620 0.04962 0.99233 -0.12360
0.00629 0.04960 0.99208 -0.12558
0.00639 0.04959 0.99183 -0.12756
0.00649 0.04958 0.99157 -0.12954
0.00659 0.04956 0.99131 -0.13152
0.00669 0.04955 0.99105 -0.13350
0.00679 0.04954 0.99078 -0.13547
0.00689 0.04952 0.99051 -0.13745
0.00699 0.04951 0.99023 -0.13943
0.00709 0.04950 0.98995 -0.14140
0.00719 0.04948 0.98967 -0.14338
0.00728 0.04947 0.98938 -0.14535
0.00738 0.04945 0.98909 -0.14733
0.00748 0.04944 0.98879 -0.14930
0.00758 0.04942 0.98849 -0.15127
0.00768 0.04941 0.98819 -0.15325
0.00778 0.04939 0.98788 -0.15522
0.00788 0.04938 0.98757 -0.15719
0.00798 0.04936 0.98725 -0.15916
0.00808 0.04935 0.98693 -0.16113
0.00817 0.04933 0.98661 -0.16310
0.00827 0.04931 0.98628 -0.16507
0.00837 0.04930 0.98595 -0.16704
0.00847 0.04928 0.98562 -0.16900
0.00857 0.04926 0.98528 -0.17097
0.00867 0.04924 0.98493 -0.17294
0.00877 0.04923 0.98459 -0.17490
0.00886 0.04921 0.98423 -0.17687
0.00896 0.04919 0.98388 -0.17883
0.00906 0.04917 0.98352 -0.18079
0.00916 0.04916 0.98316 -0.18276
0.00926 0.04914 0.98279 -0.18472
0.00936 0.04912 0.98242 -0.18668
0.00945 0.04910 0.98205 -0.18864
0.00955 0.04908 0.98167 -0.19060
0.00965 0.04906 0.98129 -0.19256
0.00975 0.04904 0.98090 -0.19452
0.00985 0.04902 0.98051 -0.19648
0.00994 0.04900 0.98011 -0.19843
0.01004 0.04898 0.97972 -0.20039
0.01014 0.04896 0.97931 -0.20234
0.01024 0.04894 0.97891 -0.20430
0.01034 0.04892 0.97850 -0.20625
0.01043 0.04890 0.97809 -0.20821
0.01053 0.04888 0.97767 -0.21016
0.01063 0.04886 0.97725 -0.21211
0.01073 0.04884 0.97682 -0.21406
0.01082 0.04882 0.97639 -0.21601
0.01092 0.04880 0.97596 -0.21796
0.01102 0.04877 0.97552 -0.21991
0.01112 0.04875 0.97508 -0.22185
0.01121 0.04873 0.97464 -0.22380
0.01131 0.04871 0.97419 -0.22574
0.01141 0.04868 0.97373 -0.22769
0.01151 0.04866 0.97328 -0.22963
0.01160 0.04864 0.97282 -0.23157
0.01170 0.04861 0.97235 -0.23352
0.01180 0.04859 0.97188 -0.23546
0.01190 0.04857 0.97141 -0.23740
0.01199 0.04854 0.97094 -0.23934
0.01209 0.04852 0.97046 -0.24127
0.01219 0.04850 0.96997 -0.24321
0.01228 0.04847 0.96949 -0.24515
0.01238 0.04845 0.96899 -0.24708
0.01248 0.04842 0.96850 -0.24902
0.01257 0.04840 0.96800 -0.25095
0.01267 0.04837 0.96750 -0.25288
0.01277 0.04835 0.96699 -0.25482
0.01286 0.04832 0.96648 -0.25675
0.01296 0.04829 0.96596 -0.25867
0.01306 0.04827 0.96545 -0.26060
0.01315 0.04824 0.96492 -0.26253
0.01325 0.04822 0.96440 -0.26446
0.01335 0.04819 0.96387 -0.26638
0.01344 0.04816 0.96333 -0.26831
0.01354 0.04814 0.96280 -0.27023
0.01364 0.04811 0.96225 -0.27215
0.01373 0.04808 0.96171 -0.27407
0.01383 0.04805 0.96116 -0.27599
0.01392 0.04803 0.96061 -0.27791
0.01402 0.04800 0.96005 -0.27983
0.01412 0.04797 0.95949 -0.28175
0.01421 0.04794 0.95892 -0.28366
0.01431 0.04791 0.95836 -0.28558
0.01440 0.04789 0.95778 -0.28749
0.01450 0.04786 0.95721 -0.28940
0.01459 0.04783 0.95663 -0.29131
0.01469 0.04780 0.95604 -0.29322
0.01479 0.04777 0.95546 -0.29513
0.01488 0.04774 0.95486 -0.29704
0.01498 0.04771 0.95427 -0.29895
0.01507 0.04768 0.95367 -0.30085
0.01517 0.04765 0.95307 -0.30276
0.01526 0.04762 0.95246 -0.30466
0.01536 0.04759 0.95185 -0.30656
0.01545 0.04756 0.95124 -0.30846
0.01555 0.04753 0.95062 -0.31036
0.01564 0.04750 0.95000 -0.31226
0.01574 0.04746 0.94937 -0.31416
0.01583 0.04743 0.94874 -0.31606
0.01593 0.04740 0.94811 -0.31795
0.01602 0.04737 0.94747 -0.31984
0.01612 0.04734 0.94683 -0.32174
0.01621 0.04730 0.94618 -0.32363
0.01631 0.04727 0.94554 -0.32552
0.01640 0.04724 0.94488 -0.32740
0.01650 0.04721 0.94423 -0.32929
0.01659 0.04717 0.94357 -0.33118
0.01668 0.04714 0.94290 -0.33306
0.01678 0.04711 0.94224 -0.33495
0.01687 0.04707 0.94157 -0.33683
0.01697 0.04704 0.94089 -0.33871
0.01706 0.04701 0.94021 -0.34059
0.01715 0.04697 0.93953 -0.34246
0.01725 0.04694 0.93884 -0.34434
0.01734 0.04690 0.93815 -0.34622
0.01744 0.04687 0.93746 -0.34809
0.01753 0.04683 0.93676 -0.34996
0.01762 0.04680 0.93606 -0.35183
0.01772 0.04676 0.93536 -0.35370
0.01781 0.04673 0.93465 -0.35557
0.01790 0.04669 0.93394 -0.35744
0.01800 0.04666 0.93322 -0.35931
0.01809 0.04662 0.93250 -0.36117
0.01818 0.04658 0.93178 -0.36303
0.01828 0.04655 0.93105 -0.36489
0.01837 0.04651 0.93032 -0.36675
0.01846 0.04647 0.92958 -0.36861
0.01856 0.04644 0.92884 -0.37047
0.01865 0.04640 0.92810 -0.37232
0.01874 0.04636 0.92736 -0.37418
0.01883 0.04633 0.92661 -0.37603
0.01893 0.04629 0.92585 -0.37788
0.01902 0.04625 0.92510 -0.37973
0.01911 0.04621 0.92434 -0.38158
0.01920 0.04617 0.92357 -0.38343
0.01930 0.04614 0.92280 -0.38527
0.01939 0.04610 0.92203 -0.38712
0.01948 0.04606 0.92126 -0.38896
0.01957 0.04602 0.92048 -0.39080
0.01966 0.04598 0.91969 -0.39264
0.01976 0.04594 0.91891 -0.39448
0.01985 0.04590 0.91812 -0.39631
0.01994 0.04586 0.91732 -0.39815
0.02003 0.04582 0.91652 -0.39998
0.02012 0.04578 0.91572 -0.40181
0.02021 0.04574 0.91492 -0.40364
0.02031 0.04570 0.91411 -0.40547
0.02040 0.04566 0.91330 -0.40730
0.02049 0.04562 0.91248 -0.40912
0.02058 0.04558 0.91166 -0.41094
0.02067 0.04554 0.91084 -0.41277
0.02076 0.04550 0.91001 -0.41459
0.02085 0.04545 0.90918 -0.41640
0.02094 0.04541 0.90834 -0.41822
0.02103 0.04537 0.90751 -0.42004
0.02112 0.04533 0.90667 -0.42185
0.02121 0.04529 0.90582 -0.42366
0.02131 0.04524 0.90497 -0.42547
0.02140 0.04520 0.90412 -0.42728
0.02149 0.04516 0.90326 -0.42909
0.02158 0.04512 0.90240 -0.43089
0.02167 0.04507 0.90154 -0.43270
0.02176 0.04503 0.90067 -0.43450
0.02185 0.04499 0.89980 -0.43630
0.02194 0.04494 0.89893 -0.43810
0.02203 0.04490 0.89805 -0.43989
0.02212 0.04485 0.89717 -0.44169
0.02221 0.04481 0.89628 -0.44348
0.02230 0.04477 0.89539 -0.44527
0.02238 0.04472 0.89450 -0.44706
0.02247 0.04468 0.89361 -0.44885
0.02256 0.04463 0.89271 -0.45064
0.02265 0.04459 0.89180 -0.45242
0.02274 0.04454 0.89090 -0.45420
0.02283 0.04450 0.88999 -0.45599
0.02292 0.04445 0.88907 -0.45776
0.02301 0.04440 0.88816 -0.45954
0.02310 0.04436 0.88724 -0.46132
0.02319 0.04431 0.88631 -0.46309
0.02327 0.04426 0.88538 -0.46486
0.02336 0.04422 0.88445 -0.46663
0.02345 0.04417 0.88352 -0.46840
0.02354 0.04412 0.88258 -0.47017
0.02363 0.04408 0.88164 -0.47193
0.02372 0.04403 0.88069 -0.47369
0.02380 0.04398 0.87974 -0.47545
0.02389 0.04394 0.87879 -0.47721
0.02398 0.04389 0.87783 -0.47897
0.02407 0.04384 0.87687 -0.48072
0.02415 0.04379 0.87591 -0.48248
0.02424 0.04374 0.87494 -0.48423
0.02433 0.04369 0.87397 -0.48598
0.02442 0.04365 0.87300 -0.48773
0.02450 0.04360 0.87202 -0.48947
0.02459 0.04355 0.87104 -0.49121
0.02468 0.04350 0.87005 -0.49296
0.02476 0.04345 0.86907 -0.49470
0.02485 0.04340 0.86807 -0.49643
0.02494 0.04335 0.86708 -0.49817
0.02502 0.04330 0.86608 -0.49990
0.02511 0.04325 0.86508 -0.50163
0.02520 0.04320 0.86407 -0.50336
0.02528 0.04315 0.86307 -0.50509
0.02537 0.04310 0.86205 -0.50682
0.02546 0.04305 0.86104 -0.50854
0.02554 0.04300 0.86002 -0.51026
0.02563 0.04295 0.85900 -0.51198
0.02571 0.04290 0.85797 -0.51370
0.02580 0.04284 0.85694 -0.51542
0.02588 0.04279 0.85591 -0.51713
0.02597 0.04274 0.85487 -0.51884
0.02606 0.04269 0.85383 -0.52055
0.02614 0.04264 0.85279 -0.52226
0.02623 0.04258 0.85174 -0.52396
0.02631 0.04253 0.85069 -0.52567
0.02640 0.04248 0.84964 -0.52737
0.02648 0.04243 0.84858 -0.52907
0.02657 0.04237 0.84752 -0.53076
0.02665 0.04232 0.84646 -0.53246
0.02673 0.04227 0.84539 -0.53415
0.02682 0.04221 0.84432 -0.53584
0.02690 0.04216 0.84324 -0.53753
0.02699 0.04211 0.84217 -0.53922
0.02707 0.04205 0.84109 -0.54090
0.02716 0.04200 0.84000 -0.54258
0.02724 0.04194 0.83891 -0.54426
0.02732 0.04189 0.83782 -0.54594
0.02741 0.04183 0.83673 -0.54762
0.02749 0.04178 0.83563 -0.54929
0.02757 0.04173 0.83453 -0.55096
0.02766 0.04167 0.83343 -0.55263
0.02774 0.04161 0.83232 -0.55430
0.02782 0.04156 0.83121 -0.55596
0.02791 0.04150 0.83009 -0.55763
0.02799 0.04145 0.82898 -0.55929
0.02807 0.04139 0.82785 -0.56094
0.02816 0.04134 0.82673 -0.56260
0.02824 0.04128 0.82560 -0.56425
0.02832 0.04122 0.82447 -0.56590
0.02840 0.04117 0.82334 -0.56755
0.02848 0.04111 0.82220 -0.56920
0.02857 0.04105 0.82106 -0.57084
0.02865 0.04100 0.81991 -0.57249
0.02873 0.04094 0.81877 -0.57413
0.02881 0.04088 0.81762 -0.57576
0.02889 0.04082 0.81646 -0.57740
0.02898 0.04077 0.81530 -0.57903
0.02906 0.04071 0.81414 -0.58066
0.02914 0.04065 0.81298 -0.58229
0.02922 0.04059 0.81181 -0.58392
0.02930 0.04053 0.81064 -0.58554
0.02938 0.04047 0.80947 -0.58716
0.02946 0.04042 0.80829 -0.58878
0.02954 0.04036 0.80711 -0.59040
0.02962 0.04030 0.80593 -0.59201
0.02970 0.04024 0.80474 -0.59363
0.02978 0.04018 0.80355 -0.59524
0.02986 0.04012 0.80236 -0.59684
0.02994 0.04006 0.80116 -0.59845
0.03002 0.04000 0.79996 -0.60005
0.03010 0.03994 0.79876 -0.60165
0.03018 0.03988 0.79755 -0.60325
0.03026 0.03982 0.79634 -0.60485
0.03034 0.03976 0.79513 -0.60644
0.03042 0.03970 0.79391 -0.60803
0.03050 0.03964 0.79270 -0.60962
0.03058 0.03958 0.79147 -0.61120
0.03066 0.03951 0.79025 -0.61279
0.03074 0.03945 0.78902 -0.61437
0.03082 0.03939 0.78779 -0.61595
0.03090 0.03933 0.78655 -0.61752
0.03098 0.03927 0.78532 -0.61910
0.03105 0.03921 0.78407 -0.62067
0.03113 0.03914 0.78283 -0.62223
0.03121 0.03908 0.78158 -0.62380
0.03129 0.03902 0.78033 -0.62536
0.03137 0.03896 0.77908 -0.62693
0.03144 0.03889 0.77782 -0.62848
0.03152 0.03883 0.77656 -0.63004
0.03160 0.03877 0.77530 -0.63159
0.03168 0.03871 0.77403 -0.63314
0.03175 0.03864 0.77276 -0.63469
0.03183 0.03858 0.77149 -0.63624
0.03191 0.03852 0.77022 -0.63778
0.03198 0.03845 0.76894 -0.63932
0.03206 0.03839 0.76766 -0.64086
0.03214 0.03832 0.76637 -0.64240
0.03221 0.03826 0.76508 -0.64393
0.03229 0.03819 0.76379 -0.64546
0.03237 0.03813 0.76250 -0.64699
0.03244 0.03807 0.76120 -0.64851
0.03252 0.03800 0.75990 -0.65004
0.03259 0.03794 0.75860 -0.65156
0.03267 0.03787 0.75729 -0.65308
0.03275 0.03780 0.75598 -0.65459
0.03282 0.03774 0.75467 -0.65610
0.03290 0.03767 0.75336 -0.65761
0.03297 0.03761 0.75204 -0.65912
0.03305 0.03754 0.75072 -0.66062
0.03312 0.03748 0.74939 -0.66213
0.03320 0.03741 0.74806 -0.66363
0.03327 0.03734 0.74673 -0.66512
0.03335 0.03728 0.74540 -0.66662
0.03342 0.03721 0.74406 -0.66811
0.03349 0.03714 0.74273 -0.66960
0.03357 0.03708 0.74138 -0.67108
0.03364 0.03701 0.74004 -0.67257
0.03372 0.03694 0.73869 -0.67405
0.03379 0.03687 0.73734 -0.67552
0.03386 0.03681 0.73598 -0.67700
0.03394 0.03674 0.73463 -0.67847
0.03401 0.03667 0.73327 -0.67994
0.03408 0.03660 0.73190 -0.68141
0.03416 0.03654 0.73054 -0.68287
0.03423 0.03647 0.72917 -0.68433
0.03430 0.03640 0.72780 -0.68579
0.03438 0.03633 0.72642 -0.68725
0.03445 0.03626 0.72504 -0.68870
0.03452 0.03619 0.72366 -0.69015
0.03459 0.03612 0.72228 -0.69160
0.03466 0.03605 0.72089 -0.69304
0.03474 0.03598 0.71951 -0.69449
0.03481 0.03592 0.71811 -0.69593
0.03488 0.03585 0.71672 -0.69736
0.03495 0.03578 0.71532 -0.69880
0.03502 0.03571 0.71392 -0.70023
0.03509 0.03564 0.71252 -0.70166
0.03517 0.03557 0.71111 -0.70308
0.03524 0.03550 0.70970 -0.70450
0.03531 0.03543 0.70829 -0.70592
0.03538 0.03535 0.70687 -0.70734
0.03545 0.03528 0.70545 -0.70876
0.03552 0.03521 0.70403 -0.71017
0.03559 0.03514 0.70261 -0.71157
0.03566 0.03507 0.70118 -0.71298
0.03573 0.03500 0.69975 -0.71438
0.03580 0.03493 0.69832 -0.71578
0.03587 0.03486 0.69689 -0.71718
0.03594 0.03478 0.69545 -0.71857
0.03601 0.03471 0.69401 -0.71996
0.03608 0.03464 0.69257 -0.72135
0.03615 0.03457 0.69112 -0.72274
0.03622 0.03450 0.68967 -0.72412
0.03628 0.03442 0.68822 -0.72550
0.03635 0.03435 0.68677 -0.72688
0.03642 0.03428 0.68531 -0.72825
0.03649 0.03421 0.68385 -0.72962
0.03656 0.03413 0.68239 -0.73099
0.03663 0.03406 0.68092 -0.73236
0.03669 0.03399 0.67946 -0.73372
0.03676 0.03391 0.67798 -0.73508
0.03683 0.03384 0.67651 -0.73643
0.03690 0.03377 0.67504 -0.73779
0.03696 0.03369 0.67356 -0.73914
0.03703 0.03362 0.67208 -0.74048
0.03710 0.03354 0.67059 -0.74183
0.03717 0.03347 0.66910 -0.74317
0.03723 0.03340 0.66761 -0.74451
0.03730 0.03332 0.66612 -0.74584
0.03737 0.03325 0.66463 -0.74717
0.03743 0.03317 0.66313 -0.74850
0.03750 0.03310 0.66163 -0.74983
0.03756 0.03302 0.66013 -0.75115
0.03763 0.03295 0.65862 -0.75247
0.03770 0.03287 0.65711 -0.75379
0.03776 0.03280 0.65560 -0.75511
0.03783 0.03272 0.65409 -0.75642
0.03789 0.03265 0.65257 -0.75773
0.03796 0.03257 0.65106 -0.75903
0.03802 0.03249 0.64953 -0.76033
0.03809 0.03242 0.64801 -0.76163
0.03815 0.03234 0.64648 -0.76293
0.03822 0.03227 0.64496 -0.76422
0.03828 0.03219 0.64342 -0.76551
0.03834 0.03211 0.64189 -0.76680
0.03841 0.03204 0.64035 -0.76808
0.03847 0.03196 0.63881 -0.76936
0.03854 0.03188 0.63727 -0.77064
0.03860 0.03181 0.63573 -0.77191
0.03866 0.03173 0.63418 -0.77318
0.03873 0.03165 0.63263 -0.77445
0.03879 0.03157 0.63108 -0.77572
0.03885 0.03150 0.62953 -0.77698
0.03892 0.03142 0.62797 -0.77824
0.03898 0.03134 0.62641 -0.77949
0.03904 0.03126 0.62485 -0.78075
0.03910 0.03118 0.62328 -0.78200
0.03917 0.03111 0.62172 -0.78324
0.03923 0.03103 0.62015 -0.78449
0.03929 0.03095 0.61857 -0.78573
0.03935 0.03087 0.61700 -0.78696
0.03941 0.03079 0.61542 -0.78820
0.03947 0.03071 0.61384 -0.78943
0.03954 0.03063 0.61226 -0.79065
0.03960 0.03056 0.61068 -0.79188
0.03966 0.03048 0.60909 -0.79310
0.03972 0.03040 0.60750 -0.79432
0.03978 0.03032 0.60591 -0.79553
0.03984 0.03024 0.60432 -0.79674
0.03990 0.03016 0.60272 -0.79795
0.03996 0.03008 0.60112 -0.79916
0.04002 0.03000 0.59952 -0.80036
0.04008 0.02992 0.59792 -0.80156
0.04014 0.02984 0.59631 -0.80275
0.04020 0.02976 0.59470 -0.80394
0.04026 0.02968 0.59309 -0.80513
0.04032 0.02960 0.59148 -0.80632
0.04038 0.02952 0.58987 -0.80750
0.04043 0.02944 0.58825 -0.80868
0.04049 0.02935 0.58663 -0.80986
0.04055 0.02927 0.58501 -0.81103
0.04061 0.02919 0.58338 -0.81220
0.04067 0.02911 0.58175 -0.81336
0.04073 0.02903 0.58012 -0.81453
0.04078 0.02895 0.57849 -0.81569
0.04084 0.02887 0.57686 -0.81684
0.04090 0.02879 0.57522 -0.81800
0.04096 0.02870 0.57358 -0.81915
0.04101 0.02862 0.57194 -0.82029
0.04107 0.02854 0.57030 -0.82144
0.04113 0.02846 0.56866 -0.82258
0.04119 0.02838 0.56701 -0.82371
0.04124 0.02829 0.56536 -0.82485
0.04130 0.02821 0.56371 -0.82598
0.04135 0.02813 0.56205 -0.82710
0.04141 0.02805 0.56040 -0.82823
0.04147 0.02796 0.55874 -0.82935
0.04152 0.02788 0.55708 -0.83046
0.04158 0.02780 0.55541 -0.83158
0.04163 0.02771 0.55375 -0.83269
0.04169 0.02763 0.55208 -0.83379
0.04174 0.02755 0.55041 -0.83489
0.04180 0.02746 0.54874 -0.83599
0.04185 0.02738 0.54706 -0.83709
0.04191 0.02730 0.54539 -0.83818
0.04196 0.02721 0.54371 -0.83927
0.04202 0.02713 0.54203 -0.84036
0.04207 0.02704 0.54034 -0.84144
0.04212 0.02696 0.53866 -0.84252
0.04218 0.02688 0.53697 -0.84360
0.04223 0.02679 0.53528 -0.84467
0.04228 0.02671 0.53359 -0.84574
0.04234 0.02662 0.53190 -0.84681
0.04239 0.02654 0.53020 -0.84787
0.04244 0.02645 0.52851 -0.84893
0.04250 0.02637 0.52681 -0.84999
0.04255 0.02628 0.52510 -0.85104
0.04260 0.02620 0.52340 -0.85209
0.04265 0.02611 0.52169 -0.85313
0.04271 0.02603 0.51999 -0.85418
0.04276 0.02594 0.51828 -0.85521
0.04281 0.02586 0.51656 -0.85625
0.04286 0.02577 0.51485 -0.85728
0.04291 0.02569 0.51313 -0.85831
0.04296 0.02560 0.51141 -0.85933
0.04301 0.02551 0.50969 -0.86036
0.04307 0.02543 0.50797 -0.86137
0.04312 0.02534 0.50625 -0.86239
0.04317 0.02526 0.50452 -0.86340
0.04322 0.02517 0.50279 -0.86441
0.04327 0.02508 0.50106 -0.86541
0.04332 0.02500 0.49933 -0.86641
0.04337 0.02491 0.49760 -0.86741
0.04342 0.02482 0.49586 -0.86840
0.04347 0.02474 0.49412 -0.86939
0.04352 0.02465 0.49238 -0.87038
0.04356 0.02456 0.49064 -0.87136
0.04361 0.02447 0.48889 -0.87234
0.04366 0.02439 0.48715 -0.87332
0.04371 0.02430 0.48540 -0.87429
0.04376 0.02421 0.48365 -0.87526
0.04381 0.02413 0.48190 -0.87623
0.04386 0.02404 0.48014 -0.87719
0.04390 0.02395 0.47839 -0.87815
0.04395 0.02386 0.47663 -0.87910
0.04400 0.02377 0.47487 -0.88005
0.04405 0.02369 0.47311 -0.88100
0.04409 0.02360 0.47135 -0.88195
0.04414 0.02351 0.46958 -0.88289
0.04419 0.02342 0.46782 -0.88383
0.04423 0.02333 0.46605 -0.88476
0.04428 0.02324 0.46428 -0.88569
0.04433 0.02316 0.46250 -0.88662
0.04437 0.02307 0.46073 -0.88754
0.04442 0.02298 0.45895 -0.88846
0.04446 0.02289 0.45718 -0.88938
0.04451 0.02280 0.45540 -0.89029
0.04456 0.02271 0.45362 -0.89120
0.04460 0.02262 0.45183 -0.89210
0.04465 0.02253 0.45005 -0.89300
0.04469 0.02244 0.44826 -0.89390
0.04474 0.02235 0.44647 -0.89480
0.04478 0.02227 0.44468 -0.89569
0.04482 0.02218 0.44289 -0.89658
0.04487 0.02209 0.44110 -0.89746
0.04491 0.02200 0.43930 -0.89834
0.04496 0.02191 0.43750 -0.89922
0.04500 0.02182 0.43570 -0.90009
0.04504 0.02173 0.43390 -0.90096
0.04509 0.02164 0.43210 -0.90183
0.04513 0.02155 0.43030 -0.90269
0.04517 0.02146 0.42849 -0.90355
0.04522 0.02137 0.42668 -0.90440
0.04526 0.02128 0.42487 -0.90525
0.04530 0.02118 0.42306 -0.90610
0.04534 0.02109 0.42125 -0.90694
0.04538 0.02100 0.41944 -0.90778
0.04543 0.02091 0.41762 -0.90862
0.04547 0.02082 0.41580 -0.90945
0.04551 0.02073 0.41398 -0.91028
0.04555 0.02064 0.41216 -0.91111
0.04559 0.02055 0.41034 -0.91193
0.04563 0.02046 0.40852 -0.91275
0.04567 0.02037 0.40669 -0.91357
0.04571 0.02028 0.40486 -0.91438
0.04575 0.02018 0.40304 -0.91518
0.04579 0.02009 0.40121 -0.91599
0.04583 0.02000 0.39937 -0.91679
0.04587 0.01991 0.39754 -0.91758
0.04591 0.01982 0.39571 -0.91838
0.04595 0.01973 0.39387 -0.91917
0.04599 0.01963 0.39203 -0.91995
0.04603 0.01954 0.39019 -0.92073
0.04607 0.01945 0.38835 -0.92151
0.04611 0.01936 0.38651 -0.92229
0.04615 0.01927 0.38466 -0.92306
0.04619 0.01917 0.38282 -0.92382
0.04622 0.01908 0.38097 -0.92459
0.04626 0.01899 0.37912 -0.92535
0.04630 0.01890 0.37727 -0.92610
0.04634 0.01880 0.37542 -0.92686
0.04638 0.01871 0.37357 -0.92760
0.04641 0.01862 0.37171 -0.92835
0.04645 0.01852 0.36986 -0.92909
0.04649 0.01843 0.36800 -0.92983
0.04652 0.01834 0.36614 -0.93056
0.04656 0.01825 0.36428 -0.93129
0.04660 0.01815 0.36242 -0.93202
0.04663 0.01806 0.36055 -0.93274
0.04667 0.01797 0.35869 -0.93346
0.04670 0.01787 0.35682 -0.93417
0.04674 0.01778 0.35495 -0.93488
0.04677 0.01769 0.35309 -0.93559
0.04681 0.01759 0.35122 -0.93629
0.04685 0.01750 0.34934 -0.93699
0.04688 0.01740 0.34747 -0.93769
0.04691 0.01731 0.34560 -0.93838
0.04695 0.01722 0.34372 -0.93907
0.04698 0.01712 0.34184 -0.93976
0.04702 0.01703 0.33997 -0.94044
0.04705 0.01694 0.33809 -0.94112
0.04709 0.01684 0.33620 -0.94179
0.04712 0.01675 0.33432 -0.94246
0.04715 0.01665 0.33244 -0.94312
0.04719 0.01656 0.33055 -0.94379
0.04722 0.01646 0.32867 -0.94445
0.04725 0.01637 0.32678 -0.94510
0.04728 0.01628 0.32489 -0.94575
0.04732 0.01618 0.32300 -0.94640
0.04735 0.01609 0.32111 -0.94704
0.04738 0.01599 0.31922 -0.94768
0.04741 0.01590 0.31732 -0.94832
0.04744 0.01580 0.31543 -0.94895
0.04747 0.01571 0.31353 -0.94958
0.04751 0.01561 0.31163 -0.95020
0.04754 0.01552 0.30974 -0.95082
0.04757 0.01542 0.30784 -0.95144
0.04760 0.01533 0.30593 -0.95205
0.04763 0.01523 0.30403 -0.95266
0.04766 0.01514 0.30213 -0.95327
0.04769 0.01504 0.30022 -0.95387
0.04772 0.01495 0.29832 -0.95447
0.04775 0.01485 0.29641 -0.95506
0.04778 0.01475 0.29450 -0.95565
0.04781 0.01466 0.29259 -0.95624
0.04784 0.01456 0.29068 -0.95682
0.04787 0.01447 0.28877 -0.95740
0.04789 0.01437 0.28686 -0.95797
0.04792 0.01428 0.28494 -0.95854
0.04795 0.01418 0.28303 -0.95911
0.04798 0.01408 0.28111 -0.95967
0.04801 0.01399 0.27920 -0.96023
0.04804 0.01389 0.27728 -0.96079
0.04806 0.01380 0.27536 -0.96134
0.04809 0.01370 0.27344 -0.96189
0.04812 0.01360 0.27152 -0.96243
0.04815 0.01351 0.26959 -0.96297
0.04817 0.01341 0.26767 -0.96351
0.04820 0.01331 0.26575 -0.96404
0.04823 0.01322 0.26382 -0.96457
0.04825 0.01312 0.26189 -0.96510
0.04828 0.01303 0.25997 -0.96562
0.04830 0.01293 0.25804 -0.96614
0.04833 0.01283 0.25611 -0.96665
0.04835 0.01274 0.25418 -0.96716
0.04838 0.01264 0.25224 -0.96766
0.04841 0.01254 0.25031 -0.96817
0.04843 0.01245 0.24838 -0.96866
0.04845 0.01235 0.24644 -0.96916
0.04848 0.01225 0.24451 -0.96965
0.04850 0.01215 0.24257 -0.97013
0.04853 0.01206 0.24063 -0.97062
0.04855 0.01196 0.23870 -0.97109
0.04858 0.01186 0.23676 -0.97157
0.04860 0.01177 0.23482 -0.97204
0.04862 0.01167 0.23287 -0.97251
0.04865 0.01157 0.23093 -0.97297
0.04867 0.01147 0.22899 -0.97343
0.04869 0.01138 0.22705 -0.97388
0.04871 0.01128 0.22510 -0.97434
0.04874 0.01118 0.22316 -0.97478
0.04876 0.01108 0.22121 -0.97523
0.04878 0.01099 0.21926 -0.97567
0.04880 0.01089 0.21731 -0.97610
0.04882 0.01079 0.21536 -0.97653
0.04885 0.01069 0.21341 -0.97696
0.04887 0.01060 0.21146 -0.97739
0.04889 0.01050 0.20951 -0.97781
0.04891 0.01040 0.20756 -0.97822
0.04893 0.01030 0.20561 -0.97863
0.04895 0.01021 0.20365 -0.97904
0.04897 0.01011 0.20170 -0.97945
0.04899 0.01001 0.19974 -0.97985
0.04901 0.00991 0.19779 -0.98025
0.04903 0.00981 0.19583 -0.98064
0.04905 0.00972 0.19387 -0.98103
0.04907 0.00962 0.19191 -0.98141
0.04909 0.00952 0.18995 -0.98179
0.04911 0.00942 0.18799 -0.98217
0.04913 0.00932 0.18603 -0.98254
0.04914 0.00922 0.18407 -0.98291
0.04916 0.00913 0.18211 -0.98328
0.04918 0.00903 0.18015 -0.98364
0.04920 0.00893 0.17818 -0.98400
0.04922 0.00883 0.17622 -0.98435
0.04923 0.00873 0.17425 -0.98470
0.04925 0.00863 0.17229 -0.98505
0.04927 0.00854 0.17032 -0.98539
0.04928 0.00844 0.16835 -0.98573
0.04930 0.00834 0.16639 -0.98606
0.04932 0.00824 0.16442 -0.98639
0.04933 0.00814 0.16245 -0.98672
0.04935 0.00804 0.16048 -0.98704
0.04937 0.00794 0.15851 -0.98736
0.04938 0.00785 0.15654 -0.98767
0.04940 0.00775 0.15457 -0.98798
0.04941 0.00765 0.15259 -0.98829
0.04943 0.00755 0.15062 -0.98859
0.04944 0.00745 0.14865 -0.98889
0.04946 0.00735 0.14667 -0.98918
0.04947 0.00725 0.14470 -0.98948
0.04949 0.00715 0.14273 -0.98976
0.04950 0.00705 0.14075 -0.99005
0.04952 0.00696 0.13877 -0.99032
0.04953 0.00686 0.13680 -0.99060
0.04954 0.00676 0.13482 -0.99087
0.04956 0.00666 0.13284 -0.99114
0.04957 0.00656 0.13086 -0.99140
0.04958 0.00646 0.12889 -0.99166
0.04959 0.00636 0.12691 -0.99191
0.04961 0.00626 0.12493 -0.99217
0.04962 0.00616 0.12295 -0.99241
0.04963 0.00606 0.12097 -0.99266
0.04964 0.00596 0.11899 -0.99290
0.04966 0.00586 0.11700 -0.99313
0.04967 0.00577 0.11502 -0.99336
0.04968 0.00567 0.11304 -0.99359
0.04969 0.00557 0.11106 -0.99381
0.04970 0.00547 0.10907 -0.99403
0.04971 0.00537 0.10709 -0.99425
0.04972 0.00527 0.10511 -0.99446
0.04973 0.00517 0.10312 -0.99467
0.04974 0.00507 0.10114 -0.99487
0.04975 0.00497 0.09915 -0.99507
0.04976 0.00487 0.09717 -0.99527
0.04977 0.00477 0.09518 -0.99546
0.04978 0.00467 0.09319 -0.99565
0.04979 0.00457 0.09121 -0.99583
0.04980 0.00447 0.08922 -0.99601
0.04981 0.00437 0.08723 -0.99619
0.04982 0.00427 0.08524 -0.99636
0.04983 0.00417 0.08326 -0.99653
0.04983 0.00407 0.08127 -0.99669
0.04984 0.00397 0.07928 -0.99685
0.04985 0.00387 0.07729 -0.99701
0.04986 0.00377 0.07530 -0.99716
0.04987 0.00367 0.07331 -0.99731
0.04987 0.00357 0.07132 -0.99745
0.04988 0.00348 0.06933 -0.99759
0.04989 0.00338 0.06734 -0.99773
0.04989 0.00328 0.06535 -0.99786
0.04990 0.00318 0.06336 -0.99799
0.04991 0.00308 0.06137 -0.99812
0.04991 0.00298 0.05938 -0.99824
0.04992 0.00288 0.05738 -0.99835
0.04992 0.00278 0.05539 -0.99846
0.04993 0.00268 0.05340 -0.99857
0.04993 0.00258 0.05141 -0.99868
0.04994 0.00248 0.04942 -0.99878
0.04994 0.00238 0.04742 -0.99887
0.04995 0.00228 0.04543 -0.99897
0.04995 0.00218 0.04344 -0.99906
0.04996 0.00208 0.04144 -0.99914
0.04996 0.00198 0.03945 -0.99922
0.04996 0.00188 0.03746 -0.99930
0.04997 0.00178 0.03546 -0.99937
0.04997 0.00168 0.03347 -0.99944
0.04998 0.00158 0.03147 -0.99950
0.04998 0.00148 0.02948 -0.99957
0.04998 0.00138 0.02749 -0.99962
0.04998 0.00128 0.02549 -0.99968
0.04999 0.00118 0.02350 -0.99972
0.04999 0.00108 0.02150 -0.99977
0.04999 0.00098 0.01951 -0.99981
0.04999 0.00088 0.01751 -0.99985
0.04999 0.00078 0.01552 -0.99988
0.05000 0.00068 0.01352 -0.99991
0.05000 0.00058 0.01153 -0.99993
0.05000 0.00048 0.00953 -0.99995
0.05000 0.00038 0.00754 -0.99997
0.05000 0.00028 0.00554 -0.99998
0.05000 0.00018 0.00355 -0.99999
0.05000 0.00008 0.00156 -1.00000
0.05000 -0.00002 -0.00044 -1.00000
