-0.95000 0.00000 0.00000 1.00000
-0.95000 0.00190 0.00020 1.00000
-0.95000 0.00380 0.00039 1.00000
-0.95000 0.00570 0.00059 1.00000
-0.95000 0.00760 0.00078 1.00000
-0.95000 0.00950 0.00098 1.00000
-0.94999 0.01140 0.00117 1.00000
-0.94999 0.01330 0.00137 1.00000
-0.94999 0.01520 0.00156 1.00000
-0.94998 0.01710 0.00176 1.00000
-0.94998 0.01900 0.00195 1.00000
-0.94998 0.02090 0.00215 1.00000
-0.94997 0.02280 0.00234 1.00000
-0.94997 0.02469 0.00254 1.00000
-0.94996 0.02659 0.00273 1.00000
-0.94996 0.02849 0.00293 1.00000
-0.94995 0.03039 0.00312 1.00000
-0.94995 0.03229 0.00332 0.99999
-0.94994 0.03419 0.00352 0.99999
-0.94993 0.03608 0.00371 0.99999
-0.94993 0.03798 0.00391 0.99999
-0.94992 0.03988 0.00411 0.99999
-0.94991 0.04177 0.00430 0.99999
-0.94990 0.04367 0.00450 0.99999
-0.94989 0.04557 0.00470 0.99999
-0.94988 0.04746 0.00489 0.99999
-0.94987 0.04936 0.00509 0.99999
-0.94986 0.05125 0.00529 0.99999
-0.94985 0.05315 0.00549 0.99998
-0.94984 0.05504 0.00568 0.99998
-0.94983 0.05694 0.00588 0.99998
-0.94982 0.05883 0.00608 0.99998
-0.94981 0.06072 0.00628 0.99998
-0.94980 0.06261 0.00648 0.99998
-0.94979 0.06451 0.00668 0.99998
-0.94977 0.06640 0.00688 0.99998
-0.94976 0.06829 0.00708 0.99997
-0.94975 0.07018 0.00728 0.99997
-0.94973 0.07207 0.00748 0.99997
-0.94972 0.07396 0.00768 0.99997
-0.94970 0.07585 0.00788 0.99997
-0.94969 0.07773 0.00808 0.99997
-0.94967 0.07962 0.00828 0.99997
-0.94966 0.08151 0.00848 0.99996
-0.94964 0.08340 0.00868 0.99996
-0.94962 0.08528 0.00888 0.99996
-0.94961 0.08717 0.00909 0.99996
-0.94959 0.08905 0.00929 0.99996
-0.94957 0.09093 0.00949 0.99995
-0.94955 0.09282 0.00970 0.99995
-0.94954 0.09470 0.00990 0.99995
-0.94952 0.09658 0.01010 0.99995
-0.94950 0.09846 0.01031 0.99995
-0.94948 0.10034 0.01051 0.99994
-0.94946 0.10222 0.01072 0.99994
-0.94944 0.10410 0.01093 0.99994
-0.94942 0.10598 0.01113 0.99994
-0.94940 0.10786 0.01134 0.99994
-0.94937 0.10973 0.01155 0.99993
-0.94935 0.11161 0.01175 0.99993
-0.94933 0.11348 0.01196 0.99993
-0.94931 0.11536 0.01217 0.99993
-0.94928 0.11723 0.01238 0.99992
-0.94926 0.11910 0.01259 0.99992
-0.94924 0.12097 0.01280 0.99992
-0.94921 0.12284 0.01301 0.99992
-0.94919 0.12471 0.01322 0.99991
-0.94916 0.12658 0.01343 0.99991
-0.94914 0.12845 0.01364 0.99991
-0.94911 0.13031 0.01385 0.99990
-0.94909 0.13218 0.01406 0.99990
-0.94906 0.13404 0.01428 0.99990
-0.94903 0.13591 0.01449 0.99989
-0.94901 0.13777 0.01471 0.99989
-0.94898 0.13963 0.01492 0.99989
-0.94895 0.14149 0.01514 0.99989
-0.94892 0.14335 0.01535 0.99988
-0.94889 0.14521 0.01557 0.99988
-0.94886 0.14707 0.01579 0.99988
-0.94884 0.14892 0.01600 0.99987
-0.94881 0.15078 0.01622 0.99987
-0.94878 0.15263 0.01644 0.99986
-0.94874 0.15448 0.01666 0.99986
-0.94871 0.15634 0.01688 0.99986
-0.94868 0.15819 0.01710 0.99985
-0.94865 0.16004 0.01732 0.99985
-0.94862 0.16188 0.01754 0.99985
-0.94859 0.16373 0.01777 0.99984
-0.94855 0.16558 0.01799 0.99984
-0.94852 0.16742 0.01821 0.99983
-0.94849 0.16926 0.01844 0.99983
-0.94845 0.17111 0.01866 0.99983
-0.94842 0.17295 0.01889 0.99982
-0.94838 0.17479 0.01912 0.99982
-0.94835 0.17662 0.01934 0.99981
-0.94831 0.17846 0.01957 0.99981
-0.94827 0.18030 0.01980 0.99980
-0.94824 0.18213 0.02003 0.99980
-0.94820 0.18396 0.02026 0.99979
-0.94816 0.18580 0.02049 0.99979
-0.94813 0.18763 0.02072 0.99979
-0.94809 0.18946 0.02096 0.99978
-0.94805 0.19128 0.02119 0.99978
-0.94801 0.19311 0.02142 0.99977
-0.94797 0.19493 0.02166 0.99977
-0.94793 0.19676 0.02190 0.99976
-0.94789 0.19858 0.02213 0.99976
-0.94785 0.20040 0.02237 0.99975
-0.94781 0.20222 0.02261 0.99974
-0.94777 0.20403 0.02285 0.99974
-0.94773 0.20585 0.02309 0.99973
-0.94768 0.20766 0.02333 0.99973
-0.94764 0.20948 0.02357 0.99972
-0.94760 0.21129 0.02381 0.99972
-0.94756 0.21310 0.02406 0.99971
-0.94751 0.21491 0.02430 0.99970
-0.94747 0.21671 0.02455 0.99970
-0.94742 0.21852 0.02479 0.99969
-0.94738 0.22032 0.02504 0.99969
-0.94733 0.22212 0.02529 0.99968
-0.94729 0.22392 0.02554 0.99967
-0.94724 0.22572 0.02579 0.99967
-0.94719 0.22752 0.02604 0.99966
-0.94715 0.22932 0.02629 0.99965
-0.94710 0.23111 0.02654 0.99965
-0.94705 0.23290 0.02680 0.99964
-0.94700 0.23469 0.02705 0.99963
-0.94696 0.23648 0.02731 0.99963
-0.94691 0.23827 0.02757 0.99962
-0.94686 0.24005 0.02782 0.99961
-0.94681 0.24184 0.02808 0.99961
-0.94676 0.24362 0.02834 0.99960
-0.94671 0.24540 0.02860 0.99959
-0.94665 0.24718 0.02887 0.99958
-0.94660 0.24896 0.02913 0.99958
-0.94655 0.25073 0.02940 0.99957
-0.94650 0.25250 0.02966 0.99956
-0.94645 0.25428 0.02993 0.99955
-0.94639 0.25604 0.03020 0.99954
-0.94634 0.25781 0.03046 0.99954
-0.94629 0.25958 0.03074 0.99953
-0.94623 0.26134 0.03101 0.99952
-0.94618 0.26310 0.03128 0.99951
-0.94612 0.26487 0.03155 0.99950
-0.94606 0.26662 0.03183 0.99949
-0.94601 0.26838 0.03210 0.99948
-0.94595 0.27014 0.03238 0.99948
-0.94589 0.27189 0.03266 0.99947
-0.94584 0.27364 0.03294 0.99946
-0.94578 0.27539 0.03322 0.99945
-0.94572 0.27714 0.03350 0.99944
-0.94566 0.27888 0.03379 0.99943
-0.94560 0.28062 0.03407 0.99942
-0.94554 0.28237 0.03436 0.99941
-0.94548 0.28410 0.03465 0.99940
-0.94542 0.28584 0.03494 0.99939
-0.94536 0.28758 0.03523 0.99938
-0.94530 0.28931 0.03552 0.99937
-0.94524 0.29104 0.03581 0.99936
-0.94518 0.29277 0.03611 0.99935
-0.94511 0.29450 0.03640 0.99934
-0.94505 0.29622 0.03670 0.99933
-0.94499 0.29795 0.03700 0.99932
-0.94492 0.29967 0.03730 0.99930
-0.94486 0.30139 0.03760 0.99929
-0.94479 0.30310 0.03790 0.99928
-0.94473 0.30482 0.03821 0.99927
-0.94466 0.30653 0.03851 0.99926
-0.94460 0.30824 0.03882 0.99925
-0.94453 0.30995 0.03913 0.99923
-0.94446 0.31166 0.03944 0.99922
-0.94440 0.31336 0.03975 0.99921
-0.94433 0.31506 0.04006 0.99920
-0.94426 0.31676 0.04038 0.99918
-0.94419 0.31846 0.04069 0.99917
-0.94412 0.32016 0.04101 0.99916
-0.94405 0.32185 0.04133 0.99915
-0.94398 0.32354 0.04165 0.99913
-0.94391 0.32523 0.04198 0.99912
-0.94384 0.32692 0.04230 0.99910
-0.94377 0.32860 0.04263 0.99909
-0.94370 0.33029 0.04295 0.99908
-0.94362 0.33197 0.04328 0.99906
-0.94355 0.33365 0.04361 0.99905
-0.94348 0.33532 0.04395 0.99903
-0.94340 0.33700 0.04428 0.99902
-0.94333 0.33867 0.04462 0.99900
-0.94325 0.34034 0.04495 0.99899
-0.94318 0.34200 0.04529 0.99897
-0.94310 0.34367 0.04564 0.99896
-0.94303 0.34533 0.04598 0.99894
-0.94295 0.34699 0.04632 0.99893
-0.94287 0.34865 0.04667 0.99891
-0.94279 0.35030 0.04702 0.99889
-0.94272 0.35196 0.04737 0.99888
-0.94264 0.35361 0.04772 0.99886
-0.94256 0.35525 0.04807 0.99884
-0.94248 0.35690 0.04843 0.99883
-0.94240 0.35854 0.04879 0.99881
-0.94232 0.36019 0.04915 0.99879
-0.94224 0.36182 0.04951 0.99877
-0.94216 0.36346 0.04987 0.99876
-0.94207 0.36510 0.05024 0.99874
-0.94199 0.36673 0.05061 0.99872
-0.94191 0.36836 0.05097 0.99870
-0.94183 0.36998 0.05135 0.99868
-0.94174 0.37161 0.05172 0.99866
-0.94166 0.37323 0.05209 0.99864
-0.94157 0.37485 0.05247 0.99862
-0.94149 0.37647 0.05285 0.99860
-0.94140 0.37808 0.05323 0.99858
-0.94132 0.37969 0.05362 0.99856
-0.94123 0.38130 0.05400 0.99854
-0.94114 0.38291 0.05439 0.99852
-0.94105 0.38452 0.05478 0.99850
-0.94097 0.38612 0.05517 0.99848
-0.94088 0.38772 0.05557 0.99845
-0.94079 0.38932 0.05596 0.99843
-0.94070 0.39091 0.05636 0.99841
-0.94061 0.39251 0.05676 0.99839
-0.94052 0.39410 0.05717 0.99836
-0.94043 0.39568 0.05757 0.99834
-0.94033 0.39727 0.05798 0.99832
-0.94024 0.39885 0.05839 0.99829
-0.94015 0.40043 0.05880 0.99827
-0.94006 0.40201 0.05922 0.99825
-0.93996 0.40358 0.05963 0.99822
-0.93987 0.40516 0.06005 0.99820
-0.93977 0.40673 0.06047 0.99817
-0.93968 0.40829 0.06090 0.99814
-0.93958 0.40986 0.06132 0.99812
-0.93949 0.41142 0.06175 0.99809
-0.93939 0.41298 0.06218 0.99806
-0.93929 0.41454 0.06262 0.99804
-0.93919 0.41609 0.06305 0.99801
-0.93910 0.41764 0.06349 0.99798
-0.93900 0.41919 0.06393 0.99795
-0.93890 0.42074 0.06438 0.99793
-0.93880 0.42228 0.06482 0.99790
-0.93870 0.42383 0.06527 0.99787
-0.93860 0.42536 0.06572 0.99784
-0.93849 0.42690 0.06618 0.99781
-0.93839 0.42843 0.06663 0.99778
-0.93829 0.42996 0.06709 0.99775
-0.93819 0.43149 0.06755 0.99772
-0.93808 0.43302 0.06802 0.99768
-0.93798 0.43454 0.06848 0.99765
-0.93787 0.43606 0.06895 0.99762
-0.93777 0.43758 0.06943 0.99759
-0.93766 0.43909 0.06990 0.99755
-0.93756 0.44061 0.07038 0.99752
-0.93745 0.44212 0.07086 0.99749
-0.93734 0.44362 0.07135 0.99745
-0.93723 0.44513 0.07183 0.99742
-0.93713 0.44663 0.07232 0.99738
-0.93702 0.44813 0.07281 0.99735
-0.93691 0.44963 0.07331 0.99731
-0.93680 0.45112 0.07381 0.99727
-0.93669 0.45261 0.07431 0.99724
-0.93657 0.45410 0.07481 0.99720
-0.93646 0.45558 0.07532 0.99716
-0.93635 0.45707 0.07583 0.99712
-0.93624 0.45855 0.07634 0.99708
-0.93612 0.46002 0.07686 0.99704
-0.93601 0.46150 0.07738 0.99700
-0.93590 0.46297 0.07790 0.99696
-0.93578 0.46444 0.07843 0.99692
-0.93566 0.46591 0.07895 0.99688
-0.93555 0.46737 0.07949 0.99684
-0.93543 0.46883 0.08002 0.99679
-0.93531 0.47029 0.08056 0.99675
-0.93520 0.47175 0.08110 0.99671
-0.93508 0.47320 0.08165 0.99666
-0.93496 0.47465 0.08219 0.99662
-0.93484 0.47610 0.08274 0.99657
-0.93472 0.47754 0.08330 0.99652
-0.93460 0.47898 0.08386 0.99648
-0.93448 0.48042 0.08442 0.99643
-0.93435 0.48186 0.08498 0.99638
-0.93423 0.48329 0.08555 0.99633
-0.93411 0.48472 0.08612 0.99628
-0.93398 0.48615 0.08670 0.99623
-0.93386 0.48757 0.08727 0.99618
-0.93373 0.48900 0.08786 0.99613
-0.93361 0.49042 0.08844 0.99608
-0.93348 0.49183 0.08903 0.99603
-0.93336 0.49325 0.08962 0.99598
-0.93323 0.49466 0.09022 0.99592
-0.93310 0.49607 0.09082 0.99587
-0.93297 0.49747 0.09142 0.99581
-0.93284 0.49887 0.09203 0.99576
-0.93271 0.50027 0.09264 0.99570
-0.93258 0.50167 0.09325 0.99564
-0.93245 0.50307 0.09387 0.99558
-0.93232 0.50446 0.09449 0.99553
-0.93219 0.50585 0.09512 0.99547
-0.93205 0.50723 0.09575 0.99541
-0.93192 0.50862 0.09638 0.99534
-0.93179 0.51000 0.09702 0.99528
-0.93165 0.51137 0.09766 0.99522
-0.93152 0.51275 0.09830 0.99516
-0.93138 0.51412 0.09895 0.99509
-0.93124 0.51549 0.09960 0.99503
-0.93111 0.51685 0.10026 0.99496
-0.93097 0.51822 0.10092 0.99489
-0.93083 0.51958 0.10159 0.99483
-0.93069 0.52094 0.10226 0.99476
-0.93055 0.52229 0.10293 0.99469
-0.93041 0.52364 0.10361 0.99462
-0.93027 0.52499 0.10429 0.99455
-0.93013 0.52634 0.10497 0.99447
-0.92999 0.52768 0.10566 0.99440
-0.92984 0.52902 0.10636 0.99433
-0.92970 0.53036 0.10706 0.99425
-0.92956 0.53170 0.10776 0.99418
-0.92941 0.53303 0.10847 0.99410
-0.92927 0.53436 0.10918 0.99402
-0.92912 0.53568 0.10989 0.99394
-0.92897 0.53701 0.11061 0.99386
-0.92882 0.53833 0.11134 0.99378
-0.92868 0.53965 0.11207 0.99370
-0.92853 0.54096 0.11280 0.99362
-0.92838 0.54227 0.11354 0.99353
-0.92823 0.54358 0.11428 0.99345
-0.92808 0.54489 0.11503 0.99336
-0.92793 0.54619 0.11578 0.99327
-0.92777 0.54749 0.11654 0.99319
-0.92762 0.54879 0.11730 0.99310
-0.92747 0.55009 0.11806 0.99301
-0.92731 0.55138 0.11883 0.99291
-0.92716 0.55267 0.11961 0.99282
-0.92700 0.55395 0.12039 0.99273
-0.92685 0.55524 0.12117 0.99263
-0.92669 0.55652 0.12196 0.99253
-0.92653 0.55780 0.12276 0.99244
-0.92637 0.55907 0.12356 0.99234
-0.92622 0.56034 0.12436 0.99224
-0.92606 0.56161 0.12517 0.99213
-0.92590 0.56288 0.12599 0.99203
-0.92573 0.56414 0.12681 0.99193
-0.92557 0.56540 0.12763 0.99182
-0.92541 0.56666 0.12846 0.99171
-0.92525 0.56792 0.12930 0.99161
-0.92508 0.56917 0.13014 0.99150
-0.92492 0.57042 0.13098 0.99138
-0.92475 0.57166 0.13183 0.99127
-0.92459 0.57291 0.13269 0.99116
-0.92442 0.57415 0.13355 0.99104
-0.92425 0.57539 0.13442 0.99092
-0.92409 0.57662 0.13529 0.99081
-0.92392 0.57785 0.13617 0.99069
-0.92375 0.57908 0.13705 0.99056
-0.92358 0.58031 0.13794 0.99044
-0.92341 0.58153 0.13883 0.99032
-0.92323 0.58275 0.13973 0.99019
-0.92306 0.58397 0.14063 0.99006
-0.92289 0.58519 0.14154 0.98993
-0.92271 0.58640 0.14246 0.98980
-0.92254 0.58761 0.14338 0.98967
-0.92236 0.58882 0.14431 0.98953
-0.92219 0.59002 0.14524 0.98940
-0.92201 0.59122 0.14618 0.98926
-0.92183 0.59242 0.14712 0.98912
-0.92166 0.59361 0.14808 0.98898
-0.92148 0.59481 0.14903 0.98883
-0.92130 0.59600 0.14999 0.98869
-0.92112 0.59718 0.15096 0.98854
-0.92093 0.59837 0.15194 0.98839
-0.92075 0.59955 0.15292 0.98824
-0.92057 0.60073 0.15390 0.98809
-0.92039 0.60190 0.15489 0.98793
-0.92020 0.60307 0.15589 0.98777
-0.92002 0.60424 0.15690 0.98762
-0.91983 0.60541 0.15791 0.98745
-0.91964 0.60657 0.15892 0.98729
-0.91946 0.60773 0.15995 0.98713
-0.91927 0.60889 0.16097 0.98696
-0.91908 0.61005 0.16201 0.98679
-0.91889 0.61120 0.16305 0.98662
-0.91870 0.61235 0.16410 0.98644
-0.91851 0.61350 0.16515 0.98627
-0.91831 0.61464 0.16622 0.98609
-0.91812 0.61578 0.16728 0.98591
-0.91793 0.61692 0.16836 0.98573
-0.91773 0.61806 0.16944 0.98554
-0.91754 0.61919 0.17052 0.98535
-0.91734 0.62032 0.17162 0.98516
-0.91714 0.62145 0.17272 0.98497
-0.91695 0.62257 0.17383 0.98478
-0.91675 0.62369 0.17494 0.98458
-0.91655 0.62481 0.17606 0.98438
-0.91635 0.62593 0.17719 0.98418
-0.91615 0.62704 0.17832 0.98397
-0.91595 0.62815 0.17946 0.98376
-0.91574 0.62926 0.18061 0.98355
-0.91554 0.63037 0.18177 0.98334
-0.91533 0.63147 0.18293 0.98313
-0.91513 0.63257 0.18410 0.98291
-0.91492 0.63366 0.18527 0.98269
-0.91472 0.63476 0.18645 0.98246
-0.91451 0.63585 0.18764 0.98224
-0.91430 0.63694 0.18884 0.98201
-0.91409 0.63802 0.19005 0.98178
-0.91388 0.63910 0.19126 0.98154
-0.91367 0.64018 0.19248 0.98130
-0.91346 0.64126 0.19370 0.98106
-0.91324 0.64234 0.19494 0.98082
-0.91303 0.64341 0.19618 0.98057
-0.91282 0.64448 0.19742 0.98032
-0.91260 0.64554 0.19868 0.98006
-0.91238 0.64660 0.19994 0.97981
-0.91217 0.64767 0.20121 0.97955
-0.91195 0.64872 0.20249 0.97928
-0.91173 0.64978 0.20378 0.97902
-0.91151 0.65083 0.20507 0.97875
-0.91129 0.65188 0.20637 0.97847
-0.91107 0.65293 0.20768 0.97820
-0.91085 0.65397 0.20900 0.97792
-0.91062 0.65501 0.21032 0.97763
-0.91040 0.65605 0.21165 0.97735
-0.91017 0.65709 0.21299 0.97705
-0.90995 0.65812 0.21434 0.97676
-0.90972 0.65915 0.21569 0.97646
-0.90949 0.66018 0.21706 0.97616
-0.90927 0.66120 0.21843 0.97585
-0.90904 0.66222 0.21981 0.97554
-0.90881 0.66324 0.22119 0.97523
-0.90857 0.66426 0.22259 0.97491
-0.90834 0.66527 0.22399 0.97459
-0.90811 0.66629 0.22540 0.97427
-0.90787 0.66729 0.22682 0.97394
-0.90764 0.66830 0.22825 0.97360
-0.90740 0.66930 0.22968 0.97327
-0.90717 0.67030 0.23113 0.97292
-0.90693 0.67130 0.23258 0.97258
-0.90669 0.67230 0.23404 0.97223
-0.90645 0.67329 0.23551 0.97187
-0.90621 0.67428 0.23698 0.97151
-0.90597 0.67527 0.23847 0.97115
-0.90573 0.67625 0.23996 0.97078
-0.90548 0.67723 0.24146 0.97041
-0.90524 0.67821 0.24297 0.97003
-0.90499 0.67919 0.24449 0.96965
-0.90475 0.68016 0.24602 0.96927
-0.90450 0.68113 0.24755 0.96887
-0.90425 0.68210 0.24910 0.96848
-0.90400 0.68307 0.25065 0.96808
-0.90375 0.68403 0.25221 0.96767
-0.90350 0.68499 0.25378 0.96726
-0.90325 0.68595 0.25536 0.96685
-0.90299 0.68690 0.25695 0.96643
-0.90274 0.68785 0.25854 0.96600
-0.90249 0.68880 0.26015 0.96557
-0.90223 0.68975 0.26176 0.96513
-0.90197 0.69070 0.26338 0.96469
-0.90171 0.69164 0.26501 0.96424
-0.90145 0.69258 0.26665 0.96379
-0.90119 0.69352 0.26830 0.96334
-0.90093 0.69445 0.26996 0.96287
-0.90067 0.69538 0.27162 0.96240
-0.90041 0.69631 0.27330 0.96193
-0.90014 0.69724 0.27498 0.96145
-0.89988 0.69816 0.27668 0.96096
-0.89961 0.69908 0.27838 0.96047
-0.89935 0.70000 0.28009 0.95997
-0.89908 0.70092 0.28181 0.95947
-0.89881 0.70183 0.28354 0.95896
-0.89854 0.70274 0.28527 0.95845
-0.89827 0.70365 0.28702 0.95792
-0.89800 0.70455 0.28878 0.95740
-0.89772 0.70546 0.29054 0.95686
-0.89745 0.70636 0.29231 0.95632
-0.89717 0.70726 0.29410 0.95578
-0.89690 0.70815 0.29589 0.95522
-0.89662 0.70904 0.29769 0.95466
-0.89634 0.70994 0.29950 0.95410
-0.89606 0.71082 0.30132 0.95352
-0.89578 0.71171 0.30314 0.95294
-0.89550 0.71259 0.30498 0.95236
-0.89521 0.71347 0.30683 0.95177
-0.89493 0.71435 0.30868 0.95116
-0.89465 0.71522 0.31055 0.95056
-0.89436 0.71610 0.31242 0.94994
-0.89407 0.71697 0.31430 0.94932
-0.89378 0.71784 0.31619 0.94869
-0.89349 0.71870 0.31810 0.94806
-0.89320 0.71956 0.32001 0.94742
-0.89291 0.72042 0.32192 0.94677
-0.89262 0.72128 0.32385 0.94611
-0.89233 0.72214 0.32579 0.94544
-0.89203 0.72299 0.32774 0.94477
-0.89174 0.72384 0.32969 0.94409
-0.89144 0.72469 0.33165 0.94340
-0.89114 0.72553 0.33363 0.94270
-0.89084 0.72638 0.33561 0.94200
-0.89054 0.72722 0.33760 0.94129
-0.89024 0.72805 0.33960 0.94057
-0.88994 0.72889 0.34161 0.93984
-0.88963 0.72972 0.34363 0.93910
-0.88933 0.73055 0.34566 0.93836
-0.88902 0.73138 0.34769 0.93761
-0.88871 0.73221 0.34974 0.93685
-0.88841 0.73303 0.35179 0.93608
-0.88810 0.73385 0.35386 0.93530
-0.88779 0.73467 0.35593 0.93451
-0.88747 0.73549 0.35801 0.93372
-0.88716 0.73630 0.36010 0.93291
-0.88685 0.73711 0.36220 0.93210
-0.88653 0.73792 0.36431 0.93128
-0.88622 0.73873 0.36642 0.93045
-0.88590 0.73953 0.36855 0.92961
-0.88558 0.74033 0.37068 0.92876
-0.88526 0.74113 0.37283 0.92790
-0.88494 0.74193 0.37498 0.92703
-0.88461 0.74272 0.37714 0.92616
-0.88429 0.74351 0.37930 0.92527
-0.88397 0.74430 0.38148 0.92438
-0.88364 0.74509 0.38367 0.92347
-0.88331 0.74588 0.38586 0.92256
-0.88298 0.74666 0.38806 0.92163
-0.88266 0.74744 0.39027 0.92070
-0.88232 0.74822 0.39249 0.91976
-0.88199 0.74899 0.39472 0.91880
-0.88166 0.74977 0.39695 0.91784
-0.88132 0.75054 0.39920 0.91687
-0.88099 0.75130 0.40145 0.91588
-0.88065 0.75207 0.40371 0.91489
-0.88031 0.75283 0.40598 0.91388
-0.87997 0.75360 0.40825 0.91287
-0.87963 0.75436 0.41054 0.91184
-0.87929 0.75511 0.41283 0.91081
-0.87895 0.75587 0.41513 0.90976
-0.87860 0.75662 0.41743 0.90871
-0.87826 0.75737 0.41975 0.90764
-0.87791 0.75812 0.42207 0.90656
-0.87756 0.75886 0.42440 0.90547
-0.87721 0.75961 0.42674 0.90438
-0.87686 0.76035 0.42908 0.90327
-0.87651 0.76109 0.43143 0.90214
-0.87616 0.76182 0.43379 0.90101
-0.87580 0.76256 0.43616 0.89987
-0.87545 0.76329 0.43853 0.89872
-0.87509 0.76402 0.44091 0.89755
-0.87473 0.76475 0.44330 0.89637
-0.87437 0.76547 0.44569 0.89519
-0.87401 0.76619 0.44809 0.89399
-0.87365 0.76691 0.45050 0.89278
-0.87328 0.76763 0.45292 0.89155
-0.87292 0.76835 0.45534 0.89032
-0.87255 0.76906 0.45776 0.88907
-0.87218 0.76978 0.46020 0.88782
-0.87181 0.77048 0.46264 0.88655
-0.87144 0.77119 0.46508 0.88527
-0.87107 0.77190 0.46753 0.88398
-0.87070 0.77260 0.46999 0.88267
-0.87032 0.77330 0.47245 0.88135
-0.86995 0.77400 0.47492 0.88003
-0.86957 0.77470 0.47740 0.87869
-0.86919 0.77539 0.47988 0.87733
-0.86881 0.77608 0.48236 0.87597
-0.86843 0.77677 0.48486 0.87459
-0.86805 0.77746 0.48735 0.87321
-0.86767 0.77815 0.48985 0.87181
-0.86728 0.77883 0.49236 0.87039
-0.86689 0.77951 0.49487 0.86897
-0.86651 0.78019 0.49738 0.86753
-0.86612 0.78087 0.49990 0.86608
-0.86573 0.78154 0.50243 0.86462
-0.86533 0.78222 0.50496 0.86314
-0.86494 0.78289 0.50749 0.86166
-0.86454 0.78355 0.51003 0.86016
-0.86415 0.78422 0.51257 0.85865
-0.86375 0.78489 0.51512 0.85712
-0.86335 0.78555 0.51766 0.85558
-0.86295 0.78621 0.52022 0.85403
-0.86255 0.78687 0.52277 0.85247
-0.86214 0.78752 0.52533 0.85090
-0.86174 0.78818 0.52789 0.84931
-0.86133 0.78883 0.53046 0.84771
-0.86092 0.78948 0.53303 0.84610
-0.86052 0.79012 0.53560 0.84447
-0.86010 0.79077 0.53817 0.84284
-0.85969 0.79141 0.54075 0.84119
-0.85928 0.79206 0.54332 0.83952
-0.85886 0.79269 0.54591 0.83785
-0.85845 0.79333 0.54849 0.83616
-0.85803 0.79397 0.55107 0.83446
-0.85761 0.79460 0.55366 0.83274
-0.85719 0.79523 0.55625 0.83102
-0.85677 0.79586 0.55883 0.82928
-0.85634 0.79649 0.56142 0.82753
-0.85592 0.79711 0.56402 0.82576
-0.85549 0.79774 0.56661 0.82399
-0.85506 0.79836 0.56920 0.82220
-0.85463 0.79898 0.57179 0.82040
-0.85420 0.79959 0.57439 0.81858
-0.85377 0.80021 0.57698 0.81676
-0.85333 0.80082 0.57958 0.81492
-0.85289 0.80143 0.58217 0.81306
-0.85246 0.80204 0.58477 0.81120
-0.85202 0.80265 0.58736 0.80932
-0.85158 0.80325 0.58996 0.80744
-0.85113 0.80386 0.59255 0.80553
-0.85069 0.80446 0.59514 0.80362
-0.85025 0.80506 0.59773 0.80170
-0.84980 0.80566 0.60032 0.79976
-0.84935 0.80625 0.60291 0.79781
-0.84890 0.80685 0.60550 0.79585
-0.84845 0.80744 0.60809 0.79387
-0.84800 0.80803 0.61067 0.79189
-0.84754 0.80861 0.61325 0.78989
-0.84708 0.80920 0.61583 0.78788
-0.84663 0.80978 0.61841 0.78586
-0.84617 0.81037 0.62098 0.78382
-0.84571 0.81095 0.62356 0.78178
-0.84524 0.81152 0.62613 0.77972
-0.84478 0.81210 0.62869 0.77765
-0.84431 0.81267 0.63126 0.77557
-0.84385 0.81325 0.63382 0.77348
-0.84338 0.81382 0.63637 0.77138
-0.84291 0.81439 0.63893 0.76927
-0.84243 0.81495 0.64148 0.76714
-0.84196 0.81552 0.64402 0.76501
-0.84148 0.81608 0.64656 0.76286
-0.84101 0.81664 0.64910 0.76070
-0.84053 0.81720 0.65163 0.75853
-0.84005 0.81776 0.65416 0.75635
-0.83956 0.81831 0.65669 0.75416
-0.83908 0.81887 0.65920 0.75196
-0.83860 0.81942 0.66172 0.74975
-0.83811 0.81997 0.66423 0.74753
-0.83762 0.82052 0.66673 0.74530
-0.83713 0.82107 0.66923 0.74306
-0.83664 0.82161 0.67172 0.74081
-0.83614 0.82215 0.67420 0.73855
-0.83565 0.82269 0.67668 0.73628
-0.83515 0.82323 0.67915 0.73400
-0.83465 0.82377 0.68162 0.73171
-0.83415 0.82431 0.68408 0.72941
-0.83365 0.82484 0.68654 0.72710
-0.83314 0.82537 0.68898 0.72478
-0.83264 0.82590 0.69142 0.72245
-0.83213 0.82643 0.69385 0.72012
-0.83162 0.82696 0.69628 0.71777
-0.83111 0.82748 0.69870 0.71542
-0.83060 0.82801 0.70111 0.71305
-0.83008 0.82853 0.70351 0.71068
-0.82957 0.82905 0.70591 0.70831
-0.82905 0.82956 0.70829 0.70592
-0.82853 0.83008 0.71067 0.70352
-0.82801 0.83059 0.71304 0.70112
-0.82749 0.83111 0.71540 0.69871
-0.82696 0.83162 0.71776 0.69629
-0.82643 0.83213 0.72010 0.69387
-0.82590 0.83264 0.72244 0.69144
-0.82537 0.83314 0.72477 0.68900
-0.82484 0.83365 0.72708 0.68655
-0.82431 0.83415 0.72939 0.68410
-0.82377 0.83465 0.73169 0.68164
-0.82324 0.83515 0.73398 0.67917
-0.82270 0.83564 0.73626 0.67670
-0.82216 0.83614 0.73853 0.67422
-0.82161 0.83663 0.74080 0.67173
-0.82107 0.83713 0.74305 0.66924
-0.82052 0.83762 0.74529 0.66674
-0.81997 0.83811 0.74752 0.66424
-0.81942 0.83859 0.74974 0.66173
-0.81887 0.83908 0.75195 0.65922
-0.81832 0.83956 0.75415 0.65670
-0.81776 0.84004 0.75634 0.65418
-0.81720 0.84052 0.75852 0.65165
-0.81665 0.84100 0.76069 0.64912
-0.81608 0.84148 0.76285 0.64658
-0.81552 0.84196 0.76499 0.64404
-0.81496 0.84243 0.76713 0.64149
-0.81439 0.84290 0.76925 0.63894
-0.81382 0.84337 0.77137 0.63639
-0.81325 0.84384 0.77347 0.63383
-0.81268 0.84431 0.77556 0.63127
-0.81210 0.84478 0.77764 0.62871
-0.81153 0.84524 0.77971 0.62614
-0.81095 0.84570 0.78177 0.62357
-0.81037 0.84616 0.78381 0.62100
-0.80979 0.84662 0.78584 0.61842
-0.80920 0.84708 0.78787 0.61585
-0.80862 0.84754 0.78988 0.61327
-0.80803 0.84799 0.79187 0.61068
-0.80744 0.84845 0.79386 0.60810
-0.80685 0.84890 0.79583 0.60551
-0.80625 0.84935 0.79780 0.60293
-0.80566 0.84980 0.79975 0.60034
-0.80506 0.85024 0.80168 0.59775
-0.80446 0.85069 0.80361 0.59516
-0.80386 0.85113 0.80552 0.59256
-0.80326 0.85157 0.80742 0.58997
-0.80265 0.85202 0.80931 0.58738
-0.80205 0.85245 0.81119 0.58478
-0.80144 0.85289 0.81305 0.58219
-0.80083 0.85333 0.81491 0.57959
-0.80021 0.85376 0.81675 0.57700
-0.79960 0.85420 0.81857 0.57440
-0.79898 0.85463 0.82039 0.57181
-0.79836 0.85506 0.82219 0.56922
-0.79774 0.85549 0.82398 0.56662
-0.79712 0.85591 0.82575 0.56403
-0.79649 0.85634 0.82752 0.56144
-0.79586 0.85676 0.82927 0.55885
-0.79524 0.85719 0.83101 0.55626
-0.79460 0.85761 0.83273 0.55367
-0.79397 0.85803 0.83445 0.55109
-0.79334 0.85844 0.83615 0.54850
-0.79270 0.85886 0.83784 0.54592
-0.79206 0.85928 0.83951 0.54334
-0.79142 0.85969 0.84118 0.54076
-0.79077 0.86010 0.84283 0.53819
-0.79013 0.86051 0.84446 0.53561
-0.78948 0.86092 0.84609 0.53304
-0.78883 0.86133 0.84770 0.53047
-0.78818 0.86174 0.84930 0.52791
-0.78753 0.86214 0.85089 0.52535
-0.78687 0.86255 0.85246 0.52279
-0.78621 0.86295 0.85403 0.52023
-0.78555 0.86335 0.85558 0.51768
-0.78489 0.86375 0.85711 0.51513
-0.78422 0.86415 0.85864 0.51258
-0.78356 0.86454 0.86015 0.51004
-0.78289 0.86494 0.86165 0.50751
-0.78222 0.86533 0.86314 0.50497
-0.78155 0.86572 0.86461 0.50244
-0.78087 0.86611 0.86607 0.49992
-0.78019 0.86650 0.86752 0.49740
-0.77952 0.86689 0.86896 0.49488
-0.77883 0.86728 0.87038 0.49237
-0.77815 0.86766 0.87180 0.48987
-0.77746 0.86805 0.87320 0.48737
-0.77678 0.86843 0.87459 0.48487
-0.77609 0.86881 0.87596 0.48238
-0.77539 0.86919 0.87733 0.47989
-0.77470 0.86957 0.87868 0.47741
-0.77400 0.86995 0.88002 0.47494
-0.77331 0.87032 0.88135 0.47247
-0.77260 0.87070 0.88266 0.47001
-0.77190 0.87107 0.88397 0.46755
-0.77120 0.87144 0.88526 0.46510
-0.77049 0.87181 0.88654 0.46265
-0.76978 0.87218 0.88781 0.46021
-0.76907 0.87255 0.88907 0.45778
-0.76835 0.87292 0.89031 0.45535
-0.76764 0.87328 0.89155 0.45293
-0.76692 0.87364 0.89277 0.45052
-0.76620 0.87401 0.89398 0.44811
-0.76548 0.87437 0.89518 0.44571
-0.76475 0.87473 0.89637 0.44331
-0.76402 0.87509 0.89754 0.44093
-0.76329 0.87544 0.89871 0.43855
-0.76256 0.87580 0.89986 0.43617
-0.76183 0.87615 0.90101 0.43381
-0.76109 0.87651 0.90214 0.43145
-0.76035 0.87686 0.90326 0.42909
-0.75961 0.87721 0.90437 0.42675
-0.75887 0.87756 0.90547 0.42441
-0.75812 0.87791 0.90656 0.42208
-0.75737 0.87826 0.90763 0.41976
-0.75662 0.87860 0.90870 0.41745
-0.75587 0.87895 0.90976 0.41514
-0.75512 0.87929 0.91080 0.41284
-0.75436 0.87963 0.91184 0.41055
-0.75360 0.87997 0.91286 0.40826
-0.75284 0.88031 0.91388 0.40599
-0.75208 0.88065 0.91488 0.40372
-0.75131 0.88099 0.91588 0.40146
-0.75054 0.88132 0.91686 0.39921
-0.74977 0.88166 0.91783 0.39697
-0.74900 0.88199 0.91880 0.39473
-0.74822 0.88232 0.91975 0.39250
-0.74744 0.88265 0.92069 0.39028
-0.74666 0.88298 0.92163 0.38807
-0.74588 0.88331 0.92255 0.38587
-0.74509 0.88364 0.92347 0.38368
-0.74431 0.88396 0.92437 0.38149
-0.74352 0.88429 0.92527 0.37932
-0.74273 0.88461 0.92615 0.37715
-0.74193 0.88494 0.92703 0.37499
-0.74113 0.88526 0.92790 0.37284
-0.74034 0.88558 0.92875 0.37069
-0.73953 0.88590 0.92960 0.36856
-0.73873 0.88621 0.93044 0.36644
-0.73792 0.88653 0.93127 0.36432
-0.73711 0.88685 0.93210 0.36221
-0.73630 0.88716 0.93291 0.36011
-0.73549 0.88747 0.93371 0.35802
-0.73467 0.88778 0.93451 0.35594
-0.73386 0.88809 0.93529 0.35387
-0.73303 0.88840 0.93607 0.35181
-0.73221 0.88871 0.93684 0.34975
-0.73139 0.88902 0.93760 0.34771
-0.73056 0.88933 0.93836 0.34567
-0.72973 0.88963 0.93910 0.34364
-0.72889 0.88993 0.93984 0.34162
-0.72806 0.89024 0.94056 0.33961
-0.72722 0.89054 0.94128 0.33761
-0.72638 0.89084 0.94200 0.33562
-0.72554 0.89114 0.94270 0.33364
-0.72469 0.89144 0.94340 0.33167
-0.72384 0.89173 0.94409 0.32970
-0.72299 0.89203 0.94477 0.32775
-0.72214 0.89232 0.94544 0.32580
-0.72129 0.89262 0.94610 0.32386
-0.72043 0.89291 0.94676 0.32193
-0.71957 0.89320 0.94741 0.32002
-0.71871 0.89349 0.94806 0.31811
-0.71784 0.89378 0.94869 0.31621
-0.71697 0.89407 0.94932 0.31431
-0.71610 0.89436 0.94994 0.31243
-0.71523 0.89464 0.95055 0.31056
-0.71435 0.89493 0.95116 0.30869
-0.71348 0.89521 0.95176 0.30684
-0.71260 0.89550 0.95235 0.30499
-0.71171 0.89578 0.95294 0.30316
-0.71083 0.89606 0.95352 0.30133
-0.70994 0.89634 0.95409 0.29951
-0.70905 0.89662 0.95466 0.29770
-0.70816 0.89689 0.95522 0.29590
-0.70726 0.89717 0.95577 0.29411
-0.70636 0.89745 0.95632 0.29232
-0.70546 0.89772 0.95686 0.29055
-0.70456 0.89799 0.95739 0.28879
-0.70365 0.89827 0.95792 0.28703
-0.70275 0.89854 0.95844 0.28528
-0.70183 0.89881 0.95896 0.28355
-0.70092 0.89908 0.95947 0.28182
-0.70001 0.89934 0.95997 0.28010
-0.69909 0.89961 0.96047 0.27839
-0.69817 0.89988 0.96096 0.27669
-0.69724 0.90014 0.96145 0.27499
-0.69632 0.90041 0.96193 0.27331
-0.69539 0.90067 0.96240 0.27163
-0.69445 0.90093 0.96287 0.26997
-0.69352 0.90119 0.96333 0.26831
-0.69258 0.90145 0.96379 0.26666
-0.69164 0.90171 0.96424 0.26502
-0.69070 0.90197 0.96469 0.26339
-0.68976 0.90223 0.96513 0.26177
-0.68881 0.90248 0.96557 0.26016
-0.68786 0.90274 0.96600 0.25855
-0.68691 0.90299 0.96642 0.25696
-0.68595 0.90325 0.96684 0.25537
-0.68499 0.90350 0.96726 0.25379
-0.68403 0.90375 0.96767 0.25222
-0.68307 0.90400 0.96808 0.25066
-0.68211 0.90425 0.96848 0.24911
-0.68114 0.90450 0.96887 0.24756
-0.68017 0.90474 0.96926 0.24603
-0.67919 0.90499 0.96965 0.24450
-0.67822 0.90524 0.97003 0.24298
-0.67724 0.90548 0.97041 0.24147
-0.67626 0.90572 0.97078 0.23997
-0.67527 0.90597 0.97115 0.23848
-0.67428 0.90621 0.97151 0.23699
-0.67329 0.90645 0.97187 0.23551
-0.67230 0.90669 0.97223 0.23405
-0.67131 0.90693 0.97258 0.23259
-0.67031 0.90716 0.97292 0.23113
-0.66931 0.90740 0.97326 0.22969
-0.66831 0.90764 0.97360 0.22825
-0.66730 0.90787 0.97393 0.22683
-0.66629 0.90811 0.97426 0.22541
-0.66528 0.90834 0.97459 0.22400
-0.66427 0.90857 0.97491 0.22259
-0.66325 0.90880 0.97523 0.22120
-0.66223 0.90903 0.97554 0.21981
-0.66121 0.90926 0.97585 0.21843
-0.66018 0.90949 0.97616 0.21706
-0.65916 0.90972 0.97646 0.21570
-0.65812 0.90995 0.97676 0.21435
-0.65709 0.91017 0.97705 0.21300
-0.65606 0.91040 0.97734 0.21166
-0.65502 0.91062 0.97763 0.21033
-0.65398 0.91085 0.97791 0.20900
-0.65293 0.91107 0.97820 0.20769
-0.65189 0.91129 0.97847 0.20638
-0.65084 0.91151 0.97875 0.20508
-0.64978 0.91173 0.97902 0.20378
-0.64873 0.91195 0.97928 0.20250
-0.64767 0.91217 0.97955 0.20122
-0.64661 0.91238 0.97981 0.19995
-0.64555 0.91260 0.98006 0.19869
-0.64448 0.91282 0.98032 0.19743
-0.64341 0.91303 0.98057 0.19618
-0.64234 0.91324 0.98081 0.19494
-0.64127 0.91346 0.98106 0.19371
-0.64019 0.91367 0.98130 0.19248
-0.63911 0.91388 0.98154 0.19126
-0.63803 0.91409 0.98177 0.19005
-0.63694 0.91430 0.98201 0.18885
-0.63585 0.91451 0.98224 0.18765
-0.63476 0.91472 0.98246 0.18646
-0.63367 0.91492 0.98269 0.18528
-0.63257 0.91513 0.98291 0.18410
-0.63147 0.91533 0.98313 0.18293
-0.63037 0.91554 0.98334 0.18177
-0.62927 0.91574 0.98355 0.18062
-0.62816 0.91594 0.98376 0.17947
-0.62705 0.91615 0.98397 0.17833
-0.62594 0.91635 0.98418 0.17719
-0.62482 0.91655 0.98438 0.17607
-0.62370 0.91675 0.98458 0.17495
-0.62258 0.91695 0.98478 0.17383
-0.62145 0.91714 0.98497 0.17272
-0.62033 0.91734 0.98516 0.17162
-0.61920 0.91754 0.98535 0.17053
-0.61806 0.91773 0.98554 0.16944
-0.61693 0.91793 0.98573 0.16836
-0.61579 0.91812 0.98591 0.16729
-0.61465 0.91831 0.98609 0.16622
-0.61350 0.91851 0.98627 0.16516
-0.61236 0.91870 0.98644 0.16411
-0.61121 0.91889 0.98662 0.16306
-0.61006 0.91908 0.98679 0.16202
-0.60890 0.91927 0.98696 0.16098
-0.60774 0.91946 0.98712 0.15995
-0.60658 0.91964 0.98729 0.15893
-0.60542 0.91983 0.98745 0.15791
-0.60425 0.92002 0.98761 0.15690
-0.60308 0.92020 0.98777 0.15590
-0.60191 0.92039 0.98793 0.15490
-0.60073 0.92057 0.98809 0.15391
-0.59955 0.92075 0.98824 0.15292
-0.59837 0.92093 0.98839 0.15194
-0.59719 0.92112 0.98854 0.15097
-0.59600 0.92130 0.98869 0.15000
-0.59481 0.92148 0.98883 0.14904
-0.59362 0.92165 0.98898 0.14808
-0.59243 0.92183 0.98912 0.14713
-0.59123 0.92201 0.98926 0.14619
-0.59003 0.92219 0.98940 0.14525
-0.58882 0.92236 0.98953 0.14431
-0.58762 0.92254 0.98967 0.14339
-0.58641 0.92271 0.98980 0.14247
-0.58519 0.92289 0.98993 0.14155
-0.58398 0.92306 0.99006 0.14064
-0.58276 0.92323 0.99019 0.13973
-0.58154 0.92340 0.99032 0.13884
-0.58032 0.92358 0.99044 0.13794
-0.57909 0.92375 0.99056 0.13705
-0.57786 0.92392 0.99069 0.13617
-0.57663 0.92408 0.99081 0.13529
-0.57539 0.92425 0.99092 0.13442
-0.57416 0.92442 0.99104 0.13356
-0.57292 0.92459 0.99116 0.13269
-0.57167 0.92475 0.99127 0.13184
-0.57043 0.92492 0.99138 0.13099
-0.56918 0.92508 0.99150 0.13014
-0.56792 0.92525 0.99161 0.12930
-0.56667 0.92541 0.99171 0.12847
-0.56541 0.92557 0.99182 0.12764
-0.56415 0.92573 0.99193 0.12681
-0.56289 0.92589 0.99203 0.12599
-0.56162 0.92605 0.99213 0.12518
-0.56035 0.92621 0.99224 0.12437
-0.55908 0.92637 0.99234 0.12356
-0.55780 0.92653 0.99244 0.12276
-0.55653 0.92669 0.99253 0.12197
-0.55524 0.92685 0.99263 0.12118
-0.55396 0.92700 0.99273 0.12039
-0.55267 0.92716 0.99282 0.11961
-0.55138 0.92731 0.99291 0.11884
-0.55009 0.92747 0.99301 0.11807
-0.54880 0.92762 0.99310 0.11730
-0.54750 0.92777 0.99319 0.11654
-0.54620 0.92793 0.99327 0.11578
-0.54490 0.92808 0.99336 0.11503
-0.54359 0.92823 0.99345 0.11429
-0.54228 0.92838 0.99353 0.11354
-0.54097 0.92853 0.99362 0.11280
-0.53965 0.92868 0.99370 0.11207
-0.53833 0.92882 0.99378 0.11134
-0.53701 0.92897 0.99386 0.11062
-0.53569 0.92912 0.99394 0.10990
-0.53436 0.92926 0.99402 0.10918
-0.53303 0.92941 0.99410 0.10847
-0.53170 0.92955 0.99418 0.10776
-0.53037 0.92970 0.99425 0.10706
-0.52903 0.92984 0.99433 0.10636
-0.52769 0.92999 0.99440 0.10567
-0.52635 0.93013 0.99447 0.10498
-0.52500 0.93027 0.99455 0.10429
-0.52365 0.93041 0.99462 0.10361
-0.52230 0.93055 0.99469 0.10293
-0.52094 0.93069 0.99476 0.10226
-0.51959 0.93083 0.99483 0.10159
-0.51823 0.93097 0.99489 0.10093
-0.51686 0.93111 0.99496 0.10027
-0.51550 0.93124 0.99503 0.09961
-0.51413 0.93138 0.99509 0.09896
-0.51276 0.93152 0.99516 0.09831
-0.51138 0.93165 0.99522 0.09766
-0.51000 0.93179 0.99528 0.09702
-0.50862 0.93192 0.99534 0.09638
-0.50724 0.93205 0.99541 0.09575
-0.50585 0.93219 0.99547 0.09512
-0.50447 0.93232 0.99553 0.09450
-0.50307 0.93245 0.99558 0.09387
-0.50168 0.93258 0.99564 0.09326
-0.50028 0.93271 0.99570 0.09264
-0.49888 0.93284 0.99576 0.09203
-0.49748 0.93297 0.99581 0.09142
-0.49607 0.93310 0.99587 0.09082
-0.49467 0.93323 0.99592 0.09022
-0.49325 0.93335 0.99598 0.08963
-0.49184 0.93348 0.99603 0.08903
-0.49042 0.93361 0.99608 0.08844
-0.48900 0.93373 0.99613 0.08786
-0.48758 0.93386 0.99618 0.08728
-0.48616 0.93398 0.99623 0.08670
-0.48473 0.93411 0.99628 0.08612
-0.48330 0.93423 0.99633 0.08555
-0.48186 0.93435 0.99638 0.08498
-0.48043 0.93447 0.99643 0.08442
-0.47899 0.93460 0.99648 0.08386
-0.47755 0.93472 0.99652 0.08330
-0.47610 0.93484 0.99657 0.08275
-0.47466 0.93496 0.99662 0.08220
-0.47321 0.93508 0.99666 0.08165
-0.47175 0.93520 0.99671 0.08110
-0.47030 0.93531 0.99675 0.08056
-0.46884 0.93543 0.99679 0.08002
-0.46738 0.93555 0.99684 0.07949
-0.46592 0.93566 0.99688 0.07896
-0.46445 0.93578 0.99692 0.07843
-0.46298 0.93589 0.99696 0.07790
-0.46151 0.93601 0.99700 0.07738
-0.46003 0.93612 0.99704 0.07686
-0.45856 0.93624 0.99708 0.07635
-0.45708 0.93635 0.99712 0.07583
-0.45559 0.93646 0.99716 0.07532
-0.45411 0.93657 0.99720 0.07482
-0.45262 0.93669 0.99724 0.07431
-0.45113 0.93680 0.99727 0.07381
-0.44963 0.93691 0.99731 0.07331
-0.44814 0.93702 0.99735 0.07282
-0.44664 0.93712 0.99738 0.07232
-0.44514 0.93723 0.99742 0.07184
-0.44363 0.93734 0.99745 0.07135
-0.44213 0.93745 0.99749 0.07086
-0.44062 0.93756 0.99752 0.07038
-0.43910 0.93766 0.99755 0.06991
-0.43759 0.93777 0.99759 0.06943
-0.43607 0.93787 0.99762 0.06896
-0.43455 0.93798 0.99765 0.06849
-0.43303 0.93808 0.99768 0.06802
-0.43150 0.93819 0.99772 0.06756
-0.42997 0.93829 0.99775 0.06709
-0.42844 0.93839 0.99778 0.06663
-0.42691 0.93849 0.99781 0.06618
-0.42537 0.93860 0.99784 0.06572
-0.42383 0.93870 0.99787 0.06527
-0.42229 0.93880 0.99790 0.06482
-0.42075 0.93890 0.99793 0.06438
-0.41920 0.93900 0.99795 0.06393
-0.41765 0.93909 0.99798 0.06349
-0.41610 0.93919 0.99801 0.06305
-0.41455 0.93929 0.99804 0.06262
-0.41299 0.93939 0.99806 0.06219
-0.41143 0.93949 0.99809 0.06175
-0.40987 0.93958 0.99812 0.06133
-0.40830 0.93968 0.99814 0.06090
-0.40673 0.93977 0.99817 0.06047
-0.40517 0.93987 0.99820 0.06005
-0.40359 0.93996 0.99822 0.05963
-0.40202 0.94006 0.99825 0.05922
-0.40044 0.94015 0.99827 0.05880
-0.39886 0.94024 0.99829 0.05839
-0.39728 0.94033 0.99832 0.05798
-0.39569 0.94043 0.99834 0.05757
-0.39410 0.94052 0.99836 0.05717
-0.39251 0.94061 0.99839 0.05676
-0.39092 0.94070 0.99841 0.05636
-0.38933 0.94079 0.99843 0.05597
-0.38773 0.94088 0.99845 0.05557
-0.38613 0.94097 0.99848 0.05517
-0.38453 0.94105 0.99850 0.05478
-0.38292 0.94114 0.99852 0.05439
-0.38131 0.94123 0.99854 0.05400
-0.37970 0.94132 0.99856 0.05362
-0.37809 0.94140 0.99858 0.05324
-0.37648 0.94149 0.99860 0.05285
-0.37486 0.94157 0.99862 0.05247
-0.37324 0.94166 0.99864 0.05210
-0.37162 0.94174 0.99866 0.05172
-0.36999 0.94183 0.99868 0.05135
-0.36837 0.94191 0.99870 0.05098
-0.36674 0.94199 0.99872 0.05061
-0.36510 0.94207 0.99874 0.05024
-0.36347 0.94216 0.99876 0.04987
-0.36183 0.94224 0.99877 0.04951
-0.36020 0.94232 0.99879 0.04915
-0.35855 0.94240 0.99881 0.04879
-0.35691 0.94248 0.99883 0.04843
-0.35526 0.94256 0.99884 0.04808
-0.35362 0.94264 0.99886 0.04772
-0.35196 0.94272 0.99888 0.04737
-0.35031 0.94279 0.99889 0.04702
-0.34866 0.94287 0.99891 0.04667
-0.34700 0.94295 0.99893 0.04633
-0.34534 0.94303 0.99894 0.04598
-0.34368 0.94310 0.99896 0.04564
-0.34201 0.94318 0.99897 0.04530
-0.34035 0.94325 0.99899 0.04496
-0.33868 0.94333 0.99900 0.04462
-0.33700 0.94340 0.99902 0.04428
-0.33533 0.94348 0.99903 0.04395
-0.33366 0.94355 0.99905 0.04362
-0.33198 0.94362 0.99906 0.04328
-0.33030 0.94370 0.99908 0.04296
-0.32861 0.94377 0.99909 0.04263
-0.32693 0.94384 0.99910 0.04230
-0.32524 0.94391 0.99912 0.04198
-0.32355 0.94398 0.99913 0.04165
-0.32186 0.94405 0.99915 0.04133
-0.32017 0.94412 0.99916 0.04101
-0.31847 0.94419 0.99917 0.04070
-0.31677 0.94426 0.99918 0.04038
-0.31507 0.94433 0.99920 0.04006
-0.31337 0.94440 0.99921 0.03975
-0.31167 0.94446 0.99922 0.03944
-0.30996 0.94453 0.99923 0.03913
-0.30825 0.94460 0.99925 0.03882
-0.30654 0.94466 0.99926 0.03851
-0.30483 0.94473 0.99927 0.03821
-0.30311 0.94479 0.99928 0.03790
-0.30140 0.94486 0.99929 0.03760
-0.29968 0.94492 0.99930 0.03730
-0.29796 0.94499 0.99932 0.03700
-0.29623 0.94505 0.99933 0.03670
-0.29451 0.94511 0.99934 0.03640
-0.29278 0.94518 0.99935 0.03611
-0.29105 0.94524 0.99936 0.03581
-0.28932 0.94530 0.99937 0.03552
-0.28759 0.94536 0.99938 0.03523
-0.28585 0.94542 0.99939 0.03494
-0.28411 0.94548 0.99940 0.03465
-0.28237 0.94554 0.99941 0.03436
-0.28063 0.94560 0.99942 0.03407
-0.27889 0.94566 0.99943 0.03379
-0.27715 0.94572 0.99944 0.03351
-0.27540 0.94578 0.99945 0.03322
-0.27365 0.94584 0.99946 0.03294
-0.27190 0.94589 0.99947 0.03266
-0.27015 0.94595 0.99948 0.03238
-0.26839 0.94601 0.99948 0.03211
-0.26663 0.94606 0.99949 0.03183
-0.26488 0.94612 0.99950 0.03155
-0.26311 0.94618 0.99951 0.03128
-0.26135 0.94623 0.99952 0.03101
-0.25959 0.94628 0.99953 0.03074
-0.25782 0.94634 0.99954 0.03047
-0.25605 0.94639 0.99954 0.03020
-0.25429 0.94645 0.99955 0.02993
-0.25251 0.94650 0.99956 0.02966
-0.25074 0.94655 0.99957 0.02940
-0.24897 0.94660 0.99958 0.02913
-0.24719 0.94665 0.99958 0.02887
-0.24541 0.94671 0.99959 0.02861
-0.24363 0.94676 0.99960 0.02834
-0.24185 0.94681 0.99961 0.02808
-0.24006 0.94686 0.99961 0.02783
-0.23828 0.94691 0.99962 0.02757
-0.23649 0.94696 0.99963 0.02731
-0.23470 0.94700 0.99963 0.02705
-0.23291 0.94705 0.99964 0.02680
-0.23112 0.94710 0.99965 0.02654
-0.22933 0.94715 0.99965 0.02629
-0.22753 0.94719 0.99966 0.02604
-0.22573 0.94724 0.99967 0.02579
-0.22394 0.94729 0.99967 0.02554
-0.22213 0.94733 0.99968 0.02529
-0.22033 0.94738 0.99969 0.02504
-0.21853 0.94742 0.99969 0.02479
-0.21672 0.94747 0.99970 0.02455
-0.21492 0.94751 0.99970 0.02430
-0.21311 0.94756 0.99971 0.02406
-0.21130 0.94760 0.99972 0.02381
-0.20949 0.94764 0.99972 0.02357
-0.20767 0.94768 0.99973 0.02333
-0.20586 0.94773 0.99973 0.02309
-0.20404 0.94777 0.99974 0.02285
-0.20223 0.94781 0.99974 0.02261
-0.20041 0.94785 0.99975 0.02237
-0.19859 0.94789 0.99976 0.02213
-0.19677 0.94793 0.99976 0.02190
-0.19494 0.94797 0.99977 0.02166
-0.19312 0.94801 0.99977 0.02143
-0.19129 0.94805 0.99978 0.02119
-0.18947 0.94809 0.99978 0.02096
-0.18764 0.94813 0.99979 0.02073
-0.18581 0.94816 0.99979 0.02049
-0.18397 0.94820 0.99979 0.02026
-0.18214 0.94824 0.99980 0.02003
-0.18031 0.94827 0.99980 0.01980
-0.17847 0.94831 0.99981 0.01957
-0.17664 0.94835 0.99981 0.01934
-0.17480 0.94838 0.99982 0.01912
-0.17296 0.94842 0.99982 0.01889
-0.17112 0.94845 0.99983 0.01866
-0.16927 0.94849 0.99983 0.01844
-0.16743 0.94852 0.99983 0.01821
-0.16559 0.94855 0.99984 0.01799
-0.16374 0.94859 0.99984 0.01777
-0.16189 0.94862 0.99985 0.01754
-0.16005 0.94865 0.99985 0.01732
-0.15820 0.94868 0.99985 0.01710
-0.15635 0.94871 0.99986 0.01688
-0.15450 0.94874 0.99986 0.01666
-0.15264 0.94878 0.99986 0.01644
-0.15079 0.94881 0.99987 0.01622
-0.14893 0.94884 0.99987 0.01600
-0.14708 0.94886 0.99988 0.01579
-0.14522 0.94889 0.99988 0.01557
-0.14336 0.94892 0.99988 0.01535
-0.14150 0.94895 0.99989 0.01514
-0.13964 0.94898 0.99989 0.01492
-0.13778 0.94901 0.99989 0.01471
-0.13592 0.94903 0.99989 0.01449
-0.13405 0.94906 0.99990 0.01428
-0.13219 0.94909 0.99990 0.01407
-0.13032 0.94911 0.99990 0.01385
-0.12846 0.94914 0.99991 0.01364
-0.12659 0.94916 0.99991 0.01343
-0.12472 0.94919 0.99991 0.01322
-0.12285 0.94921 0.99992 0.01301
-0.12098 0.94924 0.99992 0.01280
-0.11911 0.94926 0.99992 0.01259
-0.11724 0.94928 0.99992 0.01238
-0.11537 0.94931 0.99993 0.01217
-0.11349 0.94933 0.99993 0.01196
-0.11162 0.94935 0.99993 0.01175
-0.10974 0.94937 0.99993 0.01155
-0.10787 0.94940 0.99994 0.01134
-0.10599 0.94942 0.99994 0.01113
-0.10411 0.94944 0.99994 0.01093
-0.10223 0.94946 0.99994 0.01072
-0.10035 0.94948 0.99994 0.01052
-0.09847 0.94950 0.99995 0.01031
-0.09659 0.94952 0.99995 0.01011
-0.09471 0.94954 0.99995 0.00990
-0.09283 0.94955 0.99995 0.00970
-0.09094 0.94957 0.99995 0.00949
-0.08906 0.94959 0.99996 0.00929
-0.08718 0.94961 0.99996 0.00909
-0.08529 0.94962 0.99996 0.00889
-0.08341 0.94964 0.99996 0.00868
-0.08152 0.94966 0.99996 0.00848
-0.07963 0.94967 0.99997 0.00828
-0.07774 0.94969 0.99997 0.00808
-0.07586 0.94970 0.99997 0.00788
-0.07397 0.94972 0.99997 0.00768
-0.07208 0.94973 0.99997 0.00748
-0.07019 0.94975 0.99997 0.00728
-0.06830 0.94976 0.99997 0.00708
-0.06641 0.94977 0.99998 0.00688
-0.06452 0.94979 0.99998 0.00668
-0.06262 0.94980 0.99998 0.00648
-0.06073 0.94981 0.99998 0.00628
-0.05884 0.94982 0.99998 0.00608
-0.05695 0.94983 0.99998 0.00588
-0.05505 0.94984 0.99998 0.00569
-0.05316 0.94985 0.99998 0.00549
-0.05126 0.94986 0.99999 0.00529
-0.04937 0.94987 0.99999 0.00509
-0.04747 0.94988 0.99999 0.00489
-0.04558 0.94989 0.99999 0.00470
-0.04368 0.94990 0.99999 0.00450
-0.04179 0.94991 0.99999 0.00430
-0.03989 0.94992 0.99999 0.00411
-0.03799 0.94993 0.99999 0.00391
-0.03609 0.94993 0.99999 0.00371
-0.03420 0.94994 0.99999 0.00352
-0.03230 0.94995 0.99999 0.00332
-0.03040 0.94995 1.00000 0.00313
-0.02850 0.94996 1.00000 0.00293
-0.02660 0.94996 1.00000 0.00273
-0.02471 0.94997 1.00000 0.00254
-0.02281 0.94997 1.00000 0.00234
-0.02091 0.94998 1.00000 0.00215
-0.01901 0.94998 1.00000 0.00195
-0.01711 0.94998 1.00000 0.00176
-0.01521 0.94999 1.00000 0.00156
-0.01331 0.94999 1.00000 0.00137
-0.01141 0.94999 1.00000 0.00117
-0.00951 0.95000 1.00000 0.00098
-0.00761 0.95000 1.00000 0.00078
-0.00571 0.95000 1.00000 0.00059
-0.00381 0.95000 1.00000 0.00039
-0.00191 0.95000 1.00000 0.00020
-0.00001 0.95000 1.00000 0.00000
0.00189 0.95000 1.00000 -0.00019
0.00379 0.95000 1.00000 -0.00039
0.00569 0.95000 1.00000 -0.00058
0.00759 0.95000 1.00000 -0.00078
0.00949 0.95000 1.00000 -0.00097
0.01139 0.94999 1.00000 -0.00117
0.01329 0.94999 1.00000 -0.00136
0.01519 0.94999 1.00000 -0.00156
0.01709 0.94999 1.00000 -0.00175
0.01899 0.94998 1.00000 -0.00195
0.02089 0.94998 1.00000 -0.00215
0.02279 0.94997 1.00000 -0.00234
0.02468 0.94997 1.00000 -0.00254
0.02658 0.94996 1.00000 -0.00273
0.02848 0.94996 1.00000 -0.00293
0.03038 0.94995 1.00000 -0.00312
0.03228 0.94995 0.99999 -0.00332
0.03418 0.94994 0.99999 -0.00352
0.03607 0.94993 0.99999 -0.00371
0.03797 0.94993 0.99999 -0.00391
0.03987 0.94992 0.99999 -0.00410
0.04176 0.94991 0.99999 -0.00430
0.04366 0.94990 0.99999 -0.00450
0.04556 0.94989 0.99999 -0.00470
0.04745 0.94988 0.99999 -0.00489
0.04935 0.94987 0.99999 -0.00509
0.05124 0.94986 0.99999 -0.00529
0.05314 0.94985 0.99998 -0.00549
0.05503 0.94984 0.99998 -0.00568
0.05692 0.94983 0.99998 -0.00588
0.05882 0.94982 0.99998 -0.00608
0.06071 0.94981 0.99998 -0.00628
0.06260 0.94980 0.99998 -0.00648
0.06449 0.94979 0.99998 -0.00668
0.06639 0.94977 0.99998 -0.00688
0.06828 0.94976 0.99997 -0.00707
0.07017 0.94975 0.99997 -0.00727
0.07206 0.94973 0.99997 -0.00747
0.07395 0.94972 0.99997 -0.00768
0.07584 0.94970 0.99997 -0.00788
0.07772 0.94969 0.99997 -0.00808
0.07961 0.94967 0.99997 -0.00828
0.08150 0.94966 0.99996 -0.00848
0.08338 0.94964 0.99996 -0.00868
0.08527 0.94962 0.99996 -0.00888
0.08716 0.94961 0.99996 -0.00909
0.08904 0.94959 0.99996 -0.00929
0.09092 0.94957 0.99995 -0.00949
0.09281 0.94955 0.99995 -0.00970
0.09469 0.94954 0.99995 -0.00990
0.09657 0.94952 0.99995 -0.01010
0.09845 0.94950 0.99995 -0.01031
0.10033 0.94948 0.99994 -0.01051
0.10221 0.94946 0.99994 -0.01072
0.10409 0.94944 0.99994 -0.01092
0.10597 0.94942 0.99994 -0.01113
0.10785 0.94940 0.99994 -0.01134
0.10972 0.94937 0.99993 -0.01154
0.11160 0.94935 0.99993 -0.01175
0.11347 0.94933 0.99993 -0.01196
0.11535 0.94931 0.99993 -0.01217
0.11722 0.94928 0.99992 -0.01238
0.11909 0.94926 0.99992 -0.01259
0.12096 0.94924 0.99992 -0.01280
0.12283 0.94921 0.99992 -0.01301
0.12470 0.94919 0.99991 -0.01322
0.12657 0.94916 0.99991 -0.01343
0.12844 0.94914 0.99991 -0.01364
0.13030 0.94911 0.99990 -0.01385
0.13217 0.94909 0.99990 -0.01406
0.13403 0.94906 0.99990 -0.01428
0.13590 0.94903 0.99990 -0.01449
0.13776 0.94901 0.99989 -0.01470
0.13962 0.94898 0.99989 -0.01492
0.14148 0.94895 0.99989 -0.01513
0.14334 0.94892 0.99988 -0.01535
0.14520 0.94889 0.99988 -0.01557
0.14706 0.94887 0.99988 -0.01578
0.14891 0.94884 0.99987 -0.01600
0.15077 0.94881 0.99987 -0.01622
0.15262 0.94878 0.99986 -0.01644
0.15447 0.94874 0.99986 -0.01666
0.15633 0.94871 0.99986 -0.01688
0.15818 0.94868 0.99985 -0.01710
0.16003 0.94865 0.99985 -0.01732
0.16187 0.94862 0.99985 -0.01754
0.16372 0.94859 0.99984 -0.01776
0.16557 0.94855 0.99984 -0.01799
0.16741 0.94852 0.99983 -0.01821
0.16925 0.94849 0.99983 -0.01844
0.17110 0.94845 0.99983 -0.01866
0.17294 0.94842 0.99982 -0.01889
0.17478 0.94838 0.99982 -0.01911
0.17661 0.94835 0.99981 -0.01934
0.17845 0.94831 0.99981 -0.01957
0.18029 0.94827 0.99980 -0.01980
0.18212 0.94824 0.99980 -0.02003
0.18395 0.94820 0.99979 -0.02026
0.18579 0.94816 0.99979 -0.02049
0.18762 0.94813 0.99979 -0.02072
0.18944 0.94809 0.99978 -0.02096
0.19127 0.94805 0.99978 -0.02119
0.19310 0.94801 0.99977 -0.02142
0.19492 0.94797 0.99977 -0.02166
0.19675 0.94793 0.99976 -0.02189
0.19857 0.94789 0.99976 -0.02213
0.20039 0.94785 0.99975 -0.02237
0.20221 0.94781 0.99974 -0.02261
0.20402 0.94777 0.99974 -0.02285
0.20584 0.94773 0.99973 -0.02309
0.20765 0.94768 0.99973 -0.02333
0.20947 0.94764 0.99972 -0.02357
0.21128 0.94760 0.99972 -0.02381
0.21309 0.94756 0.99971 -0.02405
0.21490 0.94751 0.99970 -0.02430
0.21670 0.94747 0.99970 -0.02454
0.21851 0.94742 0.99969 -0.02479
0.22031 0.94738 0.99969 -0.02504
0.22211 0.94733 0.99968 -0.02529
0.22391 0.94729 0.99967 -0.02554
0.22571 0.94724 0.99967 -0.02579
0.22751 0.94719 0.99966 -0.02604
0.22931 0.94715 0.99965 -0.02629
0.23110 0.94710 0.99965 -0.02654
0.23289 0.94705 0.99964 -0.02680
0.23468 0.94700 0.99963 -0.02705
0.23647 0.94696 0.99963 -0.02731
0.23826 0.94691 0.99962 -0.02756
0.24004 0.94686 0.99961 -0.02782
0.24183 0.94681 0.99961 -0.02808
0.24361 0.94676 0.99960 -0.02834
0.24539 0.94671 0.99959 -0.02860
0.24717 0.94666 0.99958 -0.02887
0.24895 0.94660 0.99958 -0.02913
0.25072 0.94655 0.99957 -0.02939
0.25249 0.94650 0.99956 -0.02966
0.25427 0.94645 0.99955 -0.02993
0.25603 0.94639 0.99954 -0.03019
0.25780 0.94634 0.99954 -0.03046
0.25957 0.94629 0.99953 -0.03073
0.26133 0.94623 0.99952 -0.03101
0.26310 0.94618 0.99951 -0.03128
0.26486 0.94612 0.99950 -0.03155
0.26661 0.94607 0.99949 -0.03183
0.26837 0.94601 0.99948 -0.03210
0.27013 0.94595 0.99948 -0.03238
0.27188 0.94590 0.99947 -0.03266
0.27363 0.94584 0.99946 -0.03294
0.27538 0.94578 0.99945 -0.03322
0.27713 0.94572 0.99944 -0.03350
0.27887 0.94566 0.99943 -0.03379
0.28061 0.94560 0.99942 -0.03407
0.28236 0.94554 0.99941 -0.03436
0.28409 0.94548 0.99940 -0.03465
0.28583 0.94542 0.99939 -0.03493
0.28757 0.94536 0.99938 -0.03522
0.28930 0.94530 0.99937 -0.03552
0.29103 0.94524 0.99936 -0.03581
0.29276 0.94518 0.99935 -0.03610
0.29449 0.94511 0.99934 -0.03640
0.29621 0.94505 0.99933 -0.03670
0.29794 0.94499 0.99932 -0.03700
0.29966 0.94492 0.99930 -0.03730
0.30138 0.94486 0.99929 -0.03760
0.30309 0.94479 0.99928 -0.03790
0.30481 0.94473 0.99927 -0.03820
0.30652 0.94466 0.99926 -0.03851
0.30823 0.94460 0.99925 -0.03882
0.30994 0.94453 0.99923 -0.03913
0.31165 0.94446 0.99922 -0.03944
0.31335 0.94440 0.99921 -0.03975
0.31506 0.94433 0.99920 -0.04006
0.31676 0.94426 0.99918 -0.04038
0.31845 0.94419 0.99917 -0.04069
0.32015 0.94412 0.99916 -0.04101
0.32184 0.94405 0.99915 -0.04133
0.32353 0.94398 0.99913 -0.04165
0.32522 0.94391 0.99912 -0.04197
0.32691 0.94384 0.99911 -0.04230
0.32860 0.94377 0.99909 -0.04262
0.33028 0.94370 0.99908 -0.04295
0.33196 0.94362 0.99906 -0.04328
0.33364 0.94355 0.99905 -0.04361
0.33531 0.94348 0.99903 -0.04394
0.33699 0.94340 0.99902 -0.04428
0.33866 0.94333 0.99900 -0.04461
0.34033 0.94325 0.99899 -0.04495
0.34199 0.94318 0.99897 -0.04529
0.34366 0.94310 0.99896 -0.04563
0.34532 0.94303 0.99894 -0.04598
0.34698 0.94295 0.99893 -0.04632
0.34864 0.94287 0.99891 -0.04667
0.35029 0.94280 0.99889 -0.04702
0.35195 0.94272 0.99888 -0.04737
0.35360 0.94264 0.99886 -0.04772
0.35525 0.94256 0.99884 -0.04807
0.35689 0.94248 0.99883 -0.04843
0.35854 0.94240 0.99881 -0.04879
0.36018 0.94232 0.99879 -0.04915
0.36182 0.94224 0.99877 -0.04951
0.36345 0.94216 0.99876 -0.04987
0.36509 0.94208 0.99874 -0.05024
0.36672 0.94199 0.99872 -0.05060
0.36835 0.94191 0.99870 -0.05097
0.36997 0.94183 0.99868 -0.05134
0.37160 0.94174 0.99866 -0.05172
0.37322 0.94166 0.99864 -0.05209
0.37484 0.94157 0.99862 -0.05247
0.37646 0.94149 0.99860 -0.05285
0.37807 0.94140 0.99858 -0.05323
0.37969 0.94132 0.99856 -0.05361
0.38130 0.94123 0.99854 -0.05400
0.38290 0.94114 0.99852 -0.05439
0.38451 0.94105 0.99850 -0.05478
0.38611 0.94097 0.99848 -0.05517
0.38771 0.94088 0.99846 -0.05556
0.38931 0.94079 0.99843 -0.05596
0.39090 0.94070 0.99841 -0.05636
0.39250 0.94061 0.99839 -0.05676
0.39409 0.94052 0.99836 -0.05716
0.39567 0.94043 0.99834 -0.05757
0.39726 0.94033 0.99832 -0.05798
0.39884 0.94024 0.99829 -0.05839
0.40042 0.94015 0.99827 -0.05880
0.40200 0.94006 0.99825 -0.05921
0.40357 0.93996 0.99822 -0.05963
0.40515 0.93987 0.99820 -0.06005
0.40672 0.93977 0.99817 -0.06047
0.40828 0.93968 0.99814 -0.06089
0.40985 0.93958 0.99812 -0.06132
0.41141 0.93949 0.99809 -0.06175
0.41297 0.93939 0.99806 -0.06218
0.41453 0.93929 0.99804 -0.06261
0.41608 0.93919 0.99801 -0.06305
0.41763 0.93910 0.99798 -0.06349
0.41918 0.93900 0.99795 -0.06393
0.42073 0.93890 0.99793 -0.06437
0.42227 0.93880 0.99790 -0.06482
0.42382 0.93870 0.99787 -0.06527
0.42536 0.93860 0.99784 -0.06572
0.42689 0.93849 0.99781 -0.06617
0.42843 0.93839 0.99778 -0.06663
0.42996 0.93829 0.99775 -0.06709
0.43148 0.93819 0.99772 -0.06755
0.43301 0.93808 0.99768 -0.06802
0.43453 0.93798 0.99765 -0.06848
0.43605 0.93787 0.99762 -0.06895
0.43757 0.93777 0.99759 -0.06942
0.43909 0.93766 0.99755 -0.06990
0.44060 0.93756 0.99752 -0.07038
0.44211 0.93745 0.99749 -0.07086
0.44362 0.93734 0.99745 -0.07134
0.44512 0.93723 0.99742 -0.07183
0.44662 0.93713 0.99738 -0.07232
0.44812 0.93702 0.99735 -0.07281
0.44962 0.93691 0.99731 -0.07331
0.45111 0.93680 0.99727 -0.07381
0.45260 0.93669 0.99724 -0.07431
0.45409 0.93658 0.99720 -0.07481
0.45558 0.93646 0.99716 -0.07532
0.45706 0.93635 0.99712 -0.07583
0.45854 0.93624 0.99708 -0.07634
0.46002 0.93612 0.99704 -0.07686
0.46149 0.93601 0.99700 -0.07738
0.46296 0.93590 0.99696 -0.07790
0.46443 0.93578 0.99692 -0.07842
0.46590 0.93567 0.99688 -0.07895
0.46736 0.93555 0.99684 -0.07948
0.46882 0.93543 0.99679 -0.08002
0.47028 0.93531 0.99675 -0.08056
0.47174 0.93520 0.99671 -0.08110
0.47319 0.93508 0.99666 -0.08164
0.47464 0.93496 0.99662 -0.08219
0.47609 0.93484 0.99657 -0.08274
0.47753 0.93472 0.99652 -0.08330
0.47897 0.93460 0.99648 -0.08385
0.48041 0.93448 0.99643 -0.08441
0.48185 0.93435 0.99638 -0.08498
0.48328 0.93423 0.99633 -0.08555
0.48471 0.93411 0.99628 -0.08612
0.48614 0.93398 0.99624 -0.08669
0.48757 0.93386 0.99618 -0.08727
0.48899 0.93373 0.99613 -0.08785
0.49041 0.93361 0.99608 -0.08844
0.49182 0.93348 0.99603 -0.08903
0.49324 0.93336 0.99598 -0.08962
0.49465 0.93323 0.99592 -0.09021
0.49606 0.93310 0.99587 -0.09081
0.49746 0.93297 0.99581 -0.09142
0.49887 0.93284 0.99576 -0.09202
0.50027 0.93271 0.99570 -0.09263
0.50166 0.93258 0.99564 -0.09325
0.50306 0.93245 0.99558 -0.09387
0.50445 0.93232 0.99553 -0.09449
0.50584 0.93219 0.99547 -0.09511
0.50722 0.93205 0.99541 -0.09574
0.50861 0.93192 0.99534 -0.09638
0.50999 0.93179 0.99528 -0.09701
0.51137 0.93165 0.99522 -0.09765
0.51274 0.93152 0.99516 -0.09830
0.51411 0.93138 0.99509 -0.09895
0.51548 0.93124 0.99503 -0.09960
0.51685 0.93111 0.99496 -0.10026
0.51821 0.93097 0.99489 -0.10092
0.51957 0.93083 0.99483 -0.10158
0.52093 0.93069 0.99476 -0.10225
0.52228 0.93055 0.99469 -0.10293
0.52364 0.93041 0.99462 -0.10360
0.52498 0.93027 0.99455 -0.10428
0.52633 0.93013 0.99448 -0.10497
0.52767 0.92999 0.99440 -0.10566
0.52901 0.92984 0.99433 -0.10635
0.53035 0.92970 0.99425 -0.10705
0.53169 0.92956 0.99418 -0.10776
0.53302 0.92941 0.99410 -0.10846
0.53435 0.92927 0.99402 -0.10917
0.53568 0.92912 0.99394 -0.10989
0.53700 0.92897 0.99386 -0.11061
0.53832 0.92883 0.99378 -0.11133
0.53964 0.92868 0.99370 -0.11206
0.54095 0.92853 0.99362 -0.11280
0.54226 0.92838 0.99353 -0.11353
0.54357 0.92823 0.99345 -0.11428
0.54488 0.92808 0.99336 -0.11502
0.54618 0.92793 0.99328 -0.11578
0.54749 0.92777 0.99319 -0.11653
0.54878 0.92762 0.99310 -0.11729
0.55008 0.92747 0.99301 -0.11806
0.55137 0.92731 0.99291 -0.11883
0.55266 0.92716 0.99282 -0.11961
0.55395 0.92700 0.99273 -0.12039
0.55523 0.92685 0.99263 -0.12117
0.55651 0.92669 0.99253 -0.12196
0.55779 0.92653 0.99244 -0.12276
0.55906 0.92638 0.99234 -0.12355
0.56034 0.92622 0.99224 -0.12436
0.56161 0.92606 0.99214 -0.12517
0.56287 0.92590 0.99203 -0.12598
0.56414 0.92574 0.99193 -0.12680
0.56540 0.92557 0.99182 -0.12763
0.56665 0.92541 0.99171 -0.12846
0.56791 0.92525 0.99161 -0.12929
0.56916 0.92508 0.99150 -0.13013
0.57041 0.92492 0.99139 -0.13098
0.57166 0.92475 0.99127 -0.13183
0.57290 0.92459 0.99116 -0.13268
0.57414 0.92442 0.99104 -0.13355
0.57538 0.92425 0.99093 -0.13441
0.57662 0.92409 0.99081 -0.13528
0.57785 0.92392 0.99069 -0.13616
0.57908 0.92375 0.99057 -0.13704
0.58030 0.92358 0.99044 -0.13793
0.58153 0.92341 0.99032 -0.13883
0.58275 0.92324 0.99019 -0.13972
0.58397 0.92306 0.99006 -0.14063
0.58518 0.92289 0.98993 -0.14154
0.58639 0.92272 0.98980 -0.14245
0.58760 0.92254 0.98967 -0.14338
0.58881 0.92237 0.98953 -0.14430
0.59001 0.92219 0.98940 -0.14524
0.59121 0.92201 0.98926 -0.14618
0.59241 0.92184 0.98912 -0.14712
0.59361 0.92166 0.98898 -0.14807
0.59480 0.92148 0.98883 -0.14903
0.59599 0.92130 0.98869 -0.14999
0.59718 0.92112 0.98854 -0.15096
0.59836 0.92094 0.98839 -0.15193
0.59954 0.92075 0.98824 -0.15291
0.60072 0.92057 0.98809 -0.15390
0.60189 0.92039 0.98793 -0.15489
0.60307 0.92020 0.98778 -0.15589
0.60424 0.92002 0.98762 -0.15689
0.60540 0.91983 0.98746 -0.15790
0.60657 0.91964 0.98729 -0.15892
0.60773 0.91946 0.98713 -0.15994
0.60889 0.91927 0.98696 -0.16097
0.61004 0.91908 0.98679 -0.16200
0.61119 0.91889 0.98662 -0.16305
0.61234 0.91870 0.98644 -0.16409
0.61349 0.91851 0.98627 -0.16515
0.61464 0.91832 0.98609 -0.16621
0.61578 0.91812 0.98591 -0.16728
0.61692 0.91793 0.98573 -0.16835
0.61805 0.91773 0.98554 -0.16943
0.61918 0.91754 0.98535 -0.17052
0.62031 0.91734 0.98516 -0.17161
0.62144 0.91715 0.98497 -0.17271
0.62257 0.91695 0.98478 -0.17382
0.62369 0.91675 0.98458 -0.17493
0.62481 0.91655 0.98438 -0.17605
0.62592 0.91635 0.98418 -0.17718
0.62704 0.91615 0.98397 -0.17831
0.62815 0.91595 0.98377 -0.17946
0.62925 0.91574 0.98356 -0.18060
0.63036 0.91554 0.98334 -0.18176
0.63146 0.91534 0.98313 -0.18292
0.63256 0.91513 0.98291 -0.18409
0.63366 0.91492 0.98269 -0.18526
0.63475 0.91472 0.98246 -0.18645
0.63584 0.91451 0.98224 -0.18764
0.63693 0.91430 0.98201 -0.18883
0.63802 0.91409 0.98178 -0.19004
0.63910 0.91388 0.98154 -0.19125
0.64018 0.91367 0.98130 -0.19247
0.64126 0.91346 0.98106 -0.19370
0.64233 0.91325 0.98082 -0.19493
0.64340 0.91303 0.98057 -0.19617
0.64447 0.91282 0.98032 -0.19742
0.64554 0.91260 0.98007 -0.19867
0.64660 0.91239 0.97981 -0.19994
0.64766 0.91217 0.97955 -0.20121
0.64872 0.91195 0.97929 -0.20248
0.64977 0.91173 0.97902 -0.20377
0.65082 0.91151 0.97875 -0.20506
0.65187 0.91129 0.97848 -0.20636
0.65292 0.91107 0.97820 -0.20767
0.65396 0.91085 0.97792 -0.20899
0.65501 0.91062 0.97763 -0.21031
0.65604 0.91040 0.97735 -0.21164
0.65708 0.91018 0.97706 -0.21298
0.65811 0.90995 0.97676 -0.21433
0.65914 0.90972 0.97646 -0.21569
0.66017 0.90949 0.97616 -0.21705
0.66120 0.90927 0.97586 -0.21842
0.66222 0.90904 0.97555 -0.21980
0.66324 0.90881 0.97523 -0.22118
0.66425 0.90857 0.97491 -0.22258
0.66527 0.90834 0.97459 -0.22398
0.66628 0.90811 0.97427 -0.22539
0.66729 0.90788 0.97394 -0.22681
0.66829 0.90764 0.97361 -0.22824
0.66930 0.90740 0.97327 -0.22967
0.67030 0.90717 0.97293 -0.23112
0.67130 0.90693 0.97258 -0.23257
0.67229 0.90669 0.97223 -0.23403
0.67328 0.90645 0.97187 -0.23550
0.67427 0.90621 0.97152 -0.23697
0.67526 0.90597 0.97115 -0.23846
0.67624 0.90573 0.97078 -0.23995
0.67723 0.90548 0.97041 -0.24145
0.67821 0.90524 0.97004 -0.24296
0.67918 0.90499 0.96965 -0.24448
0.68016 0.90475 0.96927 -0.24601
0.68113 0.90450 0.96888 -0.24754
0.68209 0.90425 0.96848 -0.24909
0.68306 0.90400 0.96808 -0.25064
0.68402 0.90375 0.96767 -0.25220
0.68498 0.90350 0.96726 -0.25377
0.68594 0.90325 0.96685 -0.25535
0.68690 0.90300 0.96643 -0.25694
0.68785 0.90274 0.96600 -0.25853
0.68880 0.90249 0.96557 -0.26014
0.68975 0.90223 0.96514 -0.26175
0.69069 0.90197 0.96469 -0.26337
0.69163 0.90172 0.96425 -0.26500
0.69257 0.90146 0.96380 -0.26664
0.69351 0.90120 0.96334 -0.26829
0.69444 0.90094 0.96287 -0.26995
0.69538 0.90067 0.96241 -0.27162
0.69630 0.90041 0.96193 -0.27329
0.69723 0.90015 0.96145 -0.27497
0.69815 0.89988 0.96097 -0.27667
0.69908 0.89961 0.96047 -0.27837
0.69999 0.89935 0.95998 -0.28008
0.70091 0.89908 0.95947 -0.28180
0.70182 0.89881 0.95896 -0.28353
0.70274 0.89854 0.95845 -0.28526
0.70364 0.89827 0.95793 -0.28701
0.70455 0.89800 0.95740 -0.28877
0.70545 0.89772 0.95687 -0.29053
0.70635 0.89745 0.95633 -0.29230
0.70725 0.89717 0.95578 -0.29409
0.70815 0.89690 0.95523 -0.29588
0.70904 0.89662 0.95467 -0.29768
0.70993 0.89634 0.95410 -0.29949
0.71082 0.89606 0.95353 -0.30131
0.71170 0.89578 0.95295 -0.30313
0.71259 0.89550 0.95236 -0.30497
0.71347 0.89522 0.95177 -0.30682
0.71434 0.89493 0.95117 -0.30867
0.71522 0.89465 0.95056 -0.31054
0.71609 0.89436 0.94995 -0.31241
0.71696 0.89407 0.94933 -0.31429
0.71783 0.89379 0.94870 -0.31618
0.71870 0.89350 0.94806 -0.31808
0.71956 0.89321 0.94742 -0.31999
0.72042 0.89291 0.94677 -0.32191
0.72128 0.89262 0.94611 -0.32384
0.72213 0.89233 0.94545 -0.32578
0.72298 0.89203 0.94477 -0.32772
0.72383 0.89174 0.94409 -0.32968
0.72468 0.89144 0.94340 -0.33164
0.72553 0.89114 0.94271 -0.33362
0.72637 0.89084 0.94200 -0.33560
0.72721 0.89054 0.94129 -0.33759
0.72805 0.89024 0.94057 -0.33959
0.72888 0.88994 0.93985 -0.34160
0.72972 0.88963 0.93911 -0.34362
0.73055 0.88933 0.93836 -0.34565
0.73138 0.88902 0.93761 -0.34768
0.73220 0.88872 0.93685 -0.34973
0.73303 0.88841 0.93608 -0.35178
0.73385 0.88810 0.93530 -0.35385
0.73466 0.88779 0.93452 -0.35592
0.73548 0.88748 0.93372 -0.35800
0.73629 0.88716 0.93292 -0.36009
0.73711 0.88685 0.93211 -0.36219
0.73791 0.88653 0.93128 -0.36430
0.73872 0.88622 0.93045 -0.36641
0.73952 0.88590 0.92961 -0.36854
0.74033 0.88558 0.92876 -0.37067
0.74113 0.88526 0.92791 -0.37281
0.74192 0.88494 0.92704 -0.37496
0.74272 0.88462 0.92616 -0.37712
0.74351 0.88429 0.92528 -0.37929
0.74430 0.88397 0.92438 -0.38147
0.74509 0.88364 0.92348 -0.38365
0.74587 0.88331 0.92256 -0.38585
0.74665 0.88299 0.92164 -0.38805
0.74743 0.88266 0.92070 -0.39026
0.74821 0.88233 0.91976 -0.39248
0.74899 0.88199 0.91881 -0.39471
0.74976 0.88166 0.91784 -0.39694
0.75053 0.88133 0.91687 -0.39918
0.75130 0.88099 0.91589 -0.40144
0.75207 0.88065 0.91489 -0.40370
0.75283 0.88032 0.91389 -0.40596
0.75359 0.87998 0.91287 -0.40824
0.75435 0.87964 0.91185 -0.41052
0.75511 0.87929 0.91082 -0.41281
0.75586 0.87895 0.90977 -0.41511
0.75662 0.87861 0.90871 -0.41742
0.75737 0.87826 0.90765 -0.41973
0.75811 0.87791 0.90657 -0.42206
0.75886 0.87756 0.90548 -0.42439
0.75960 0.87721 0.90438 -0.42672
0.76034 0.87686 0.90327 -0.42907
0.76108 0.87651 0.90215 -0.43142
0.76182 0.87616 0.90102 -0.43378
0.76255 0.87580 0.89988 -0.43615
0.76328 0.87545 0.89872 -0.43852
0.76401 0.87509 0.89756 -0.44090
0.76474 0.87473 0.89638 -0.44329
0.76547 0.87437 0.89519 -0.44568
0.76619 0.87401 0.89399 -0.44808
0.76691 0.87365 0.89278 -0.45049
0.76763 0.87329 0.89156 -0.45290
0.76835 0.87292 0.89033 -0.45532
0.76906 0.87255 0.88908 -0.45775
0.76977 0.87219 0.88782 -0.46018
0.77048 0.87182 0.88656 -0.46262
0.77119 0.87145 0.88527 -0.46507
0.77189 0.87107 0.88398 -0.46752
0.77260 0.87070 0.88268 -0.46998
0.77330 0.87033 0.88136 -0.47244
0.77400 0.86995 0.88003 -0.47491
0.77469 0.86957 0.87869 -0.47738
0.77539 0.86920 0.87734 -0.47986
0.77608 0.86882 0.87598 -0.48235
0.77677 0.86843 0.87460 -0.48484
0.77746 0.86805 0.87321 -0.48734
0.77814 0.86767 0.87181 -0.48984
0.77883 0.86728 0.87040 -0.49234
0.77951 0.86690 0.86898 -0.49486
0.78019 0.86651 0.86754 -0.49737
0.78086 0.86612 0.86609 -0.49989
0.78154 0.86573 0.86463 -0.50242
0.78221 0.86534 0.86315 -0.50494
0.78288 0.86494 0.86167 -0.50748
0.78355 0.86455 0.86017 -0.51001
0.78422 0.86415 0.85865 -0.51256
0.78488 0.86375 0.85713 -0.51510
0.78554 0.86335 0.85559 -0.51765
0.78620 0.86295 0.85404 -0.52020
0.78686 0.86255 0.85248 -0.52276
0.78752 0.86215 0.85091 -0.52532
0.78817 0.86174 0.84932 -0.52788
0.78882 0.86133 0.84772 -0.53044
0.78947 0.86093 0.84611 -0.53301
0.79012 0.86052 0.84448 -0.53558
0.79077 0.86011 0.84285 -0.53816
0.79141 0.85969 0.84119 -0.54073
0.79205 0.85928 0.83953 -0.54331
0.79269 0.85887 0.83786 -0.54589
0.79333 0.85845 0.83617 -0.54847
0.79396 0.85803 0.83447 -0.55106
0.79460 0.85761 0.83275 -0.55364
0.79523 0.85719 0.83103 -0.55623
0.79586 0.85677 0.82929 -0.55882
0.79648 0.85634 0.82754 -0.56141
0.79711 0.85592 0.82577 -0.56400
0.79773 0.85549 0.82400 -0.56659
0.79835 0.85506 0.82221 -0.56919
0.79897 0.85463 0.82041 -0.57178
0.79959 0.85420 0.81859 -0.57437
0.80021 0.85377 0.81677 -0.57697
0.80082 0.85333 0.81493 -0.57956
0.80143 0.85290 0.81308 -0.58216
0.80204 0.85246 0.81121 -0.58475
0.80265 0.85202 0.80933 -0.58735
0.80325 0.85158 0.80745 -0.58994
0.80385 0.85114 0.80555 -0.59253
0.80446 0.85069 0.80363 -0.59513
0.80506 0.85025 0.80171 -0.59772
0.80565 0.84980 0.79977 -0.60031
0.80625 0.84935 0.79782 -0.60290
0.80684 0.84890 0.79586 -0.60548
0.80743 0.84845 0.79388 -0.60807
0.80802 0.84800 0.79190 -0.61065
0.80861 0.84754 0.78990 -0.61324
0.80920 0.84709 0.78789 -0.61582
0.80978 0.84663 0.78587 -0.61839
0.81036 0.84617 0.78383 -0.62097
0.81094 0.84571 0.78179 -0.62354
0.81152 0.84525 0.77973 -0.62611
0.81210 0.84478 0.77766 -0.62868
0.81267 0.84432 0.77559 -0.63124
0.81324 0.84385 0.77349 -0.63380
0.81381 0.84338 0.77139 -0.63636
0.81438 0.84291 0.76928 -0.63891
0.81495 0.84244 0.76715 -0.64146
0.81551 0.84196 0.76502 -0.64401
0.81608 0.84149 0.76287 -0.64655
0.81664 0.84101 0.76071 -0.64909
0.81720 0.84053 0.75855 -0.65162
0.81776 0.84005 0.75637 -0.65415
0.81831 0.83957 0.75418 -0.65667
0.81887 0.83908 0.75198 -0.65919
0.81942 0.83860 0.74977 -0.66170
0.81997 0.83811 0.74754 -0.66421
0.82052 0.83762 0.74531 -0.66671
0.82106 0.83713 0.74307 -0.66921
0.82161 0.83664 0.74082 -0.67170
0.82215 0.83615 0.73856 -0.67419
0.82269 0.83565 0.73629 -0.67667
0.82323 0.83515 0.73401 -0.67914
0.82377 0.83465 0.73172 -0.68161
0.82430 0.83415 0.72942 -0.68407
0.82484 0.83365 0.72711 -0.68652
0.82537 0.83315 0.72479 -0.68897
0.82590 0.83264 0.72246 -0.69141
0.82643 0.83213 0.72013 -0.69384
0.82695 0.83162 0.71778 -0.69627
0.82748 0.83111 0.71543 -0.69868
0.82800 0.83060 0.71307 -0.70109
0.82852 0.83009 0.71070 -0.70350
0.82904 0.82957 0.70832 -0.70589
0.82956 0.82905 0.70593 -0.70828
0.83008 0.82853 0.70354 -0.71066
0.83059 0.82801 0.70114 -0.71303
0.83110 0.82749 0.69872 -0.71539
0.83162 0.82696 0.69631 -0.71774
0.83212 0.82644 0.69388 -0.72009
0.83263 0.82591 0.69145 -0.72243
0.83314 0.82538 0.68901 -0.72475
0.83364 0.82485 0.68656 -0.72707
0.83414 0.82431 0.68411 -0.72938
0.83465 0.82378 0.68165 -0.73168
0.83514 0.82324 0.67918 -0.73397
0.83564 0.82270 0.67671 -0.73625
0.83614 0.82216 0.67423 -0.73852
0.83663 0.82162 0.67174 -0.74078
0.83712 0.82107 0.66925 -0.74303
0.83761 0.82052 0.66676 -0.74528
0.83810 0.81998 0.66425 -0.74751
0.83859 0.81943 0.66175 -0.74973
0.83908 0.81887 0.65923 -0.75194
0.83956 0.81832 0.65671 -0.75414
0.84004 0.81777 0.65419 -0.75633
0.84052 0.81721 0.65166 -0.75851
0.84100 0.81665 0.64913 -0.76068
0.84148 0.81609 0.64659 -0.76283
0.84195 0.81552 0.64405 -0.76498
0.84243 0.81496 0.64151 -0.76712
0.84290 0.81439 0.63896 -0.76924
0.84337 0.81382 0.63640 -0.77136
0.84384 0.81325 0.63385 -0.77346
0.84431 0.81268 0.63129 -0.77555
0.84477 0.81211 0.62872 -0.77763
0.84524 0.81153 0.62616 -0.77970
0.84570 0.81095 0.62359 -0.78175
0.84616 0.81037 0.62101 -0.78380
0.84662 0.80979 0.61844 -0.78583
0.84708 0.80921 0.61586 -0.78786
0.84754 0.80862 0.61328 -0.78987
0.84799 0.80803 0.61070 -0.79186
0.84844 0.80744 0.60811 -0.79385
0.84889 0.80685 0.60553 -0.79582
0.84934 0.80626 0.60294 -0.79779
0.84979 0.80566 0.60035 -0.79974
0.85024 0.80507 0.59776 -0.80167
0.85069 0.80447 0.59517 -0.80360
0.85113 0.80386 0.59258 -0.80551
0.85157 0.80326 0.58999 -0.80741
0.85201 0.80266 0.58739 -0.80930
0.85245 0.80205 0.58480 -0.81118
0.85289 0.80144 0.58220 -0.81304
0.85333 0.80083 0.57961 -0.81490
0.85376 0.80022 0.57701 -0.81674
0.85419 0.79960 0.57442 -0.81856
0.85462 0.79898 0.57182 -0.82038
0.85506 0.79836 0.56923 -0.82218
0.85548 0.79774 0.56664 -0.82397
0.85591 0.79712 0.56404 -0.82574
0.85634 0.79650 0.56145 -0.82751
0.85676 0.79587 0.55886 -0.82926
0.85718 0.79524 0.55627 -0.83100
0.85760 0.79461 0.55369 -0.83273
0.85802 0.79397 0.55110 -0.83444
0.85844 0.79334 0.54852 -0.83614
0.85886 0.79270 0.54593 -0.83783
0.85927 0.79206 0.54335 -0.83950
0.85969 0.79142 0.54078 -0.84117
0.86010 0.79078 0.53820 -0.84282
0.86051 0.79013 0.53563 -0.84446
0.86092 0.78948 0.53306 -0.84608
0.86133 0.78883 0.53049 -0.84769
0.86173 0.78818 0.52792 -0.84929
0.86214 0.78753 0.52536 -0.85088
0.86254 0.78687 0.52280 -0.85246
0.86295 0.78622 0.52024 -0.85402
0.86335 0.78555 0.51769 -0.85557
0.86375 0.78489 0.51514 -0.85710
0.86414 0.78423 0.51260 -0.85863
0.86454 0.78356 0.51006 -0.86014
0.86494 0.78289 0.50752 -0.86164
0.86533 0.78222 0.50499 -0.86313
0.86572 0.78155 0.50246 -0.86460
0.86611 0.78088 0.49993 -0.86606
0.86650 0.78020 0.49741 -0.86751
0.86689 0.77952 0.49490 -0.86895
0.86728 0.77884 0.49239 -0.87038
0.86766 0.77815 0.48988 -0.87179
0.86805 0.77747 0.48738 -0.87319
0.86843 0.77678 0.48488 -0.87458
0.86881 0.77609 0.48239 -0.87596
0.86919 0.77540 0.47991 -0.87732
0.86957 0.77470 0.47743 -0.87867
0.86994 0.77401 0.47495 -0.88001
0.87032 0.77331 0.47248 -0.88134
0.87070 0.77261 0.47002 -0.88266
0.87107 0.77191 0.46756 -0.88396
0.87144 0.77120 0.46511 -0.88525
0.87181 0.77049 0.46266 -0.88653
0.87218 0.76978 0.46022 -0.88780
0.87255 0.76907 0.45779 -0.88906
0.87291 0.76836 0.45536 -0.89031
0.87328 0.76764 0.45294 -0.89154
0.87364 0.76692 0.45053 -0.89276
0.87401 0.76620 0.44812 -0.89397
0.87437 0.76548 0.44572 -0.89517
0.87473 0.76475 0.44333 -0.89636
0.87508 0.76403 0.44094 -0.89754
0.87544 0.76330 0.43856 -0.89870
0.87580 0.76256 0.43619 -0.89986
0.87615 0.76183 0.43382 -0.90100
0.87651 0.76109 0.43146 -0.90213
0.87686 0.76036 0.42911 -0.90325
0.87721 0.75961 0.42676 -0.90436
0.87756 0.75887 0.42443 -0.90546
0.87791 0.75813 0.42210 -0.90655
0.87825 0.75738 0.41977 -0.90763
0.87860 0.75663 0.41746 -0.90870
0.87894 0.75588 0.41515 -0.90975
0.87929 0.75512 0.41285 -0.91080
0.87963 0.75436 0.41056 -0.91183
0.87997 0.75360 0.40828 -0.91286
0.88031 0.75284 0.40600 -0.91387
0.88065 0.75208 0.40373 -0.91488
0.88098 0.75131 0.40147 -0.91587
0.88132 0.75054 0.39922 -0.91685
0.88166 0.74977 0.39698 -0.91783
0.88199 0.74900 0.39474 -0.91879
0.88232 0.74822 0.39252 -0.91975
0.88265 0.74745 0.39030 -0.92069
0.88298 0.74667 0.38809 -0.92162
0.88331 0.74588 0.38588 -0.92255
0.88364 0.74510 0.38369 -0.92346
0.88396 0.74431 0.38151 -0.92437
0.88429 0.74352 0.37933 -0.92526
0.88461 0.74273 0.37716 -0.92615
0.88493 0.74194 0.37500 -0.92702
0.88525 0.74114 0.37285 -0.92789
0.88557 0.74034 0.37071 -0.92875
0.88589 0.73954 0.36857 -0.92960
0.88621 0.73873 0.36645 -0.93044
0.88653 0.73793 0.36433 -0.93127
0.88684 0.73712 0.36222 -0.93209
0.88716 0.73631 0.36012 -0.93290
0.88747 0.73549 0.35803 -0.93371
0.88778 0.73468 0.35595 -0.93450
0.88809 0.73386 0.35388 -0.93529
0.88840 0.73304 0.35182 -0.93607
0.88871 0.73222 0.34976 -0.93684
0.88902 0.73139 0.34772 -0.93760
0.88932 0.73056 0.34568 -0.93835
0.88963 0.72973 0.34365 -0.93910
0.88993 0.72890 0.34163 -0.93983
0.89024 0.72806 0.33963 -0.94056
0.89054 0.72723 0.33762 -0.94128
0.89084 0.72638 0.33563 -0.94199
0.89114 0.72554 0.33365 -0.94270
0.89144 0.72470 0.33168 -0.94339
0.89173 0.72385 0.32971 -0.94408
0.89203 0.72300 0.32776 -0.94476
0.89232 0.72215 0.32581 -0.94543
0.89262 0.72129 0.32387 -0.94610
0.89291 0.72043 0.32195 -0.94676
0.89320 0.71957 0.32003 -0.94741
0.89349 0.71871 0.31812 -0.94805
0.89378 0.71784 0.31622 -0.94869
0.89407 0.71698 0.31432 -0.94932
0.89436 0.71611 0.31244 -0.94994
0.89464 0.71523 0.31057 -0.95055
0.89493 0.71436 0.30870 -0.95116
0.89521 0.71348 0.30685 -0.95176
0.89549 0.71260 0.30500 -0.95235
0.89578 0.71172 0.30317 -0.95294
0.89606 0.71083 0.30134 -0.95352
0.89634 0.70995 0.29952 -0.95409
0.89661 0.70905 0.29771 -0.95466
0.89689 0.70816 0.29591 -0.95522
0.89717 0.70727 0.29412 -0.95577
0.89744 0.70637 0.29233 -0.95632
0.89772 0.70547 0.29056 -0.95686
0.89799 0.70456 0.28880 -0.95739
0.89826 0.70366 0.28704 -0.95792
0.89854 0.70275 0.28529 -0.95844
0.89881 0.70184 0.28356 -0.95896
0.89908 0.70093 0.28183 -0.95947
0.89934 0.70001 0.28011 -0.95997
0.89961 0.69909 0.27840 -0.96047
0.89988 0.69817 0.27670 -0.96096
0.90014 0.69725 0.27500 -0.96144
0.90041 0.69632 0.27332 -0.96192
0.90067 0.69539 0.27164 -0.96240
0.90093 0.69446 0.26998 -0.96287
0.90119 0.69353 0.26832 -0.96333
0.90145 0.69259 0.26667 -0.96379
0.90171 0.69165 0.26503 -0.96424
0.90197 0.69071 0.26340 -0.96469
0.90223 0.68976 0.26178 -0.96513
0.90248 0.68882 0.26017 -0.96556
0.90274 0.68787 0.25856 -0.96599
0.90299 0.68691 0.25697 -0.96642
0.90324 0.68596 0.25538 -0.96684
0.90350 0.68500 0.25380 -0.96726
0.90375 0.68404 0.25223 -0.96767
0.90400 0.68308 0.25067 -0.96807
0.90425 0.68211 0.24912 -0.96847
0.90450 0.68114 0.24757 -0.96887
0.90474 0.68017 0.24604 -0.96926
0.90499 0.67920 0.24451 -0.96965
0.90523 0.67822 0.24299 -0.97003
0.90548 0.67724 0.24148 -0.97041
0.90572 0.67626 0.23998 -0.97078
0.90597 0.67528 0.23848 -0.97115
0.90621 0.67429 0.23700 -0.97151
0.90645 0.67330 0.23552 -0.97187
0.90669 0.67231 0.23405 -0.97222
0.90693 0.67131 0.23259 -0.97257
0.90716 0.67031 0.23114 -0.97292
0.90740 0.66931 0.22970 -0.97326
0.90764 0.66831 0.22826 -0.97360
0.90787 0.66731 0.22684 -0.97393
0.90811 0.66630 0.22542 -0.97426
0.90834 0.66529 0.22401 -0.97459
0.90857 0.66427 0.22260 -0.97491
0.90880 0.66325 0.22121 -0.97523
0.90903 0.66224 0.21982 -0.97554
0.90926 0.66121 0.21844 -0.97585
0.90949 0.66019 0.21707 -0.97616
0.90972 0.65916 0.21571 -0.97646
0.90995 0.65813 0.21435 -0.97676
0.91017 0.65710 0.21301 -0.97705
0.91040 0.65606 0.21167 -0.97734
0.91062 0.65502 0.21033 -0.97763
0.91084 0.65398 0.20901 -0.97791
0.91107 0.65294 0.20769 -0.97819
0.91129 0.65189 0.20639 -0.97847
0.91151 0.65084 0.20508 -0.97874
0.91173 0.64979 0.20379 -0.97901
0.91195 0.64874 0.20251 -0.97928
0.91217 0.64768 0.20123 -0.97954
0.91238 0.64662 0.19996 -0.97980
0.91260 0.64555 0.19869 -0.98006
0.91281 0.64449 0.19744 -0.98032
0.91303 0.64342 0.19619 -0.98057
0.91324 0.64235 0.19495 -0.98081
0.91346 0.64127 0.19372 -0.98106
0.91367 0.64020 0.19249 -0.98130
0.91388 0.63912 0.19127 -0.98154
0.91409 0.63803 0.19006 -0.98177
0.91430 0.63695 0.18886 -0.98200
0.91451 0.63586 0.18766 -0.98223
0.91471 0.63477 0.18647 -0.98246
0.91492 0.63368 0.18528 -0.98268
0.91513 0.63258 0.18411 -0.98291
0.91533 0.63148 0.18294 -0.98312
0.91554 0.63038 0.18178 -0.98334
0.91574 0.62927 0.18062 -0.98355
0.91594 0.62817 0.17948 -0.98376
0.91614 0.62706 0.17833 -0.98397
0.91635 0.62594 0.17720 -0.98417
0.91655 0.62483 0.17607 -0.98438
0.91675 0.62371 0.17495 -0.98458
0.91694 0.62259 0.17384 -0.98477
0.91714 0.62146 0.17273 -0.98497
0.91734 0.62033 0.17163 -0.98516
0.91754 0.61920 0.17054 -0.98535
0.91773 0.61807 0.16945 -0.98554
0.91793 0.61694 0.16837 -0.98572
0.91812 0.61580 0.16729 -0.98591
0.91831 0.61466 0.16623 -0.98609
0.91850 0.61351 0.16517 -0.98627
0.91870 0.61236 0.16411 -0.98644
0.91889 0.61121 0.16306 -0.98662
0.91908 0.61006 0.16202 -0.98679
0.91927 0.60891 0.16099 -0.98696
0.91945 0.60775 0.15996 -0.98712
0.91964 0.60659 0.15893 -0.98729
0.91983 0.60542 0.15792 -0.98745
0.92001 0.60426 0.15691 -0.98761
0.92020 0.60309 0.15590 -0.98777
0.92038 0.60191 0.15490 -0.98793
0.92057 0.60074 0.15391 -0.98808
0.92075 0.59956 0.15293 -0.98824
0.92093 0.59838 0.15195 -0.98839
0.92111 0.59720 0.15097 -0.98854
0.92129 0.59601 0.15000 -0.98869
0.92147 0.59482 0.14904 -0.98883
0.92165 0.59363 0.14809 -0.98897
0.92183 0.59243 0.14714 -0.98912
0.92201 0.59123 0.14619 -0.98926
0.92219 0.59003 0.14525 -0.98939
0.92236 0.58883 0.14432 -0.98953
0.92254 0.58762 0.14339 -0.98967
0.92271 0.58641 0.14247 -0.98980
0.92289 0.58520 0.14155 -0.98993
0.92306 0.58399 0.14064 -0.99006
0.92323 0.58277 0.13974 -0.99019
0.92340 0.58155 0.13884 -0.99031
0.92358 0.58032 0.13795 -0.99044
0.92375 0.57910 0.13706 -0.99056
0.92391 0.57787 0.13618 -0.99068
0.92408 0.57664 0.13530 -0.99080
0.92425 0.57540 0.13443 -0.99092
0.92442 0.57416 0.13356 -0.99104
0.92459 0.57292 0.13270 -0.99116
0.92475 0.57168 0.13184 -0.99127
0.92492 0.57043 0.13099 -0.99138
0.92508 0.56918 0.13015 -0.99149
0.92525 0.56793 0.12931 -0.99160
0.92541 0.56668 0.12847 -0.99171
0.92557 0.56542 0.12764 -0.99182
0.92573 0.56416 0.12682 -0.99193
0.92589 0.56289 0.12600 -0.99203
0.92605 0.56163 0.12518 -0.99213
0.92621 0.56036 0.12437 -0.99224
0.92637 0.55909 0.12357 -0.99234
0.92653 0.55781 0.12277 -0.99244
0.92669 0.55653 0.12197 -0.99253
0.92685 0.55525 0.12118 -0.99263
0.92700 0.55397 0.12040 -0.99273
0.92716 0.55268 0.11962 -0.99282
0.92731 0.55139 0.11884 -0.99291
0.92747 0.55010 0.11807 -0.99300
0.92762 0.54881 0.11731 -0.99310
0.92777 0.54751 0.11655 -0.99319
0.92792 0.54621 0.11579 -0.99327
0.92808 0.54490 0.11504 -0.99336
0.92823 0.54360 0.11429 -0.99345
0.92838 0.54229 0.11355 -0.99353
0.92853 0.54097 0.11281 -0.99362
0.92867 0.53966 0.11208 -0.99370
0.92882 0.53834 0.11135 -0.99378
0.92897 0.53702 0.11062 -0.99386
0.92912 0.53570 0.10990 -0.99394
0.92926 0.53437 0.10919 -0.99402
0.92941 0.53304 0.10847 -0.99410
0.92955 0.53171 0.10777 -0.99418
0.92970 0.53038 0.10706 -0.99425
0.92984 0.52904 0.10637 -0.99433
0.92998 0.52770 0.10567 -0.99440
0.93013 0.52635 0.10498 -0.99447
0.93027 0.52501 0.10430 -0.99455
0.93041 0.52366 0.10361 -0.99462
0.93055 0.52231 0.10294 -0.99469
0.93069 0.52095 0.10226 -0.99476
0.93083 0.51959 0.10160 -0.99483
0.93097 0.51823 0.10093 -0.99489
0.93111 0.51687 0.10027 -0.99496
0.93124 0.51550 0.09961 -0.99503
0.93138 0.51413 0.09896 -0.99509
0.93152 0.51276 0.09831 -0.99516
0.93165 0.51139 0.09767 -0.99522
0.93179 0.51001 0.09702 -0.99528
0.93192 0.50863 0.09639 -0.99534
0.93205 0.50725 0.09575 -0.99541
0.93219 0.50586 0.09512 -0.99547
0.93232 0.50447 0.09450 -0.99552
0.93245 0.50308 0.09388 -0.99558
0.93258 0.50169 0.09326 -0.99564
0.93271 0.50029 0.09264 -0.99570
0.93284 0.49889 0.09203 -0.99576
0.93297 0.49749 0.09143 -0.99581
0.93310 0.49608 0.09082 -0.99587
0.93323 0.49467 0.09022 -0.99592
0.93335 0.49326 0.08963 -0.99598
0.93348 0.49185 0.08904 -0.99603
0.93361 0.49043 0.08845 -0.99608
0.93373 0.48901 0.08786 -0.99613
0.93386 0.48759 0.08728 -0.99618
0.93398 0.48616 0.08670 -0.99623
0.93411 0.48474 0.08613 -0.99628
0.93423 0.48331 0.08556 -0.99633
0.93435 0.48187 0.08499 -0.99638
0.93447 0.48044 0.08442 -0.99643
0.93460 0.47900 0.08386 -0.99648
0.93472 0.47756 0.08330 -0.99652
0.93484 0.47611 0.08275 -0.99657
0.93496 0.47466 0.08220 -0.99662
0.93508 0.47321 0.08165 -0.99666
0.93519 0.47176 0.08111 -0.99671
0.93531 0.47031 0.08057 -0.99675
0.93543 0.46885 0.08003 -0.99679
0.93555 0.46739 0.07949 -0.99684
0.93566 0.46592 0.07896 -0.99688
0.93578 0.46446 0.07843 -0.99692
0.93589 0.46299 0.07791 -0.99696
0.93601 0.46152 0.07738 -0.99700
0.93612 0.46004 0.07687 -0.99704
0.93624 0.45856 0.07635 -0.99708
0.93635 0.45708 0.07584 -0.99712
0.93646 0.45560 0.07533 -0.99716
0.93657 0.45412 0.07482 -0.99720
0.93668 0.45263 0.07431 -0.99723
0.93680 0.45114 0.07381 -0.99727
0.93691 0.44964 0.07332 -0.99731
0.93702 0.44815 0.07282 -0.99735
0.93712 0.44665 0.07233 -0.99738
0.93723 0.44515 0.07184 -0.99742
0.93734 0.44364 0.07135 -0.99745
0.93745 0.44213 0.07087 -0.99749
0.93756 0.44062 0.07039 -0.99752
0.93766 0.43911 0.06991 -0.99755
0.93777 0.43760 0.06943 -0.99759
0.93787 0.43608 0.06896 -0.99762
0.93798 0.43456 0.06849 -0.99765
0.93808 0.43304 0.06802 -0.99768
0.93819 0.43151 0.06756 -0.99772
0.93829 0.42998 0.06710 -0.99775
0.93839 0.42845 0.06664 -0.99778
0.93849 0.42692 0.06618 -0.99781
0.93859 0.42538 0.06573 -0.99784
0.93870 0.42384 0.06528 -0.99787
0.93880 0.42230 0.06483 -0.99790
0.93890 0.42076 0.06438 -0.99793
0.93900 0.41921 0.06394 -0.99795
0.93909 0.41766 0.06350 -0.99798
0.93919 0.41611 0.06306 -0.99801
0.93929 0.41455 0.06262 -0.99804
0.93939 0.41300 0.06219 -0.99806
0.93948 0.41144 0.06176 -0.99809
0.93958 0.40988 0.06133 -0.99812
0.93968 0.40831 0.06090 -0.99814
0.93977 0.40674 0.06048 -0.99817
0.93987 0.40517 0.06006 -0.99820
0.93996 0.40360 0.05964 -0.99822
0.94006 0.40203 0.05922 -0.99824
0.94015 0.40045 0.05881 -0.99827
0.94024 0.39887 0.05839 -0.99829
0.94033 0.39729 0.05798 -0.99832
0.94043 0.39570 0.05758 -0.99834
0.94052 0.39411 0.05717 -0.99836
0.94061 0.39252 0.05677 -0.99839
0.94070 0.39093 0.05637 -0.99841
0.94079 0.38934 0.05597 -0.99843
0.94088 0.38774 0.05557 -0.99845
0.94096 0.38614 0.05518 -0.99848
0.94105 0.38454 0.05478 -0.99850
0.94114 0.38293 0.05439 -0.99852
0.94123 0.38132 0.05401 -0.99854
0.94131 0.37971 0.05362 -0.99856
0.94140 0.37810 0.05324 -0.99858
0.94149 0.37649 0.05286 -0.99860
0.94157 0.37487 0.05248 -0.99862
0.94166 0.37325 0.05210 -0.99864
0.94174 0.37163 0.05172 -0.99866
0.94183 0.37000 0.05135 -0.99868
0.94191 0.36838 0.05098 -0.99870
0.94199 0.36675 0.05061 -0.99872
0.94207 0.36511 0.05024 -0.99874
0.94216 0.36348 0.04988 -0.99876
0.94224 0.36184 0.04951 -0.99877
0.94232 0.36020 0.04915 -0.99879
0.94240 0.35856 0.04879 -0.99881
0.94248 0.35692 0.04843 -0.99883
0.94256 0.35527 0.04808 -0.99884
0.94264 0.35362 0.04772 -0.99886
0.94272 0.35197 0.04737 -0.99888
0.94279 0.35032 0.04702 -0.99889
0.94287 0.34867 0.04667 -0.99891
0.94295 0.34701 0.04633 -0.99893
0.94303 0.34535 0.04598 -0.99894
0.94310 0.34369 0.04564 -0.99896
0.94318 0.34202 0.04530 -0.99897
0.94325 0.34035 0.04496 -0.99899
0.94333 0.33869 0.04462 -0.99900
0.94340 0.33701 0.04428 -0.99902
0.94348 0.33534 0.04395 -0.99903
0.94355 0.33366 0.04362 -0.99905
0.94362 0.33199 0.04329 -0.99906
0.94369 0.33031 0.04296 -0.99908
0.94377 0.32862 0.04263 -0.99909
0.94384 0.32694 0.04230 -0.99910
0.94391 0.32525 0.04198 -0.99912
0.94398 0.32356 0.04166 -0.99913
0.94405 0.32187 0.04133 -0.99915
0.94412 0.32018 0.04102 -0.99916
0.94419 0.31848 0.04070 -0.99917
0.94426 0.31678 0.04038 -0.99918
0.94433 0.31508 0.04007 -0.99920
0.94440 0.31338 0.03975 -0.99921
0.94446 0.31168 0.03944 -0.99922
0.94453 0.30997 0.03913 -0.99923
0.94460 0.30826 0.03882 -0.99925
0.94466 0.30655 0.03851 -0.99926
0.94473 0.30484 0.03821 -0.99927
0.94479 0.30312 0.03790 -0.99928
0.94486 0.30141 0.03760 -0.99929
0.94492 0.29969 0.03730 -0.99930
0.94499 0.29797 0.03700 -0.99932
0.94505 0.29624 0.03670 -0.99933
0.94511 0.29452 0.03640 -0.99934
0.94518 0.29279 0.03611 -0.99935
0.94524 0.29106 0.03581 -0.99936
0.94530 0.28933 0.03552 -0.99937
0.94536 0.28760 0.03523 -0.99938
0.94542 0.28586 0.03494 -0.99939
0.94548 0.28412 0.03465 -0.99940
0.94554 0.28238 0.03436 -0.99941
0.94560 0.28064 0.03408 -0.99942
0.94566 0.27890 0.03379 -0.99943
0.94572 0.27716 0.03351 -0.99944
0.94578 0.27541 0.03323 -0.99945
0.94584 0.27366 0.03294 -0.99946
0.94589 0.27191 0.03266 -0.99947
0.94595 0.27016 0.03239 -0.99948
0.94601 0.26840 0.03211 -0.99948
0.94606 0.26664 0.03183 -0.99949
0.94612 0.26489 0.03156 -0.99950
0.94618 0.26312 0.03128 -0.99951
0.94623 0.26136 0.03101 -0.99952
0.94628 0.25960 0.03074 -0.99953
0.94634 0.25783 0.03047 -0.99954
0.94639 0.25606 0.03020 -0.99954
0.94645 0.25430 0.02993 -0.99955
0.94650 0.25252 0.02966 -0.99956
0.94655 0.25075 0.02940 -0.99957
0.94660 0.24898 0.02913 -0.99958
0.94665 0.24720 0.02887 -0.99958
0.94671 0.24542 0.02861 -0.99959
0.94676 0.24364 0.02835 -0.99960
0.94681 0.24186 0.02809 -0.99961
0.94686 0.24007 0.02783 -0.99961
0.94691 0.23829 0.02757 -0.99962
0.94695 0.23650 0.02731 -0.99963
0.94700 0.23471 0.02706 -0.99963
0.94705 0.23292 0.02680 -0.99964
0.94710 0.23113 0.02655 -0.99965
0.94715 0.22934 0.02629 -0.99965
0.94719 0.22754 0.02604 -0.99966
0.94724 0.22574 0.02579 -0.99967
0.94729 0.22395 0.02554 -0.99967
0.94733 0.22214 0.02529 -0.99968
0.94738 0.22034 0.02504 -0.99969
0.94742 0.21854 0.02479 -0.99969
0.94747 0.21673 0.02455 -0.99970
0.94751 0.21493 0.02430 -0.99970
0.94756 0.21312 0.02406 -0.99971
0.94760 0.21131 0.02382 -0.99972
0.94764 0.20950 0.02357 -0.99972
0.94768 0.20769 0.02333 -0.99973
0.94773 0.20587 0.02309 -0.99973
0.94777 0.20405 0.02285 -0.99974
0.94781 0.20224 0.02261 -0.99974
0.94785 0.20042 0.02237 -0.99975
0.94789 0.19860 0.02213 -0.99976
0.94793 0.19678 0.02190 -0.99976
0.94797 0.19495 0.02166 -0.99977
0.94801 0.19313 0.02143 -0.99977
0.94805 0.19130 0.02119 -0.99978
0.94809 0.18948 0.02096 -0.99978
0.94813 0.18765 0.02073 -0.99979
0.94816 0.18582 0.02049 -0.99979
0.94820 0.18399 0.02026 -0.99979
0.94824 0.18215 0.02003 -0.99980
0.94827 0.18032 0.01980 -0.99980
0.94831 0.17848 0.01957 -0.99981
0.94835 0.17665 0.01935 -0.99981
0.94838 0.17481 0.01912 -0.99982
0.94842 0.17297 0.01889 -0.99982
0.94845 0.17113 0.01867 -0.99983
0.94848 0.16929 0.01844 -0.99983
0.94852 0.16744 0.01822 -0.99983
0.94855 0.16560 0.01799 -0.99984
0.94859 0.16375 0.01777 -0.99984
0.94862 0.16190 0.01755 -0.99985
0.94865 0.16006 0.01732 -0.99985
0.94868 0.15821 0.01710 -0.99985
0.94871 0.15636 0.01688 -0.99986
0.94874 0.15451 0.01666 -0.99986
0.94877 0.15265 0.01644 -0.99986
0.94881 0.15080 0.01622 -0.99987
0.94884 0.14894 0.01601 -0.99987
0.94886 0.14709 0.01579 -0.99988
0.94889 0.14523 0.01557 -0.99988
0.94892 0.14337 0.01535 -0.99988
0.94895 0.14151 0.01514 -0.99989
0.94898 0.13965 0.01492 -0.99989
0.94901 0.13779 0.01471 -0.99989
0.94903 0.13593 0.01449 -0.99989
0.94906 0.13406 0.01428 -0.99990
0.94909 0.13220 0.01407 -0.99990
0.94911 0.13033 0.01385 -0.99990
0.94914 0.12847 0.01364 -0.99991
0.94916 0.12660 0.01343 -0.99991
0.94919 0.12473 0.01322 -0.99991
0.94921 0.12286 0.01301 -0.99992
0.94924 0.12099 0.01280 -0.99992
0.94926 0.11912 0.01259 -0.99992
0.94928 0.11725 0.01238 -0.99992
0.94931 0.11538 0.01217 -0.99993
0.94933 0.11350 0.01196 -0.99993
0.94935 0.11163 0.01175 -0.99993
0.94937 0.10975 0.01155 -0.99993
0.94940 0.10788 0.01134 -0.99994
0.94942 0.10600 0.01113 -0.99994
0.94944 0.10412 0.01093 -0.99994
0.94946 0.10224 0.01072 -0.99994
0.94948 0.10036 0.01052 -0.99994
0.94950 0.09848 0.01031 -0.99995
0.94952 0.09660 0.01011 -0.99995
0.94954 0.09472 0.00990 -0.99995
0.94955 0.09284 0.00970 -0.99995
0.94957 0.09096 0.00950 -0.99995
0.94959 0.08907 0.00929 -0.99996
0.94961 0.08719 0.00909 -0.99996
0.94962 0.08530 0.00889 -0.99996
0.94964 0.08342 0.00868 -0.99996
0.94966 0.08153 0.00848 -0.99996
0.94967 0.07964 0.00828 -0.99997
0.94969 0.07776 0.00808 -0.99997
0.94970 0.07587 0.00788 -0.99997
0.94972 0.07398 0.00768 -0.99997
0.94973 0.07209 0.00748 -0.99997
0.94975 0.07020 0.00728 -0.99997
0.94976 0.06831 0.00708 -0.99997
0.94977 0.06642 0.00688 -0.99998
0.94979 0.06453 0.00668 -0.99998
0.94980 0.06263 0.00648 -0.99998
0.94981 0.06074 0.00628 -0.99998
0.94982 0.05885 0.00608 -0.99998
0.94983 0.05696 0.00588 -0.99998
0.94984 0.05506 0.00569 -0.99998
0.94985 0.05317 0.00549 -0.99998
0.94986 0.05127 0.00529 -0.99999
0.94987 0.04938 0.00509 -0.99999
0.94988 0.04748 0.00490 -0.99999
0.94989 0.04559 0.00470 -0.99999
0.94990 0.04369 0.00450 -0.99999
0.94991 0.04180 0.00430 -0.99999
0.94992 0.03990 0.00411 -0.99999
0.94993 0.03800 0.00391 -0.99999
0.94993 0.03610 0.00372 -0.99999
0.94994 0.03421 0.00352 -0.99999
0.94995 0.03231 0.00332 -0.99999
0.94995 0.03041 0.00313 -1.00000
0.94996 0.02851 0.00293 -1.00000
0.94996 0.02661 0.00274 -1.00000
0.94997 0.02472 0.00254 -1.00000
0.94997 0.02282 0.00234 -1.00000
0.94998 0.02092 0.00215 -1.00000
0.94998 0.01902 0.00195 -1.00000
0.94998 0.01712 0.00176 -1.00000
0.94999 0.01522 0.00156 -1.00000
0.94999 0.01332 0.00137 -1.00000
0.94999 0.01142 0.00117 -1.00000
0.95000 0.00952 0.00098 -1.00000
0.95000 0.00762 0.00078 -1.00000
0.95000 0.00572 0.00059 -1.00000
0.95000 0.00382 0.00039 -1.00000
0.95000 0.00192 0.00020 -1.00000
0.95000 0.00002 0.00000 -1.00000
0.95000 -0.00188 -0.00019 -1.00000
