-0.50000 0.00000 0.00000 1.00000
-0.50000 0.00100 0.00150 1.00000
-0.50000 0.00200 0.00300 1.00000
-0.49999 0.00300 0.00450 0.99999
-0.49999 0.00400 0.00600 0.99998
-0.49998 0.00500 0.00750 0.99997
-0.49997 0.00600 0.00900 0.99996
-0.49996 0.00700 0.01050 0.99994
-0.49995 0.00800 0.01200 0.99993
-0.49994 0.00900 0.01350 0.99991
-0.49992 0.01000 0.01500 0.99989
-0.49991 0.01100 0.01650 0.99986
-0.49989 0.01200 0.01800 0.99984
-0.49987 0.01300 0.01951 0.99981
-0.49985 0.01400 0.02101 0.99978
-0.49983 0.01500 0.02251 0.99975
-0.49981 0.01600 0.02401 0.99971
-0.49978 0.01700 0.02551 0.99967
-0.49976 0.01800 0.02701 0.99964
-0.49973 0.01899 0.02852 0.99959
-0.49970 0.01999 0.03002 0.99955
-0.49967 0.02099 0.03152 0.99950
-0.49964 0.02199 0.03302 0.99945
-0.49960 0.02299 0.03453 0.99940
-0.49957 0.02399 0.03603 0.99935
-0.49953 0.02499 0.03754 0.99930
-0.49949 0.02599 0.03904 0.99924
-0.49945 0.02698 0.04055 0.99918
-0.49941 0.02798 0.04205 0.99912
-0.49937 0.02898 0.04356 0.99905
-0.49932 0.02998 0.04506 0.99898
-0.49928 0.03098 0.04657 0.99892
-0.49923 0.03197 0.04808 0.99884
-0.49918 0.03297 0.04958 0.99877
-0.49913 0.03397 0.05109 0.99869
-0.49908 0.03496 0.05260 0.99862
-0.49903 0.03596 0.05411 0.99854
-0.49897 0.03696 0.05562 0.99845
-0.49892 0.03795 0.05713 0.99837
-0.49886 0.03895 0.05864 0.99828
-0.49880 0.03995 0.06015 0.99819
-0.49874 0.04094 0.06166 0.99810
-0.49868 0.04194 0.06317 0.99800
-0.49861 0.04293 0.06468 0.99791
-0.49855 0.04393 0.06620 0.99781
-0.49848 0.04492 0.06771 0.99771
-0.49841 0.04592 0.06922 0.99760
-0.49834 0.04691 0.07074 0.99749
-0.49827 0.04791 0.07225 0.99739
-0.49820 0.04890 0.07377 0.99728
-0.49812 0.04990 0.07529 0.99716
-0.49805 0.05089 0.07680 0.99705
-0.49797 0.05188 0.07832 0.99693
-0.49789 0.05288 0.07984 0.99681
-0.49781 0.05387 0.08136 0.99668
-0.49773 0.05486 0.08288 0.99656
-0.49765 0.05585 0.08440 0.99643
-0.49756 0.05685 0.08592 0.99630
-0.49748 0.05784 0.08745 0.99617
-0.49739 0.05883 0.08897 0.99603
-0.49730 0.05982 0.09049 0.99590
-0.49721 0.06081 0.09202 0.99576
-0.49712 0.06180 0.09355 0.99562
-0.49702 0.06279 0.09507 0.99547
-0.49693 0.06378 0.09660 0.99532
-0.49683 0.06477 0.09813 0.99517
-0.49673 0.06576 0.09966 0.99502
-0.49663 0.06675 0.10119 0.99487
-0.49653 0.06774 0.10272 0.99471
-0.49643 0.06873 0.10425 0.99455
-0.49632 0.06972 0.10578 0.99439
-0.49622 0.07070 0.10732 0.99422
-0.49611 0.07169 0.10885 0.99406
-0.49600 0.07268 0.11039 0.99389
-0.49589 0.07366 0.11192 0.99372
-0.49578 0.07465 0.11346 0.99354
-0.49567 0.07564 0.11500 0.99337
-0.49555 0.07662 0.11654 0.99319
-0.49543 0.07761 0.11808 0.99300
-0.49532 0.07859 0.11962 0.99282
-0.49520 0.07958 0.12116 0.99263
-0.49508 0.08056 0.12271 0.99244
-0.49495 0.08154 0.12425 0.99225
-0.49483 0.08253 0.12580 0.99206
-0.49470 0.08351 0.12734 0.99186
-0.49458 0.08449 0.12889 0.99166
-0.49445 0.08547 0.13044 0.99146
-0.49432 0.08645 0.13199 0.99125
-0.49419 0.08744 0.13354 0.99104
-0.49406 0.08842 0.13509 0.99083
-0.49392 0.08940 0.13665 0.99062
-0.49379 0.09038 0.13820 0.99040
-0.49365 0.09136 0.13976 0.99019
-0.49351 0.09233 0.14131 0.98996
-0.49337 0.09331 0.14287 0.98974
-0.49323 0.09429 0.14443 0.98951
-0.49308 0.09527 0.14599 0.98929
-0.49294 0.09624 0.14755 0.98905
-0.49279 0.09722 0.14912 0.98882
-0.49264 0.09820 0.15068 0.98858
-0.49249 0.09917 0.15225 0.98834
-0.49234 0.10015 0.15381 0.98810
-0.49219 0.10112 0.15538 0.98785
-0.49204 0.10210 0.15695 0.98761
-0.49188 0.10307 0.15852 0.98736
-0.49172 0.10404 0.16009 0.98710
-0.49157 0.10502 0.16166 0.98685
-0.49141 0.10599 0.16324 0.98659
-0.49124 0.10696 0.16481 0.98632
-0.49108 0.10793 0.16639 0.98606
-0.49092 0.10890 0.16797 0.98579
-0.49075 0.10987 0.16955 0.98552
-0.49058 0.11084 0.17113 0.98525
-0.49041 0.11181 0.17271 0.98497
-0.49024 0.11278 0.17430 0.98469
-0.49007 0.11374 0.17588 0.98441
-0.48990 0.11471 0.17747 0.98413
-0.48972 0.11568 0.17906 0.98384
-0.48955 0.11664 0.18065 0.98355
-0.48937 0.11761 0.18224 0.98325
-0.48919 0.11857 0.18383 0.98296
-0.48901 0.11954 0.18542 0.98266
-0.48882 0.12050 0.18702 0.98236
-0.48864 0.12147 0.18861 0.98205
-0.48845 0.12243 0.19021 0.98174
-0.48827 0.12339 0.19181 0.98143
-0.48808 0.12435 0.19341 0.98112
-0.48789 0.12531 0.19501 0.98080
-0.48770 0.12627 0.19662 0.98048
-0.48750 0.12723 0.19822 0.98016
-0.48731 0.12819 0.19983 0.97983
-0.48711 0.12915 0.20144 0.97950
-0.48691 0.13011 0.20305 0.97917
-0.48671 0.13106 0.20466 0.97883
-0.48651 0.13202 0.20627 0.97849
-0.48631 0.13298 0.20789 0.97815
-0.48611 0.13393 0.20950 0.97781
-0.48590 0.13489 0.21112 0.97746
-0.48570 0.13584 0.21274 0.97711
-0.48549 0.13679 0.21436 0.97676
-0.48528 0.13775 0.21598 0.97640
-0.48507 0.13870 0.21760 0.97604
-0.48485 0.13965 0.21923 0.97567
-0.48464 0.14060 0.22086 0.97531
-0.48442 0.14155 0.22248 0.97494
-0.48421 0.14250 0.22411 0.97456
-0.48399 0.14345 0.22574 0.97419
-0.48377 0.14439 0.22738 0.97381
-0.48354 0.14534 0.22901 0.97342
-0.48332 0.14629 0.23065 0.97304
-0.48310 0.14723 0.23229 0.97265
-0.48287 0.14818 0.23393 0.97225
-0.48264 0.14912 0.23557 0.97186
-0.48241 0.15007 0.23721 0.97146
-0.48218 0.15101 0.23885 0.97106
-0.48195 0.15195 0.24050 0.97065
-0.48171 0.15289 0.24215 0.97024
-0.48148 0.15383 0.24380 0.96983
-0.48124 0.15477 0.24545 0.96941
-0.48100 0.15571 0.24710 0.96899
-0.48076 0.15665 0.24875 0.96857
-0.48052 0.15759 0.25041 0.96814
-0.48028 0.15852 0.25207 0.96771
-0.48003 0.15946 0.25372 0.96728
-0.47979 0.16039 0.25538 0.96684
-0.47954 0.16133 0.25705 0.96640
-0.47929 0.16226 0.25871 0.96595
-0.47904 0.16320 0.26038 0.96551
-0.47879 0.16413 0.26204 0.96506
-0.47853 0.16506 0.26371 0.96460
-0.47828 0.16599 0.26538 0.96414
-0.47802 0.16692 0.26705 0.96368
-0.47776 0.16785 0.26873 0.96322
-0.47750 0.16878 0.27040 0.96275
-0.47724 0.16970 0.27208 0.96227
-0.47698 0.17063 0.27376 0.96180
-0.47671 0.17156 0.27544 0.96132
-0.47645 0.17248 0.27712 0.96083
-0.47618 0.17341 0.27880 0.96035
-0.47591 0.17433 0.28049 0.95986
-0.47564 0.17525 0.28218 0.95936
-0.47537 0.17617 0.28387 0.95886
-0.47510 0.17709 0.28556 0.95836
-0.47482 0.17801 0.28725 0.95786
-0.47454 0.17893 0.28894 0.95735
-0.47427 0.17985 0.29064 0.95683
-0.47399 0.18077 0.29233 0.95632
-0.47371 0.18169 0.29403 0.95580
-0.47342 0.18260 0.29573 0.95527
-0.47314 0.18352 0.29743 0.95474
-0.47285 0.18443 0.29914 0.95421
-0.47257 0.18534 0.30084 0.95367
-0.47228 0.18626 0.30255 0.95313
-0.47199 0.18717 0.30426 0.95259
-0.47170 0.18808 0.30597 0.95204
-0.47140 0.18899 0.30768 0.95149
-0.47111 0.18990 0.30939 0.95094
-0.47081 0.19080 0.31110 0.95038
-0.47051 0.19171 0.31282 0.94981
-0.47021 0.19262 0.31454 0.94924
-0.46991 0.19352 0.31626 0.94867
-0.46961 0.19443 0.31798 0.94810
-0.46931 0.19533 0.31970 0.94752
-0.46900 0.19623 0.32143 0.94693
-0.46870 0.19713 0.32315 0.94635
-0.46839 0.19803 0.32488 0.94576
-0.46808 0.19893 0.32661 0.94516
-0.46777 0.19983 0.32834 0.94456
-0.46745 0.20073 0.33007 0.94396
-0.46714 0.20163 0.33180 0.94335
-0.46682 0.20252 0.33354 0.94274
-0.46650 0.20342 0.33528 0.94212
-0.46619 0.20431 0.33701 0.94150
-0.46587 0.20520 0.33875 0.94088
-0.46554 0.20610 0.34050 0.94025
-0.46522 0.20699 0.34224 0.93961
-0.46489 0.20788 0.34398 0.93898
-0.46457 0.20877 0.34573 0.93833
-0.46424 0.20965 0.34747 0.93769
-0.46391 0.21054 0.34922 0.93704
-0.46358 0.21143 0.35097 0.93639
-0.46325 0.21231 0.35273 0.93573
-0.46291 0.21320 0.35448 0.93506
-0.46258 0.21408 0.35623 0.93440
-0.46224 0.21496 0.35799 0.93373
-0.46190 0.21584 0.35975 0.93305
-0.46156 0.21672 0.36150 0.93237
-0.46122 0.21760 0.36326 0.93169
-0.46087 0.21848 0.36503 0.93100
-0.46053 0.21936 0.36679 0.93030
-0.46018 0.22023 0.36855 0.92961
-0.45983 0.22111 0.37032 0.92890
-0.45949 0.22198 0.37209 0.92820
-0.45913 0.22286 0.37385 0.92749
-0.45878 0.22373 0.37562 0.92677
-0.45843 0.22460 0.37740 0.92605
-0.45807 0.22547 0.37917 0.92533
-0.45772 0.22634 0.38094 0.92460
-0.45736 0.22721 0.38272 0.92387
-0.45700 0.22807 0.38449 0.92313
-0.45663 0.22894 0.38627 0.92239
-0.45627 0.22981 0.38805 0.92164
-0.45591 0.23067 0.38983 0.92089
-0.45554 0.23153 0.39161 0.92013
-0.45517 0.23239 0.39339 0.91937
-0.45480 0.23325 0.39517 0.91861
-0.45443 0.23411 0.39696 0.91784
-0.45406 0.23497 0.39874 0.91706
-0.45369 0.23583 0.40053 0.91628
-0.45331 0.23669 0.40232 0.91550
-0.45293 0.23754 0.40411 0.91471
-0.45256 0.23840 0.40590 0.91392
-0.45218 0.23925 0.40769 0.91312
-0.45179 0.24010 0.40948 0.91232
-0.45141 0.24095 0.41127 0.91151
-0.45103 0.24180 0.41307 0.91070
-0.45064 0.24265 0.41486 0.90988
-0.45025 0.24350 0.41666 0.90906
-0.44987 0.24434 0.41846 0.90824
-0.44947 0.24519 0.42026 0.90741
-0.44908 0.24603 0.42206 0.90657
-0.44869 0.24688 0.42386 0.90573
-0.44829 0.24772 0.42566 0.90488
-0.44790 0.24856 0.42746 0.90403
-0.44750 0.24940 0.42926 0.90318
-0.44710 0.25024 0.43106 0.90232
-0.44670 0.25108 0.43287 0.90146
-0.44630 0.25191 0.43467 0.90059
-0.44589 0.25275 0.43648 0.89971
-0.44549 0.25358 0.43829 0.89883
-0.44508 0.25442 0.44010 0.89795
-0.44467 0.25525 0.44190 0.89706
-0.44426 0.25608 0.44371 0.89617
-0.44385 0.25691 0.44552 0.89527
-0.44343 0.25774 0.44733 0.89437
-0.44302 0.25856 0.44914 0.89346
-0.44260 0.25939 0.45096 0.89255
-0.44218 0.26022 0.45277 0.89163
-0.44177 0.26104 0.45458 0.89071
-0.44134 0.26186 0.45639 0.88978
-0.44092 0.26268 0.45821 0.88884
-0.44050 0.26350 0.46002 0.88791
-0.44007 0.26432 0.46184 0.88696
-0.43965 0.26514 0.46365 0.88602
-0.43922 0.26596 0.46547 0.88506
-0.43879 0.26677 0.46729 0.88411
-0.43836 0.26759 0.46910 0.88314
-0.43792 0.26840 0.47092 0.88218
-0.43749 0.26921 0.47274 0.88120
-0.43705 0.27003 0.47456 0.88023
-0.43661 0.27084 0.47637 0.87924
-0.43617 0.27164 0.47819 0.87825
-0.43573 0.27245 0.48001 0.87726
-0.43529 0.27326 0.48183 0.87626
-0.43485 0.27406 0.48365 0.87526
-0.43440 0.27487 0.48547 0.87425
-0.43396 0.27567 0.48729 0.87324
-0.43351 0.27647 0.48911 0.87222
-0.43306 0.27727 0.49093 0.87120
-0.43261 0.27807 0.49275 0.87017
-0.43215 0.27887 0.49457 0.86914
-0.43170 0.27966 0.49639 0.86810
-0.43124 0.28046 0.49821 0.86706
-0.43079 0.28125 0.50003 0.86601
-0.43033 0.28205 0.50185 0.86495
-0.42987 0.28284 0.50367 0.86390
-0.42940 0.28363 0.50549 0.86283
-0.42894 0.28442 0.50731 0.86176
-0.42848 0.28520 0.50913 0.86069
-0.42801 0.28599 0.51095 0.85961
-0.42754 0.28678 0.51277 0.85853
-0.42707 0.28756 0.51459 0.85744
-0.42660 0.28834 0.51641 0.85634
-0.42613 0.28913 0.51823 0.85524
-0.42566 0.28991 0.52004 0.85414
-0.42518 0.29068 0.52186 0.85303
-0.42470 0.29146 0.52368 0.85192
-0.42422 0.29224 0.52550 0.85080
-0.42374 0.29301 0.52731 0.84967
-0.42326 0.29379 0.52913 0.84854
-0.42278 0.29456 0.53095 0.84741
-0.42229 0.29533 0.53276 0.84627
-0.42181 0.29610 0.53458 0.84512
-0.42132 0.29687 0.53639 0.84397
-0.42083 0.29764 0.53820 0.84281
-0.42034 0.29841 0.54002 0.84165
-0.41985 0.29917 0.54183 0.84049
-0.41936 0.29994 0.54364 0.83932
-0.41886 0.30070 0.54545 0.83814
-0.41836 0.30146 0.54726 0.83696
-0.41787 0.30222 0.54907 0.83577
-0.41737 0.30298 0.55088 0.83458
-0.41687 0.30374 0.55269 0.83339
-0.41636 0.30449 0.55450 0.83219
-0.41586 0.30525 0.55630 0.83098
-0.41535 0.30600 0.55811 0.82977
-0.41485 0.30675 0.55991 0.82855
-0.41434 0.30750 0.56172 0.82733
-0.41383 0.30825 0.56352 0.82610
-0.41331 0.30900 0.56532 0.82487
-0.41280 0.30975 0.56712 0.82364
-0.41229 0.31049 0.56892 0.82239
-0.41177 0.31124 0.57072 0.82115
-0.41125 0.31198 0.57251 0.81990
-0.41073 0.31272 0.57431 0.81864
-0.41021 0.31346 0.57610 0.81738
-0.40969 0.31420 0.57789 0.81611
-0.40917 0.31494 0.57969 0.81484
-0.40864 0.31568 0.58148 0.81356
-0.40812 0.31641 0.58327 0.81228
-0.40759 0.31715 0.58505 0.81099
-0.40706 0.31788 0.58684 0.80970
-0.40653 0.31861 0.58862 0.80841
-0.40599 0.31934 0.59041 0.80711
-0.40546 0.32007 0.59219 0.80580
-0.40492 0.32080 0.59397 0.80449
-0.40439 0.32152 0.59575 0.80317
-0.40385 0.32225 0.59752 0.80185
-0.40331 0.32297 0.59930 0.80052
-0.40277 0.32369 0.60107 0.79919
-0.40222 0.32441 0.60285 0.79786
-0.40168 0.32513 0.60462 0.79652
-0.40113 0.32585 0.60638 0.79517
-0.40059 0.32656 0.60815 0.79382
-0.40004 0.32728 0.60991 0.79247
-0.39949 0.32799 0.61168 0.79111
-0.39893 0.32871 0.61344 0.78974
-0.39838 0.32942 0.61520 0.78837
-0.39782 0.33013 0.61695 0.78700
-0.39727 0.33083 0.61871 0.78562
-0.39671 0.33154 0.62046 0.78424
-0.39615 0.33225 0.62221 0.78285
-0.39559 0.33295 0.62396 0.78146
-0.39503 0.33365 0.62571 0.78006
-0.39446 0.33436 0.62745 0.77866
-0.39390 0.33506 0.62919 0.77725
-0.39333 0.33575 0.63093 0.77584
-0.39276 0.33645 0.63267 0.77442
-0.39219 0.33715 0.63441 0.77300
-0.39162 0.33784 0.63614 0.77157
-0.39105 0.33854 0.63787 0.77014
-0.39047 0.33923 0.63960 0.76871
-0.38990 0.33992 0.64132 0.76727
-0.38932 0.34061 0.64305 0.76583
-0.38874 0.34129 0.64477 0.76438
-0.38816 0.34198 0.64649 0.76292
-0.38758 0.34267 0.64820 0.76147
-0.38700 0.34335 0.64992 0.76001
-0.38641 0.34403 0.65163 0.75854
-0.38583 0.34471 0.65333 0.75707
-0.38524 0.34539 0.65504 0.75559
-0.38465 0.34607 0.65674 0.75412
-0.38406 0.34674 0.65844 0.75263
-0.38347 0.34742 0.66014 0.75114
-0.38288 0.34809 0.66183 0.74965
-0.38228 0.34877 0.66352 0.74815
-0.38168 0.34944 0.66521 0.74665
-0.38109 0.35011 0.66690 0.74515
-0.38049 0.35077 0.66858 0.74364
-0.37989 0.35144 0.67026 0.74213
-0.37928 0.35211 0.67194 0.74061
-0.37868 0.35277 0.67361 0.73909
-0.37808 0.35343 0.67528 0.73756
-0.37747 0.35409 0.67695 0.73603
-0.37686 0.35475 0.67861 0.73450
-0.37625 0.35541 0.68028 0.73296
-0.37564 0.35607 0.68193 0.73141
-0.37503 0.35672 0.68359 0.72987
-0.37441 0.35738 0.68524 0.72832
-0.37380 0.35803 0.68689 0.72676
-0.37318 0.35868 0.68853 0.72520
-0.37256 0.35933 0.69018 0.72364
-0.37194 0.35998 0.69181 0.72208
-0.37132 0.36063 0.69345 0.72051
-0.37070 0.36127 0.69508 0.71893
-0.37008 0.36191 0.69671 0.71735
-0.36945 0.36256 0.69833 0.71577
-0.36882 0.36320 0.69995 0.71419
-0.36820 0.36384 0.70157 0.71260
-0.36757 0.36448 0.70319 0.71101
-0.36694 0.36511 0.70480 0.70941
-0.36630 0.36575 0.70640 0.70781
-0.36567 0.36638 0.70801 0.70620
-0.36503 0.36701 0.70961 0.70460
-0.36440 0.36765 0.71120 0.70299
-0.36376 0.36827 0.71280 0.70137
-0.36312 0.36890 0.71439 0.69975
-0.36248 0.36953 0.71597 0.69813
-0.36183 0.37015 0.71755 0.69651
-0.36119 0.37078 0.71913 0.69488
-0.36054 0.37140 0.72070 0.69324
-0.35990 0.37202 0.72227 0.69161
-0.35925 0.37264 0.72384 0.68997
-0.35860 0.37326 0.72540 0.68833
-0.35795 0.37388 0.72696 0.68668
-0.35730 0.37449 0.72851 0.68503
-0.35664 0.37510 0.73006 0.68338
-0.35599 0.37572 0.73161 0.68173
-0.35533 0.37633 0.73315 0.68007
-0.35467 0.37694 0.73469 0.67841
-0.35401 0.37754 0.73622 0.67674
-0.35335 0.37815 0.73775 0.67507
-0.35269 0.37876 0.73928 0.67340
-0.35202 0.37936 0.74080 0.67173
-0.35136 0.37996 0.74231 0.67005
-0.35069 0.38056 0.74383 0.66837
-0.35002 0.38116 0.74534 0.66669
-0.34935 0.38176 0.74684 0.66500
-0.34868 0.38235 0.74834 0.66331
-0.34801 0.38295 0.74984 0.66162
-0.34734 0.38354 0.75133 0.65993
-0.34666 0.38413 0.75282 0.65823
-0.34598 0.38472 0.75430 0.65653
-0.34531 0.38531 0.75578 0.65483
-0.34463 0.38590 0.75725 0.65312
-0.34395 0.38649 0.75872 0.65141
-0.34326 0.38707 0.76019 0.64970
-0.34258 0.38765 0.76165 0.64799
-0.34189 0.38824 0.76311 0.64627
-0.34121 0.38882 0.76456 0.64455
-0.34052 0.38939 0.76601 0.64283
-0.33983 0.38997 0.76745 0.64111
-0.33914 0.39055 0.76889 0.63938
-0.33845 0.39112 0.77032 0.63765
-0.33776 0.39169 0.77175 0.63592
-0.33706 0.39226 0.77318 0.63419
-0.33636 0.39283 0.77460 0.63245
-0.33567 0.39340 0.77601 0.63072
-0.33497 0.39397 0.77742 0.62898
-0.33427 0.39453 0.77883 0.62723
-0.33357 0.39510 0.78023 0.62549
-0.33286 0.39566 0.78163 0.62374
-0.33216 0.39622 0.78302 0.62199
-0.33145 0.39678 0.78441 0.62024
-0.33075 0.39734 0.78579 0.61849
-0.33004 0.39789 0.78717 0.61673
-0.32933 0.39845 0.78854 0.61498
-0.32862 0.39900 0.78991 0.61322
-0.32790 0.39955 0.79128 0.61146
-0.32719 0.40010 0.79264 0.60969
-0.32648 0.40065 0.79399 0.60793
-0.32576 0.40120 0.79534 0.60616
-0.32504 0.40175 0.79669 0.60439
-0.32432 0.40229 0.79803 0.60262
-0.32360 0.40283 0.79936 0.60085
-0.32288 0.40338 0.80069 0.59908
-0.32216 0.40392 0.80202 0.59730
-0.32143 0.40445 0.80334 0.59553
-0.32071 0.40499 0.80465 0.59375
-0.31998 0.40553 0.80596 0.59197
-0.31925 0.40606 0.80727 0.59018
-0.31852 0.40659 0.80857 0.58840
-0.31779 0.40712 0.80986 0.58662
-0.31706 0.40765 0.81116 0.58483
-0.31632 0.40818 0.81244 0.58304
-0.31559 0.40871 0.81372 0.58125
-0.31485 0.40923 0.81500 0.57946
-0.31411 0.40976 0.81627 0.57767
-0.31337 0.41028 0.81754 0.57588
-0.31263 0.41080 0.81880 0.57408
-0.31189 0.41132 0.82005 0.57229
-0.31115 0.41184 0.82130 0.57049
-0.31040 0.41235 0.82255 0.56869
-0.30966 0.41287 0.82379 0.56689
-0.30891 0.41338 0.82503 0.56509
-0.30816 0.41389 0.82626 0.56329
-0.30741 0.41440 0.82748 0.56149
-0.30666 0.41491 0.82870 0.55969
-0.30591 0.41542 0.82992 0.55788
-0.30515 0.41592 0.83113 0.55608
-0.30440 0.41643 0.83234 0.55427
-0.30364 0.41693 0.83354 0.55246
-0.30288 0.41743 0.83473 0.55066
-0.30212 0.41793 0.83592 0.54885
-0.30136 0.41843 0.83711 0.54704
-0.30060 0.41892 0.83829 0.54523
-0.29984 0.41942 0.83946 0.54342
-0.29908 0.41991 0.84063 0.54160
-0.29831 0.42040 0.84180 0.53979
-0.29754 0.42089 0.84296 0.53798
-0.29678 0.42138 0.84411 0.53616
-0.29601 0.42187 0.84526 0.53435
-0.29524 0.42236 0.84641 0.53254
-0.29446 0.42284 0.84755 0.53072
-0.29369 0.42332 0.84868 0.52890
-0.29292 0.42380 0.84981 0.52709
-0.29214 0.42428 0.85094 0.52527
-0.29137 0.42476 0.85205 0.52345
-0.29059 0.42524 0.85317 0.52164
-0.28981 0.42571 0.85428 0.51982
-0.28903 0.42619 0.85538 0.51800
-0.28825 0.42666 0.85648 0.51618
-0.28746 0.42713 0.85757 0.51436
-0.28668 0.42760 0.85866 0.51254
-0.28589 0.42807 0.85975 0.51072
-0.28511 0.42853 0.86082 0.50890
-0.28432 0.42900 0.86190 0.50708
-0.28353 0.42946 0.86297 0.50526
-0.28274 0.42992 0.86403 0.50344
-0.28195 0.43038 0.86509 0.50162
-0.28115 0.43084 0.86614 0.49980
-0.28036 0.43130 0.86719 0.49798
-0.27956 0.43176 0.86823 0.49616
-0.27877 0.43221 0.86927 0.49434
-0.27797 0.43266 0.87030 0.49252
-0.27717 0.43311 0.87133 0.49070
-0.27637 0.43356 0.87235 0.48888
-0.27557 0.43401 0.87337 0.48706
-0.27477 0.43446 0.87438 0.48524
-0.27396 0.43490 0.87539 0.48342
-0.27316 0.43535 0.87639 0.48160
-0.27235 0.43579 0.87739 0.47978
-0.27154 0.43623 0.87838 0.47797
-0.27073 0.43667 0.87937 0.47615
-0.26992 0.43711 0.88035 0.47433
-0.26911 0.43754 0.88132 0.47251
-0.26830 0.43798 0.88230 0.47069
-0.26749 0.43841 0.88326 0.46888
-0.26667 0.43884 0.88423 0.46706
-0.26586 0.43927 0.88518 0.46524
-0.26504 0.43970 0.88614 0.46343
-0.26422 0.44013 0.88708 0.46161
-0.26340 0.44055 0.88802 0.45980
-0.26258 0.44097 0.88896 0.45798
-0.26176 0.44140 0.88989 0.45617
-0.26094 0.44182 0.89082 0.45435
-0.26011 0.44224 0.89174 0.45254
-0.25929 0.44265 0.89266 0.45073
-0.25846 0.44307 0.89357 0.44892
-0.25763 0.44349 0.89448 0.44711
-0.25681 0.44390 0.89538 0.44530
-0.25598 0.44431 0.89628 0.44349
-0.25514 0.44472 0.89717 0.44168
-0.25431 0.44513 0.89806 0.43987
-0.25348 0.44554 0.89894 0.43806
-0.25264 0.44594 0.89982 0.43626
-0.25181 0.44635 0.90070 0.43445
-0.25097 0.44675 0.90156 0.43264
-0.25013 0.44715 0.90243 0.43084
-0.24930 0.44755 0.90329 0.42904
-0.24846 0.44795 0.90414 0.42723
-0.24761 0.44834 0.90499 0.42543
-0.24677 0.44874 0.90583 0.42363
-0.24593 0.44913 0.90667 0.42183
-0.24508 0.44952 0.90751 0.42003
-0.24424 0.44991 0.90834 0.41823
-0.24339 0.45030 0.90916 0.41644
-0.24254 0.45069 0.90999 0.41464
-0.24170 0.45108 0.91080 0.41284
-0.24085 0.45146 0.91161 0.41105
-0.23999 0.45184 0.91242 0.40926
-0.23914 0.45222 0.91322 0.40747
-0.23829 0.45260 0.91402 0.40567
-0.23743 0.45298 0.91481 0.40388
-0.23658 0.45336 0.91560 0.40210
-0.23572 0.45373 0.91638 0.40031
-0.23487 0.45411 0.91716 0.39852
-0.23401 0.45448 0.91793 0.39674
-0.23315 0.45485 0.91870 0.39495
-0.23229 0.45522 0.91947 0.39317
-0.23142 0.45559 0.92023 0.39139
-0.23056 0.45595 0.92098 0.38961
-0.22970 0.45632 0.92173 0.38783
-0.22883 0.45668 0.92248 0.38605
-0.22797 0.45704 0.92322 0.38427
-0.22710 0.45740 0.92396 0.38249
-0.22623 0.45776 0.92469 0.38072
-0.22536 0.45812 0.92542 0.37895
-0.22449 0.45847 0.92614 0.37717
-0.22362 0.45883 0.92686 0.37540
-0.22275 0.45918 0.92758 0.37363
-0.22187 0.45953 0.92829 0.37187
-0.22100 0.45988 0.92899 0.37010
-0.22013 0.46023 0.92969 0.36833
-0.21925 0.46057 0.93039 0.36657
-0.21837 0.46092 0.93108 0.36481
-0.21749 0.46126 0.93177 0.36305
-0.21661 0.46160 0.93246 0.36129
-0.21573 0.46194 0.93313 0.35953
-0.21485 0.46228 0.93381 0.35777
-0.21397 0.46262 0.93448 0.35601
-0.21309 0.46295 0.93515 0.35426
-0.21220 0.46329 0.93581 0.35251
-0.21132 0.46362 0.93647 0.35076
-0.21043 0.46395 0.93712 0.34901
-0.20954 0.46428 0.93777 0.34726
-0.20865 0.46461 0.93842 0.34551
-0.20777 0.46494 0.93906 0.34376
-0.20688 0.46526 0.93969 0.34202
-0.20598 0.46558 0.94033 0.34028
-0.20509 0.46591 0.94095 0.33854
-0.20420 0.46623 0.94158 0.33680
-0.20330 0.46654 0.94220 0.33506
-0.20241 0.46686 0.94281 0.33332
-0.20151 0.46718 0.94342 0.33159
-0.20062 0.46749 0.94403 0.32985
-0.19972 0.46780 0.94464 0.32812
-0.19882 0.46812 0.94523 0.32639
-0.19792 0.46843 0.94583 0.32466
-0.19702 0.46873 0.94642 0.32294
-0.19612 0.46904 0.94701 0.32121
-0.19522 0.46935 0.94759 0.31949
-0.19431 0.46965 0.94817 0.31776
-0.19341 0.46995 0.94874 0.31604
-0.19250 0.47025 0.94932 0.31432
-0.19160 0.47055 0.94988 0.31261
-0.19069 0.47085 0.95045 0.31089
-0.18978 0.47115 0.95100 0.30918
-0.18887 0.47144 0.95156 0.30746
-0.18796 0.47173 0.95211 0.30575
-0.18705 0.47202 0.95266 0.30404
-0.18614 0.47231 0.95320 0.30233
-0.18523 0.47260 0.95374 0.30063
-0.18432 0.47289 0.95428 0.29892
-0.18340 0.47318 0.95481 0.29722
-0.18249 0.47346 0.95534 0.29552
-0.18157 0.47374 0.95586 0.29382
-0.18065 0.47402 0.95638 0.29212
-0.17974 0.47430 0.95690 0.29042
-0.17882 0.47458 0.95741 0.28873
-0.17790 0.47486 0.95792 0.28704
-0.17698 0.47513 0.95843 0.28534
-0.17606 0.47540 0.95893 0.28365
-0.17514 0.47568 0.95942 0.28197
-0.17421 0.47595 0.95992 0.28028
-0.17329 0.47621 0.96041 0.27859
-0.17237 0.47648 0.96090 0.27691
-0.17144 0.47675 0.96138 0.27523
-0.17052 0.47701 0.96186 0.27355
-0.16959 0.47727 0.96233 0.27187
-0.16866 0.47754 0.96281 0.27019
-0.16773 0.47780 0.96327 0.26852
-0.16680 0.47805 0.96374 0.26685
-0.16587 0.47831 0.96420 0.26517
-0.16494 0.47857 0.96466 0.26350
-0.16401 0.47882 0.96511 0.26184
-0.16308 0.47907 0.96556 0.26017
-0.16215 0.47932 0.96601 0.25850
-0.16121 0.47957 0.96645 0.25684
-0.16028 0.47982 0.96689 0.25518
-0.15934 0.48006 0.96733 0.25352
-0.15841 0.48031 0.96776 0.25186
-0.15747 0.48055 0.96819 0.25020
-0.15653 0.48079 0.96862 0.24855
-0.15559 0.48103 0.96904 0.24689
-0.15465 0.48127 0.96946 0.24524
-0.15371 0.48151 0.96988 0.24359
-0.15277 0.48174 0.97029 0.24194
-0.15183 0.48198 0.97070 0.24029
-0.15089 0.48221 0.97111 0.23865
-0.14995 0.48244 0.97151 0.23700
-0.14900 0.48267 0.97191 0.23536
-0.14806 0.48290 0.97230 0.23372
-0.14711 0.48312 0.97270 0.23208
-0.14617 0.48335 0.97309 0.23044
-0.14522 0.48357 0.97347 0.22881
-0.14428 0.48379 0.97385 0.22717
-0.14333 0.48401 0.97423 0.22554
-0.14238 0.48423 0.97461 0.22391
-0.14143 0.48445 0.97498 0.22228
-0.14048 0.48467 0.97535 0.22065
-0.13953 0.48488 0.97572 0.21903
-0.13858 0.48509 0.97608 0.21740
-0.13763 0.48530 0.97644 0.21578
-0.13667 0.48551 0.97680 0.21416
-0.13572 0.48572 0.97715 0.21254
-0.13477 0.48593 0.97750 0.21092
-0.13381 0.48613 0.97785 0.20930
-0.13286 0.48634 0.97820 0.20768
-0.13190 0.48654 0.97854 0.20607
-0.13094 0.48674 0.97888 0.20446
-0.12999 0.48694 0.97921 0.20285
-0.12903 0.48714 0.97954 0.20124
-0.12807 0.48733 0.97987 0.19963
-0.12711 0.48753 0.98020 0.19802
-0.12615 0.48772 0.98052 0.19642
-0.12519 0.48791 0.98084 0.19481
-0.12423 0.48810 0.98116 0.19321
-0.12327 0.48829 0.98147 0.19161
-0.12231 0.48848 0.98178 0.19001
-0.12135 0.48866 0.98209 0.18841
-0.12038 0.48885 0.98239 0.18682
-0.11942 0.48903 0.98270 0.18522
-0.11845 0.48921 0.98300 0.18363
-0.11749 0.48939 0.98329 0.18204
-0.11652 0.48957 0.98358 0.18045
-0.11556 0.48974 0.98387 0.17886
-0.11459 0.48992 0.98416 0.17727
-0.11362 0.49009 0.98445 0.17568
-0.11266 0.49026 0.98473 0.17410
-0.11169 0.49043 0.98501 0.17252
-0.11072 0.49060 0.98528 0.17093
-0.10975 0.49077 0.98556 0.16935
-0.10878 0.49094 0.98583 0.16777
-0.10781 0.49110 0.98609 0.16619
-0.10684 0.49126 0.98636 0.16462
-0.10587 0.49143 0.98662 0.16304
-0.10489 0.49159 0.98688 0.16147
-0.10392 0.49174 0.98713 0.15990
-0.10295 0.49190 0.98739 0.15832
-0.10197 0.49206 0.98764 0.15675
-0.10100 0.49221 0.98789 0.15518
-0.10003 0.49236 0.98813 0.15362
-0.09905 0.49251 0.98837 0.15205
-0.09808 0.49266 0.98861 0.15049
-0.09710 0.49281 0.98885 0.14892
-0.09612 0.49296 0.98908 0.14736
-0.09515 0.49310 0.98931 0.14580
-0.09417 0.49324 0.98954 0.14424
-0.09319 0.49339 0.98977 0.14268
-0.09221 0.49353 0.98999 0.14112
-0.09123 0.49366 0.99021 0.13956
-0.09025 0.49380 0.99043 0.13801
-0.08927 0.49394 0.99065 0.13645
-0.08829 0.49407 0.99086 0.13490
-0.08731 0.49420 0.99107 0.13335
-0.08633 0.49434 0.99128 0.13180
-0.08535 0.49447 0.99148 0.13025
-0.08437 0.49459 0.99168 0.12870
-0.08339 0.49472 0.99188 0.12715
-0.08240 0.49485 0.99208 0.12560
-0.08142 0.49497 0.99228 0.12406
-0.08044 0.49509 0.99247 0.12251
-0.07945 0.49521 0.99266 0.12097
-0.07847 0.49533 0.99284 0.11943
-0.07748 0.49545 0.99303 0.11789
-0.07650 0.49557 0.99321 0.11635
-0.07551 0.49568 0.99339 0.11481
-0.07453 0.49579 0.99356 0.11327
-0.07354 0.49591 0.99374 0.11173
-0.07255 0.49602 0.99391 0.11019
-0.07157 0.49612 0.99408 0.10866
-0.07058 0.49623 0.99425 0.10712
-0.06959 0.49634 0.99441 0.10559
-0.06860 0.49644 0.99457 0.10406
-0.06762 0.49654 0.99473 0.10253
-0.06663 0.49664 0.99489 0.10100
-0.06564 0.49674 0.99504 0.09947
-0.06465 0.49684 0.99519 0.09794
-0.06366 0.49694 0.99534 0.09641
-0.06267 0.49703 0.99549 0.09488
-0.06168 0.49713 0.99563 0.09335
-0.06069 0.49722 0.99577 0.09183
-0.05970 0.49731 0.99591 0.09030
-0.05871 0.49740 0.99605 0.08878
-0.05771 0.49749 0.99619 0.08726
-0.05672 0.49757 0.99632 0.08573
-0.05573 0.49766 0.99645 0.08421
-0.05474 0.49774 0.99658 0.08269
-0.05375 0.49782 0.99670 0.08117
-0.05275 0.49790 0.99682 0.07965
-0.05176 0.49798 0.99694 0.07813
-0.05077 0.49806 0.99706 0.07662
-0.04977 0.49813 0.99718 0.07510
-0.04878 0.49821 0.99729 0.07358
-0.04778 0.49828 0.99740 0.07206
-0.04679 0.49835 0.99751 0.07055
-0.04579 0.49842 0.99761 0.06903
-0.04480 0.49849 0.99772 0.06752
-0.04380 0.49856 0.99782 0.06601
-0.04281 0.49862 0.99792 0.06449
-0.04181 0.49868 0.99801 0.06298
-0.04082 0.49875 0.99811 0.06147
-0.03982 0.49881 0.99820 0.05996
-0.03883 0.49887 0.99829 0.05845
-0.03783 0.49892 0.99838 0.05694
-0.03683 0.49898 0.99846 0.05543
-0.03584 0.49903 0.99855 0.05392
-0.03484 0.49909 0.99863 0.05241
-0.03384 0.49914 0.99870 0.05090
-0.03285 0.49919 0.99878 0.04939
-0.03185 0.49924 0.99885 0.04789
-0.03085 0.49928 0.99892 0.04638
-0.02985 0.49933 0.99899 0.04487
-0.02886 0.49937 0.99906 0.04337
-0.02786 0.49942 0.99912 0.04186
-0.02686 0.49946 0.99919 0.04036
-0.02586 0.49950 0.99924 0.03885
-0.02486 0.49954 0.99930 0.03735
-0.02386 0.49957 0.99936 0.03584
-0.02287 0.49961 0.99941 0.03434
-0.02187 0.49964 0.99946 0.03284
-0.02087 0.49967 0.99951 0.03133
-0.01987 0.49970 0.99955 0.02983
-0.01887 0.49973 0.99960 0.02833
-0.01787 0.49976 0.99964 0.02683
-0.01687 0.49979 0.99968 0.02532
-0.01587 0.49981 0.99972 0.02382
-0.01487 0.49983 0.99975 0.02232
-0.01387 0.49986 0.99978 0.02082
-0.01287 0.49988 0.99981 0.01932
-0.01187 0.49989 0.99984 0.01782
-0.01087 0.49991 0.99987 0.01632
-0.00987 0.49993 0.99989 0.01481
-0.00887 0.49994 0.99991 0.01331
-0.00787 0.49995 0.99993 0.01181
-0.00687 0.49996 0.99995 0.01031
-0.00588 0.49997 0.99996 0.00881
-0.00488 0.49998 0.99997 0.00731
-0.00388 0.49999 0.99998 0.00581
-0.00288 0.49999 0.99999 0.00431
-0.00188 0.50000 1.00000 0.00281
-0.00088 0.50000 1.00000 0.00131
0.00012 0.50000 1.00000 -0.00019
0.00112 0.50000 1.00000 -0.00169
0.00212 0.50000 0.99999 -0.00319
0.00312 0.49999 0.99999 -0.00469
0.00412 0.49999 0.99998 -0.00619
0.00512 0.49998 0.99997 -0.00769
0.00612 0.49997 0.99996 -0.00919
0.00712 0.49996 0.99994 -0.01069
0.00812 0.49995 0.99993 -0.01219
0.00912 0.49994 0.99991 -0.01369
0.01012 0.49992 0.99988 -0.01519
0.01112 0.49991 0.99986 -0.01669
0.01212 0.49989 0.99983 -0.01819
0.01312 0.49987 0.99981 -0.01969
0.01412 0.49985 0.99978 -0.02119
0.01512 0.49983 0.99974 -0.02270
0.01612 0.49980 0.99971 -0.02420
0.01712 0.49978 0.99967 -0.02570
0.01812 0.49975 0.99963 -0.02720
0.01912 0.49973 0.99959 -0.02870
0.02012 0.49970 0.99954 -0.03021
0.02112 0.49967 0.99950 -0.03171
0.02212 0.49963 0.99945 -0.03321
0.02311 0.49960 0.99940 -0.03472
0.02411 0.49956 0.99934 -0.03622
0.02511 0.49953 0.99929 -0.03772
0.02611 0.49949 0.99923 -0.03923
0.02711 0.49945 0.99917 -0.04073
0.02811 0.49941 0.99911 -0.04224
0.02910 0.49936 0.99904 -0.04374
0.03010 0.49932 0.99898 -0.04525
0.03110 0.49927 0.99891 -0.04676
0.03210 0.49923 0.99883 -0.04826
0.03309 0.49918 0.99876 -0.04977
0.03409 0.49913 0.99868 -0.05128
0.03509 0.49907 0.99861 -0.05279
0.03609 0.49902 0.99852 -0.05430
0.03708 0.49897 0.99844 -0.05581
0.03808 0.49891 0.99836 -0.05731
0.03907 0.49885 0.99827 -0.05883
0.04007 0.49879 0.99818 -0.06034
0.04107 0.49873 0.99809 -0.06185
0.04206 0.49867 0.99799 -0.06336
0.04306 0.49860 0.99789 -0.06487
0.04405 0.49854 0.99779 -0.06638
0.04505 0.49847 0.99769 -0.06790
0.04604 0.49840 0.99759 -0.06941
0.04704 0.49833 0.99748 -0.07093
0.04803 0.49826 0.99737 -0.07244
0.04903 0.49819 0.99726 -0.07396
0.05002 0.49812 0.99715 -0.07548
0.05101 0.49804 0.99703 -0.07699
0.05201 0.49796 0.99691 -0.07851
0.05300 0.49788 0.99679 -0.08003
0.05399 0.49780 0.99667 -0.08155
0.05499 0.49772 0.99654 -0.08307
0.05598 0.49764 0.99642 -0.08459
0.05697 0.49755 0.99629 -0.08611
0.05796 0.49747 0.99615 -0.08764
0.05895 0.49738 0.99602 -0.08916
0.05994 0.49729 0.99588 -0.09068
0.06094 0.49720 0.99574 -0.09221
0.06193 0.49710 0.99560 -0.09374
0.06292 0.49701 0.99545 -0.09526
0.06391 0.49691 0.99530 -0.09679
0.06490 0.49682 0.99516 -0.09832
0.06588 0.49672 0.99500 -0.09985
0.06687 0.49662 0.99485 -0.10138
0.06786 0.49652 0.99469 -0.10291
0.06885 0.49641 0.99453 -0.10444
0.06984 0.49631 0.99437 -0.10597
0.07083 0.49620 0.99420 -0.10751
0.07181 0.49610 0.99404 -0.10904
0.07280 0.49599 0.99387 -0.11058
0.07379 0.49588 0.99370 -0.11211
0.07477 0.49577 0.99352 -0.11365
0.07576 0.49565 0.99334 -0.11519
0.07674 0.49554 0.99316 -0.11673
0.07773 0.49542 0.99298 -0.11827
0.07871 0.49530 0.99280 -0.11981
0.07970 0.49518 0.99261 -0.12135
0.08068 0.49506 0.99242 -0.12290
0.08167 0.49494 0.99223 -0.12444
0.08265 0.49481 0.99203 -0.12599
0.08363 0.49469 0.99183 -0.12754
0.08461 0.49456 0.99163 -0.12908
0.08560 0.49443 0.99143 -0.13063
0.08658 0.49430 0.99123 -0.13218
0.08756 0.49417 0.99102 -0.13373
0.08854 0.49404 0.99081 -0.13529
0.08952 0.49390 0.99059 -0.13684
0.09050 0.49377 0.99038 -0.13840
0.09148 0.49363 0.99016 -0.13995
0.09246 0.49349 0.98994 -0.14151
0.09343 0.49335 0.98971 -0.14307
0.09441 0.49321 0.98949 -0.14463
0.09539 0.49306 0.98926 -0.14619
0.09637 0.49292 0.98902 -0.14775
0.09734 0.49277 0.98879 -0.14931
0.09832 0.49262 0.98855 -0.15088
0.09929 0.49248 0.98831 -0.15244
0.10027 0.49232 0.98807 -0.15401
0.10124 0.49217 0.98782 -0.15558
0.10222 0.49202 0.98758 -0.15715
0.10319 0.49186 0.98732 -0.15872
0.10416 0.49170 0.98707 -0.16029
0.10514 0.49155 0.98681 -0.16186
0.10611 0.49139 0.98655 -0.16344
0.10708 0.49122 0.98629 -0.16501
0.10805 0.49106 0.98603 -0.16659
0.10902 0.49090 0.98576 -0.16817
0.10999 0.49073 0.98549 -0.16975
0.11096 0.49056 0.98521 -0.17133
0.11193 0.49039 0.98494 -0.17291
0.11290 0.49022 0.98466 -0.17449
0.11387 0.49005 0.98438 -0.17608
0.11483 0.48988 0.98409 -0.17767
0.11580 0.48970 0.98380 -0.17925
0.11677 0.48952 0.98351 -0.18084
0.11773 0.48935 0.98322 -0.18244
0.11870 0.48917 0.98292 -0.18403
0.11966 0.48898 0.98262 -0.18562
0.12062 0.48880 0.98232 -0.18722
0.12159 0.48862 0.98201 -0.18881
0.12255 0.48843 0.98170 -0.19041
0.12351 0.48824 0.98139 -0.19201
0.12447 0.48805 0.98108 -0.19361
0.12543 0.48786 0.98076 -0.19521
0.12639 0.48767 0.98044 -0.19682
0.12735 0.48748 0.98012 -0.19842
0.12831 0.48728 0.97979 -0.20003
0.12927 0.48709 0.97946 -0.20164
0.13023 0.48689 0.97913 -0.20325
0.13118 0.48669 0.97879 -0.20486
0.13214 0.48649 0.97845 -0.20647
0.13310 0.48629 0.97811 -0.20809
0.13405 0.48608 0.97777 -0.20970
0.13501 0.48588 0.97742 -0.21132
0.13596 0.48567 0.97707 -0.21294
0.13691 0.48546 0.97671 -0.21456
0.13786 0.48525 0.97635 -0.21618
0.13882 0.48504 0.97599 -0.21781
0.13977 0.48483 0.97563 -0.21943
0.14072 0.48461 0.97526 -0.22106
0.14167 0.48440 0.97489 -0.22269
0.14262 0.48418 0.97452 -0.22432
0.14356 0.48396 0.97414 -0.22595
0.14451 0.48374 0.97376 -0.22758
0.14546 0.48352 0.97338 -0.22922
0.14641 0.48329 0.97299 -0.23085
0.14735 0.48307 0.97260 -0.23249
0.14830 0.48284 0.97221 -0.23413
0.14924 0.48261 0.97181 -0.23577
0.15018 0.48238 0.97141 -0.23741
0.15113 0.48215 0.97101 -0.23906
0.15207 0.48192 0.97060 -0.24070
0.15301 0.48168 0.97019 -0.24235
0.15395 0.48145 0.96977 -0.24400
0.15489 0.48121 0.96936 -0.24565
0.15583 0.48097 0.96894 -0.24731
0.15677 0.48073 0.96851 -0.24896
0.15770 0.48049 0.96809 -0.25062
0.15864 0.48025 0.96766 -0.25227
0.15958 0.48000 0.96722 -0.25393
0.16051 0.47976 0.96678 -0.25559
0.16145 0.47951 0.96634 -0.25725
0.16238 0.47926 0.96590 -0.25892
0.16331 0.47901 0.96545 -0.26058
0.16424 0.47876 0.96500 -0.26225
0.16518 0.47850 0.96454 -0.26392
0.16611 0.47825 0.96409 -0.26559
0.16704 0.47799 0.96362 -0.26726
0.16796 0.47773 0.96316 -0.26894
0.16889 0.47747 0.96269 -0.27061
0.16982 0.47721 0.96222 -0.27229
0.17075 0.47695 0.96174 -0.27397
0.17167 0.47668 0.96126 -0.27565
0.17260 0.47642 0.96077 -0.27733
0.17352 0.47615 0.96029 -0.27902
0.17444 0.47588 0.95980 -0.28070
0.17537 0.47561 0.95930 -0.28239
0.17629 0.47534 0.95880 -0.28408
0.17721 0.47506 0.95830 -0.28577
0.17813 0.47479 0.95779 -0.28746
0.17905 0.47451 0.95728 -0.28915
0.17997 0.47423 0.95677 -0.29085
0.18088 0.47395 0.95625 -0.29254
0.18180 0.47367 0.95573 -0.29424
0.18272 0.47339 0.95521 -0.29594
0.18363 0.47310 0.95468 -0.29765
0.18454 0.47282 0.95414 -0.29935
0.18546 0.47253 0.95361 -0.30105
0.18637 0.47224 0.95307 -0.30276
0.18728 0.47195 0.95252 -0.30447
0.18819 0.47166 0.95197 -0.30618
0.18910 0.47137 0.95142 -0.30789
0.19001 0.47107 0.95087 -0.30960
0.19092 0.47077 0.95031 -0.31132
0.19182 0.47048 0.94974 -0.31304
0.19273 0.47018 0.94917 -0.31475
0.19363 0.46988 0.94860 -0.31647
0.19454 0.46957 0.94803 -0.31819
0.19544 0.46927 0.94745 -0.31992
0.19634 0.46896 0.94686 -0.32164
0.19724 0.46866 0.94627 -0.32337
0.19815 0.46835 0.94568 -0.32509
0.19904 0.46804 0.94509 -0.32682
0.19994 0.46773 0.94448 -0.32855
0.20084 0.46741 0.94388 -0.33029
0.20174 0.46710 0.94327 -0.33202
0.20263 0.46678 0.94266 -0.33376
0.20353 0.46647 0.94204 -0.33549
0.20442 0.46615 0.94142 -0.33723
0.20531 0.46583 0.94080 -0.33897
0.20621 0.46550 0.94017 -0.34071
0.20710 0.46518 0.93953 -0.34246
0.20799 0.46485 0.93890 -0.34420
0.20888 0.46453 0.93825 -0.34595
0.20976 0.46420 0.93761 -0.34769
0.21065 0.46387 0.93696 -0.34944
0.21154 0.46354 0.93630 -0.35119
0.21242 0.46320 0.93564 -0.35294
0.21331 0.46287 0.93498 -0.35470
0.21419 0.46253 0.93431 -0.35645
0.21507 0.46220 0.93364 -0.35821
0.21595 0.46186 0.93297 -0.35997
0.21683 0.46152 0.93229 -0.36172
0.21771 0.46117 0.93160 -0.36348
0.21859 0.46083 0.93091 -0.36525
0.21947 0.46049 0.93022 -0.36701
0.22034 0.46014 0.92952 -0.36877
0.22122 0.45979 0.92882 -0.37054
0.22209 0.45944 0.92811 -0.37231
0.22297 0.45909 0.92740 -0.37408
0.22384 0.45874 0.92668 -0.37585
0.22471 0.45838 0.92596 -0.37762
0.22558 0.45803 0.92524 -0.37939
0.22645 0.45767 0.92451 -0.38116
0.22732 0.45731 0.92377 -0.38294
0.22818 0.45695 0.92304 -0.38471
0.22905 0.45659 0.92229 -0.38649
0.22991 0.45623 0.92155 -0.38827
0.23078 0.45586 0.92079 -0.39005
0.23164 0.45549 0.92004 -0.39183
0.23250 0.45513 0.91928 -0.39361
0.23336 0.45476 0.91851 -0.39540
0.23422 0.45439 0.91774 -0.39718
0.23508 0.45401 0.91697 -0.39897
0.23594 0.45364 0.91619 -0.40075
0.23679 0.45326 0.91540 -0.40254
0.23765 0.45289 0.91461 -0.40433
0.23850 0.45251 0.91382 -0.40612
0.23936 0.45213 0.91302 -0.40791
0.24021 0.45175 0.91222 -0.40971
0.24106 0.45136 0.91141 -0.41150
0.24191 0.45098 0.91060 -0.41329
0.24276 0.45059 0.90978 -0.41509
0.24360 0.45021 0.90896 -0.41688
0.24445 0.44982 0.90813 -0.41868
0.24530 0.44943 0.90730 -0.42048
0.24614 0.44903 0.90647 -0.42228
0.24698 0.44864 0.90562 -0.42408
0.24782 0.44824 0.90478 -0.42588
0.24867 0.44785 0.90393 -0.42768
0.24951 0.44745 0.90307 -0.42949
0.25034 0.44705 0.90221 -0.43129
0.25118 0.44665 0.90135 -0.43309
0.25202 0.44624 0.90048 -0.43490
0.25285 0.44584 0.89960 -0.43671
0.25369 0.44543 0.89872 -0.43851
0.25452 0.44503 0.89784 -0.44032
0.25535 0.44462 0.89695 -0.44213
0.25618 0.44421 0.89606 -0.44394
0.25701 0.44380 0.89516 -0.44575
0.25784 0.44338 0.89425 -0.44756
0.25867 0.44297 0.89335 -0.44937
0.25949 0.44255 0.89243 -0.45118
0.26032 0.44213 0.89151 -0.45299
0.26114 0.44171 0.89059 -0.45481
0.26197 0.44129 0.88966 -0.45662
0.26279 0.44087 0.88873 -0.45844
0.26361 0.44044 0.88779 -0.46025
0.26443 0.44002 0.88685 -0.46206
0.26524 0.43959 0.88590 -0.46388
0.26606 0.43916 0.88494 -0.46570
0.26688 0.43873 0.88399 -0.46751
0.26769 0.43830 0.88302 -0.46933
0.26850 0.43787 0.88205 -0.47115
0.26932 0.43743 0.88108 -0.47296
0.27013 0.43700 0.88010 -0.47478
0.27094 0.43656 0.87912 -0.47660
0.27174 0.43612 0.87813 -0.47842
0.27255 0.43568 0.87714 -0.48024
0.27336 0.43524 0.87614 -0.48206
0.27416 0.43479 0.87514 -0.48388
0.27497 0.43435 0.87413 -0.48570
0.27577 0.43390 0.87311 -0.48752
0.27657 0.43345 0.87210 -0.48934
0.27737 0.43300 0.87107 -0.49116
0.27817 0.43255 0.87004 -0.49298
0.27897 0.43210 0.86901 -0.49480
0.27976 0.43164 0.86797 -0.49662
0.28056 0.43119 0.86693 -0.49844
0.28135 0.43073 0.86588 -0.50026
0.28214 0.43027 0.86482 -0.50208
0.28294 0.42981 0.86376 -0.50390
0.28373 0.42935 0.86270 -0.50572
0.28451 0.42888 0.86163 -0.50754
0.28530 0.42842 0.86056 -0.50936
0.28609 0.42795 0.85948 -0.51118
0.28687 0.42748 0.85839 -0.51300
0.28766 0.42701 0.85730 -0.51482
0.28844 0.42654 0.85621 -0.51663
0.28922 0.42607 0.85511 -0.51845
0.29000 0.42560 0.85400 -0.52027
0.29078 0.42512 0.85289 -0.52209
0.29156 0.42464 0.85178 -0.52391
0.29234 0.42416 0.85066 -0.52572
0.29311 0.42368 0.84953 -0.52754
0.29389 0.42320 0.84840 -0.52936
0.29466 0.42272 0.84726 -0.53117
0.29543 0.42223 0.84612 -0.53299
0.29620 0.42175 0.84498 -0.53480
0.29697 0.42126 0.84383 -0.53662
0.29774 0.42077 0.84267 -0.53843
0.29850 0.42028 0.84151 -0.54024
0.29927 0.41979 0.84034 -0.54206
0.30003 0.41929 0.83917 -0.54387
0.30079 0.41880 0.83799 -0.54568
0.30155 0.41830 0.83681 -0.54749
0.30231 0.41780 0.83563 -0.54930
0.30307 0.41730 0.83443 -0.55111
0.30383 0.41680 0.83324 -0.55292
0.30459 0.41630 0.83204 -0.55472
0.30534 0.41580 0.83083 -0.55653
0.30609 0.41529 0.82962 -0.55833
0.30685 0.41478 0.82840 -0.56014
0.30760 0.41427 0.82718 -0.56194
0.30835 0.41376 0.82595 -0.56374
0.30909 0.41325 0.82472 -0.56554
0.30984 0.41274 0.82348 -0.56734
0.31059 0.41222 0.82224 -0.56914
0.31133 0.41171 0.82099 -0.57094
0.31207 0.41119 0.81974 -0.57274
0.31282 0.41067 0.81848 -0.57453
0.31356 0.41015 0.81722 -0.57633
0.31430 0.40963 0.81595 -0.57812
0.31503 0.40910 0.81468 -0.57991
0.31577 0.40858 0.81340 -0.58170
0.31650 0.40805 0.81212 -0.58349
0.31724 0.40752 0.81083 -0.58528
0.31797 0.40699 0.80954 -0.58706
0.31870 0.40646 0.80824 -0.58885
0.31943 0.40593 0.80694 -0.59063
0.32016 0.40539 0.80564 -0.59241
0.32089 0.40486 0.80432 -0.59419
0.32161 0.40432 0.80301 -0.59597
0.32234 0.40378 0.80169 -0.59775
0.32306 0.40324 0.80036 -0.59952
0.32378 0.40270 0.79903 -0.60129
0.32450 0.40216 0.79769 -0.60307
0.32522 0.40161 0.79635 -0.60484
0.32594 0.40106 0.79500 -0.60660
0.32665 0.40052 0.79365 -0.60837
0.32737 0.39997 0.79230 -0.61013
0.32808 0.39942 0.79094 -0.61190
0.32879 0.39886 0.78957 -0.61366
0.32951 0.39831 0.78820 -0.61542
0.33022 0.39776 0.78683 -0.61717
0.33092 0.39720 0.78545 -0.61893
0.33163 0.39664 0.78406 -0.62068
0.33234 0.39608 0.78267 -0.62243
0.33304 0.39552 0.78128 -0.62418
0.33374 0.39496 0.77988 -0.62593
0.33444 0.39439 0.77848 -0.62767
0.33514 0.39383 0.77707 -0.62941
0.33584 0.39326 0.77566 -0.63115
0.33654 0.39269 0.77424 -0.63289
0.33723 0.39212 0.77282 -0.63462
0.33793 0.39155 0.77140 -0.63636
0.33862 0.39098 0.76996 -0.63809
0.33931 0.39040 0.76853 -0.63981
0.34000 0.38983 0.76709 -0.64154
0.34069 0.38925 0.76565 -0.64326
0.34138 0.38867 0.76420 -0.64498
0.34207 0.38809 0.76274 -0.64670
0.34275 0.38751 0.76129 -0.64842
0.34343 0.38693 0.75982 -0.65013
0.34412 0.38634 0.75836 -0.65184
0.34480 0.38575 0.75689 -0.65355
0.34548 0.38517 0.75541 -0.65525
0.34615 0.38458 0.75393 -0.65695
0.34683 0.38399 0.75245 -0.65865
0.34750 0.38339 0.75096 -0.66035
0.34818 0.38280 0.74946 -0.66204
0.34885 0.38221 0.74797 -0.66374
0.34952 0.38161 0.74647 -0.66542
0.35019 0.38101 0.74496 -0.66711
0.35086 0.38041 0.74345 -0.66879
0.35152 0.37981 0.74194 -0.67047
0.35219 0.37921 0.74042 -0.67215
0.35285 0.37861 0.73890 -0.67382
0.35351 0.37800 0.73737 -0.67549
0.35418 0.37739 0.73584 -0.67716
0.35484 0.37678 0.73430 -0.67882
0.35549 0.37618 0.73276 -0.68048
0.35615 0.37556 0.73122 -0.68214
0.35680 0.37495 0.72967 -0.68379
0.35746 0.37434 0.72812 -0.68545
0.35811 0.37372 0.72657 -0.68709
0.35876 0.37311 0.72501 -0.68874
0.35941 0.37249 0.72345 -0.69038
0.36006 0.37187 0.72188 -0.69202
0.36071 0.37125 0.72031 -0.69365
0.36135 0.37062 0.71874 -0.69528
0.36199 0.37000 0.71716 -0.69691
0.36264 0.36937 0.71557 -0.69854
0.36328 0.36875 0.71399 -0.70016
0.36392 0.36812 0.71240 -0.70177
0.36456 0.36749 0.71081 -0.70339
0.36519 0.36686 0.70921 -0.70500
0.36583 0.36622 0.70761 -0.70661
0.36646 0.36559 0.70600 -0.70821
0.36709 0.36495 0.70440 -0.70981
0.36772 0.36432 0.70278 -0.71140
0.36835 0.36368 0.70117 -0.71299
0.36898 0.36304 0.69955 -0.71458
0.36961 0.36240 0.69793 -0.71617
0.37023 0.36175 0.69630 -0.71775
0.37086 0.36111 0.69467 -0.71933
0.37148 0.36046 0.69304 -0.72090
0.37210 0.35982 0.69141 -0.72247
0.37272 0.35917 0.68977 -0.72403
0.37334 0.35852 0.68812 -0.72559
0.37395 0.35787 0.68648 -0.72715
0.37457 0.35721 0.68483 -0.72870
0.37518 0.35656 0.68318 -0.73025
0.37579 0.35590 0.68152 -0.73180
0.37640 0.35525 0.67986 -0.73334
0.37701 0.35459 0.67820 -0.73488
0.37762 0.35393 0.67653 -0.73641
0.37823 0.35327 0.67487 -0.73794
0.37883 0.35260 0.67319 -0.73947
0.37943 0.35194 0.67152 -0.74099
0.38004 0.35127 0.66984 -0.74250
0.38064 0.35061 0.66816 -0.74402
0.38124 0.34994 0.66648 -0.74552
0.38183 0.34927 0.66479 -0.74703
0.38243 0.34860 0.66310 -0.74853
0.38302 0.34793 0.66141 -0.75002
0.38362 0.34725 0.65972 -0.75152
0.38421 0.34658 0.65802 -0.75300
0.38480 0.34590 0.65632 -0.75448
0.38539 0.34522 0.65461 -0.75596
0.38597 0.34454 0.65291 -0.75744
0.38656 0.34386 0.65120 -0.75891
0.38714 0.34318 0.64949 -0.76037
0.38773 0.34249 0.64777 -0.76183
0.38831 0.34181 0.64606 -0.76329
0.38889 0.34112 0.64434 -0.76474
0.38947 0.34043 0.64262 -0.76619
0.39004 0.33975 0.64089 -0.76763
0.39062 0.33905 0.63917 -0.76907
0.39119 0.33836 0.63744 -0.77050
0.39176 0.33767 0.63571 -0.77193
0.39234 0.33697 0.63397 -0.77335
0.39291 0.33628 0.63224 -0.77477
0.39347 0.33558 0.63050 -0.77619
0.39404 0.33488 0.62876 -0.77760
0.39460 0.33418 0.62702 -0.77901
0.39517 0.33348 0.62527 -0.78041
0.39573 0.33278 0.62352 -0.78180
0.39629 0.33207 0.62178 -0.78320
0.39685 0.33137 0.62002 -0.78458
0.39741 0.33066 0.61827 -0.78597
0.39796 0.32995 0.61652 -0.78734
0.39852 0.32924 0.61476 -0.78872
0.39907 0.32853 0.61300 -0.79008
0.39962 0.32782 0.61124 -0.79145
0.40017 0.32710 0.60947 -0.79281
0.40072 0.32639 0.60771 -0.79416
0.40127 0.32567 0.60594 -0.79551
0.40181 0.32495 0.60417 -0.79685
0.40236 0.32423 0.60240 -0.79819
0.40290 0.32351 0.60063 -0.79953
0.40344 0.32279 0.59886 -0.80086
0.40398 0.32207 0.59708 -0.80218
0.40452 0.32134 0.59530 -0.80350
0.40506 0.32061 0.59352 -0.80482
0.40559 0.31989 0.59174 -0.80613
0.40613 0.31916 0.58996 -0.80743
0.40666 0.31843 0.58818 -0.80873
0.40719 0.31770 0.58639 -0.81003
0.40772 0.31696 0.58461 -0.81132
0.40825 0.31623 0.58282 -0.81260
0.40877 0.31549 0.58103 -0.81388
0.40930 0.31476 0.57924 -0.81516
0.40982 0.31402 0.57745 -0.81643
0.41034 0.31328 0.57565 -0.81769
0.41086 0.31254 0.57386 -0.81895
0.41138 0.31180 0.57206 -0.82021
0.41190 0.31105 0.57027 -0.82146
0.41242 0.31031 0.56847 -0.82270
0.41293 0.30956 0.56667 -0.82395
0.41344 0.30881 0.56487 -0.82518
0.41395 0.30807 0.56307 -0.82641
0.41446 0.30732 0.56127 -0.82764
0.41497 0.30656 0.55946 -0.82886
0.41548 0.30581 0.55766 -0.83007
0.41598 0.30506 0.55585 -0.83128
0.41649 0.30430 0.55405 -0.83249
0.41699 0.30355 0.55224 -0.83369
0.41749 0.30279 0.55043 -0.83488
0.41799 0.30203 0.54862 -0.83607
0.41849 0.30127 0.54681 -0.83726
0.41898 0.30051 0.54500 -0.83844
0.41948 0.29974 0.54319 -0.83961
0.41997 0.29898 0.54138 -0.84078
0.42046 0.29822 0.53957 -0.84194
0.42095 0.29745 0.53775 -0.84310
0.42144 0.29668 0.53594 -0.84426
0.42193 0.29591 0.53412 -0.84541
0.42242 0.29514 0.53231 -0.84655
0.42290 0.29437 0.53049 -0.84769
0.42338 0.29360 0.52868 -0.84882
0.42386 0.29282 0.52686 -0.84995
0.42434 0.29205 0.52504 -0.85108
0.42482 0.29127 0.52323 -0.85219
0.42530 0.29049 0.52141 -0.85331
0.42577 0.28971 0.51959 -0.85442
0.42625 0.28893 0.51777 -0.85552
0.42672 0.28815 0.51595 -0.85662
0.42719 0.28736 0.51413 -0.85771
0.42766 0.28658 0.51231 -0.85880
0.42813 0.28579 0.51050 -0.85988
0.42859 0.28501 0.50868 -0.86096
0.42906 0.28422 0.50686 -0.86203
0.42952 0.28343 0.50504 -0.86310
0.42998 0.28264 0.50322 -0.86416
0.43044 0.28185 0.50140 -0.86522
0.43090 0.28105 0.49958 -0.86627
0.43136 0.28026 0.49776 -0.86732
0.43181 0.27946 0.49594 -0.86836
0.43227 0.27867 0.49412 -0.86940
0.43272 0.27787 0.49229 -0.87043
0.43317 0.27707 0.49047 -0.87146
0.43362 0.27627 0.48865 -0.87248
0.43407 0.27547 0.48684 -0.87349
0.43451 0.27467 0.48502 -0.87451
0.43496 0.27386 0.48320 -0.87551
0.43540 0.27306 0.48138 -0.87651
0.43584 0.27225 0.47956 -0.87751
0.43628 0.27144 0.47774 -0.87850
0.43672 0.27063 0.47592 -0.87949
0.43716 0.26982 0.47410 -0.88047
0.43760 0.26901 0.47228 -0.88145
0.43803 0.26820 0.47047 -0.88242
0.43846 0.26739 0.46865 -0.88338
0.43889 0.26657 0.46683 -0.88435
0.43932 0.26576 0.46502 -0.88530
0.43975 0.26494 0.46320 -0.88625
0.44018 0.26412 0.46139 -0.88720
0.44060 0.26330 0.45957 -0.88814
0.44103 0.26248 0.45776 -0.88908
0.44145 0.26166 0.45594 -0.89001
0.44187 0.26083 0.45413 -0.89094
0.44229 0.26001 0.45232 -0.89186
0.44271 0.25918 0.45050 -0.89277
0.44312 0.25836 0.44869 -0.89369
0.44354 0.25753 0.44688 -0.89459
0.44395 0.25670 0.44507 -0.89550
0.44436 0.25587 0.44326 -0.89639
0.44477 0.25504 0.44145 -0.89728
0.44518 0.25421 0.43964 -0.89817
0.44559 0.25338 0.43784 -0.89905
0.44599 0.25254 0.43603 -0.89993
0.44640 0.25170 0.43422 -0.90080
0.44680 0.25087 0.43242 -0.90167
0.44720 0.25003 0.43061 -0.90254
0.44760 0.24919 0.42881 -0.90339
0.44800 0.24835 0.42701 -0.90425
0.44839 0.24751 0.42521 -0.90510
0.44879 0.24667 0.42341 -0.90594
0.44918 0.24582 0.42161 -0.90678
0.44957 0.24498 0.41981 -0.90761
0.44996 0.24413 0.41801 -0.90844
0.45035 0.24329 0.41621 -0.90927
0.45074 0.24244 0.41442 -0.91009
0.45112 0.24159 0.41262 -0.91090
0.45151 0.24074 0.41083 -0.91171
0.45189 0.23989 0.40903 -0.91252
0.45227 0.23904 0.40724 -0.91332
0.45265 0.23818 0.40545 -0.91412
0.45303 0.23733 0.40366 -0.91491
0.45341 0.23647 0.40187 -0.91570
0.45378 0.23562 0.40008 -0.91648
0.45415 0.23476 0.39830 -0.91726
0.45453 0.23390 0.39651 -0.91803
0.45490 0.23304 0.39473 -0.91880
0.45526 0.23218 0.39295 -0.91956
0.45563 0.23132 0.39116 -0.92032
0.45600 0.23045 0.38938 -0.92108
0.45636 0.22959 0.38760 -0.92183
0.45673 0.22872 0.38583 -0.92257
0.45709 0.22786 0.38405 -0.92331
0.45745 0.22699 0.38227 -0.92405
0.45780 0.22612 0.38050 -0.92478
0.45816 0.22525 0.37872 -0.92551
0.45852 0.22438 0.37695 -0.92623
0.45887 0.22351 0.37518 -0.92695
0.45922 0.22264 0.37341 -0.92767
0.45957 0.22177 0.37165 -0.92837
0.45992 0.22089 0.36988 -0.92908
0.46027 0.22002 0.36811 -0.92978
0.46062 0.21914 0.36635 -0.93048
0.46096 0.21826 0.36459 -0.93117
0.46130 0.21738 0.36283 -0.93186
0.46164 0.21650 0.36107 -0.93254
0.46198 0.21562 0.35931 -0.93322
0.46232 0.21474 0.35755 -0.93389
0.46266 0.21386 0.35579 -0.93456
0.46300 0.21298 0.35404 -0.93523
0.46333 0.21209 0.35229 -0.93589
0.46366 0.21121 0.35054 -0.93655
0.46399 0.21032 0.34879 -0.93720
0.46432 0.20943 0.34704 -0.93785
0.46465 0.20854 0.34529 -0.93850
0.46498 0.20765 0.34355 -0.93914
0.46530 0.20676 0.34180 -0.93977
0.46562 0.20587 0.34006 -0.94040
0.46595 0.20498 0.33832 -0.94103
0.46627 0.20409 0.33658 -0.94165
0.46658 0.20319 0.33484 -0.94227
0.46690 0.20230 0.33311 -0.94289
0.46722 0.20140 0.33137 -0.94350
0.46753 0.20050 0.32964 -0.94411
0.46784 0.19961 0.32791 -0.94471
0.46815 0.19871 0.32618 -0.94531
0.46846 0.19781 0.32445 -0.94590
0.46877 0.19691 0.32272 -0.94649
0.46908 0.19601 0.32100 -0.94708
0.46938 0.19510 0.31927 -0.94766
0.46969 0.19420 0.31755 -0.94824
0.46999 0.19330 0.31583 -0.94882
0.47029 0.19239 0.31411 -0.94939
0.47059 0.19148 0.31239 -0.94995
0.47089 0.19058 0.31068 -0.95052
0.47118 0.18967 0.30896 -0.95107
0.47148 0.18876 0.30725 -0.95163
0.47177 0.18785 0.30554 -0.95218
0.47206 0.18694 0.30383 -0.95273
0.47235 0.18603 0.30212 -0.95327
0.47264 0.18512 0.30042 -0.95381
0.47293 0.18420 0.29871 -0.95434
0.47321 0.18329 0.29701 -0.95488
0.47349 0.18237 0.29531 -0.95540
0.47378 0.18146 0.29361 -0.95593
0.47406 0.18054 0.29191 -0.95645
0.47434 0.17962 0.29021 -0.95696
0.47461 0.17870 0.28852 -0.95747
0.47489 0.17778 0.28682 -0.95798
0.47516 0.17686 0.28513 -0.95849
0.47544 0.17594 0.28344 -0.95899
0.47571 0.17502 0.28176 -0.95949
0.47598 0.17410 0.28007 -0.95998
0.47625 0.17318 0.27838 -0.96047
0.47652 0.17225 0.27670 -0.96096
0.47678 0.17133 0.27502 -0.96144
0.47704 0.17040 0.27334 -0.96192
0.47731 0.16947 0.27166 -0.96239
0.47757 0.16855 0.26998 -0.96286
0.47783 0.16762 0.26831 -0.96333
0.47809 0.16669 0.26664 -0.96380
0.47834 0.16576 0.26497 -0.96426
0.47860 0.16483 0.26330 -0.96472
0.47885 0.16390 0.26163 -0.96517
0.47910 0.16296 0.25996 -0.96562
0.47935 0.16203 0.25830 -0.96607
0.47960 0.16110 0.25663 -0.96651
0.47985 0.16016 0.25497 -0.96695
0.48009 0.15923 0.25331 -0.96739
0.48034 0.15829 0.25165 -0.96782
0.48058 0.15735 0.24999 -0.96825
0.48082 0.15641 0.24834 -0.96867
0.48106 0.15548 0.24669 -0.96910
0.48130 0.15454 0.24503 -0.96951
0.48154 0.15360 0.24338 -0.96993
0.48177 0.15266 0.24174 -0.97034
0.48201 0.15171 0.24009 -0.97075
0.48224 0.15077 0.23844 -0.97116
0.48247 0.14983 0.23680 -0.97156
0.48270 0.14889 0.23516 -0.97196
0.48293 0.14794 0.23352 -0.97235
0.48315 0.14700 0.23188 -0.97275
0.48338 0.14605 0.23024 -0.97313
0.48360 0.14510 0.22860 -0.97352
0.48382 0.14416 0.22697 -0.97390
0.48404 0.14321 0.22534 -0.97428
0.48426 0.14226 0.22371 -0.97466
0.48448 0.14131 0.22208 -0.97503
0.48469 0.14036 0.22045 -0.97540
0.48491 0.13941 0.21882 -0.97576
0.48512 0.13846 0.21720 -0.97613
0.48533 0.13751 0.21558 -0.97649
0.48554 0.13656 0.21395 -0.97684
0.48575 0.13560 0.21233 -0.97720
0.48595 0.13465 0.21071 -0.97755
0.48616 0.13369 0.20910 -0.97789
0.48636 0.13274 0.20748 -0.97824
0.48656 0.13178 0.20587 -0.97858
0.48676 0.13083 0.20426 -0.97892
0.48696 0.12987 0.20265 -0.97925
0.48716 0.12891 0.20104 -0.97958
0.48736 0.12795 0.19943 -0.97991
0.48755 0.12699 0.19782 -0.98024
0.48774 0.12603 0.19622 -0.98056
0.48794 0.12507 0.19461 -0.98088
0.48813 0.12411 0.19301 -0.98120
0.48831 0.12315 0.19141 -0.98151
0.48850 0.12219 0.18981 -0.98182
0.48869 0.12123 0.18821 -0.98213
0.48887 0.12026 0.18662 -0.98243
0.48905 0.11930 0.18502 -0.98273
0.48923 0.11833 0.18343 -0.98303
0.48941 0.11737 0.18184 -0.98333
0.48959 0.11640 0.18025 -0.98362
0.48977 0.11544 0.17866 -0.98391
0.48994 0.11447 0.17707 -0.98420
0.49011 0.11350 0.17549 -0.98448
0.49029 0.11254 0.17390 -0.98476
0.49046 0.11157 0.17232 -0.98504
0.49062 0.11060 0.17074 -0.98532
0.49079 0.10963 0.16916 -0.98559
0.49096 0.10866 0.16758 -0.98586
0.49112 0.10769 0.16600 -0.98613
0.49128 0.10672 0.16442 -0.98639
0.49145 0.10574 0.16285 -0.98665
0.49161 0.10477 0.16127 -0.98691
0.49176 0.10380 0.15970 -0.98717
0.49192 0.10283 0.15813 -0.98742
0.49208 0.10185 0.15656 -0.98767
0.49223 0.10088 0.15499 -0.98792
0.49238 0.09990 0.15342 -0.98816
0.49253 0.09893 0.15185 -0.98840
0.49268 0.09795 0.15029 -0.98864
0.49283 0.09698 0.14873 -0.98888
0.49297 0.09600 0.14716 -0.98911
0.49312 0.09502 0.14560 -0.98934
0.49326 0.09405 0.14404 -0.98957
0.49340 0.09307 0.14248 -0.98980
0.49354 0.09209 0.14092 -0.99002
0.49368 0.09111 0.13937 -0.99024
0.49382 0.09013 0.13781 -0.99046
0.49395 0.08915 0.13626 -0.99067
0.49409 0.08817 0.13471 -0.99089
0.49422 0.08719 0.13315 -0.99110
0.49435 0.08621 0.13160 -0.99130
0.49448 0.08523 0.13005 -0.99151
0.49461 0.08425 0.12850 -0.99171
0.49474 0.08326 0.12696 -0.99191
0.49486 0.08228 0.12541 -0.99210
0.49498 0.08130 0.12386 -0.99230
0.49511 0.08031 0.12232 -0.99249
0.49523 0.07933 0.12078 -0.99268
0.49535 0.07835 0.11923 -0.99287
0.49546 0.07736 0.11769 -0.99305
0.49558 0.07638 0.11615 -0.99323
0.49569 0.07539 0.11461 -0.99341
0.49581 0.07440 0.11308 -0.99359
0.49592 0.07342 0.11154 -0.99376
0.49603 0.07243 0.11000 -0.99393
0.49614 0.07144 0.10847 -0.99410
0.49624 0.07046 0.10693 -0.99427
0.49635 0.06947 0.10540 -0.99443
0.49645 0.06848 0.10387 -0.99459
0.49656 0.06749 0.10234 -0.99475
0.49666 0.06650 0.10080 -0.99491
0.49676 0.06551 0.09927 -0.99506
0.49685 0.06452 0.09775 -0.99521
0.49695 0.06354 0.09622 -0.99536
0.49705 0.06255 0.09469 -0.99551
0.49714 0.06155 0.09316 -0.99565
0.49723 0.06056 0.09164 -0.99579
0.49732 0.05957 0.09011 -0.99593
0.49741 0.05858 0.08859 -0.99607
0.49750 0.05759 0.08707 -0.99620
0.49758 0.05660 0.08554 -0.99633
0.49767 0.05561 0.08402 -0.99646
0.49775 0.05461 0.08250 -0.99659
0.49783 0.05362 0.08098 -0.99672
0.49791 0.05263 0.07946 -0.99684
0.49799 0.05164 0.07794 -0.99696
0.49807 0.05064 0.07643 -0.99708
0.49814 0.04965 0.07491 -0.99719
0.49822 0.04865 0.07339 -0.99730
0.49829 0.04766 0.07188 -0.99741
0.49836 0.04667 0.07036 -0.99752
0.49843 0.04567 0.06885 -0.99763
0.49850 0.04468 0.06733 -0.99773
0.49856 0.04368 0.06582 -0.99783
0.49863 0.04269 0.06431 -0.99793
0.49869 0.04169 0.06279 -0.99803
0.49875 0.04069 0.06128 -0.99812
0.49881 0.03970 0.05977 -0.99821
0.49887 0.03870 0.05826 -0.99830
0.49893 0.03771 0.05675 -0.99839
0.49899 0.03671 0.05524 -0.99847
0.49904 0.03571 0.05373 -0.99856
0.49909 0.03472 0.05222 -0.99864
0.49915 0.03372 0.05071 -0.99871
0.49920 0.03272 0.04921 -0.99879
0.49924 0.03172 0.04770 -0.99886
0.49929 0.03073 0.04619 -0.99893
0.49934 0.02973 0.04469 -0.99900
0.49938 0.02873 0.04318 -0.99907
0.49942 0.02773 0.04167 -0.99913
0.49946 0.02673 0.04017 -0.99919
0.49950 0.02574 0.03866 -0.99925
0.49954 0.02474 0.03716 -0.99931
0.49958 0.02374 0.03566 -0.99936
0.49961 0.02274 0.03415 -0.99942
0.49965 0.02174 0.03265 -0.99947
0.49968 0.02074 0.03115 -0.99951
0.49971 0.01974 0.02964 -0.99956
0.49974 0.01874 0.02814 -0.99960
0.49976 0.01775 0.02664 -0.99965
0.49979 0.01675 0.02514 -0.99968
0.49981 0.01575 0.02363 -0.99972
0.49984 0.01475 0.02213 -0.99976
0.49986 0.01375 0.02063 -0.99979
0.49988 0.01275 0.01913 -0.99982
0.49990 0.01175 0.01763 -0.99984
0.49991 0.01075 0.01613 -0.99987
0.49993 0.00975 0.01463 -0.99989
0.49994 0.00875 0.01313 -0.99991
0.49995 0.00775 0.01163 -0.99993
0.49997 0.00675 0.01013 -0.99995
0.49998 0.00575 0.00863 -0.99996
0.49998 0.00475 0.00713 -0.99997
0.49999 0.00375 0.00563 -0.99998
0.49999 0.00275 0.00413 -0.99999
0.50000 0.00175 0.00263 -1.00000
0.50000 0.00075 0.00113 -1.00000
0.50000 -0.00025 -0.00037 -1.00000
