-0.85000 0.00000 0.00000 1.00000
-0.85000 0.00170 0.00056 1.00000
-0.85000 0.00340 0.00111 1.00000
-0.85000 0.00510 0.00167 1.00000
-0.84999 0.00680 0.00222 1.00000
-0.84999 0.00850 0.00278 1.00000
-0.84998 0.01020 0.00333 0.99999
-0.84998 0.01190 0.00389 0.99999
-0.84997 0.01360 0.00444 0.99999
-0.84996 0.01530 0.00500 0.99999
-0.84995 0.01700 0.00555 0.99998
-0.84994 0.01870 0.00611 0.99998
-0.84993 0.02040 0.00666 0.99998
-0.84992 0.02210 0.00722 0.99997
-0.84991 0.02379 0.00778 0.99997
-0.84989 0.02549 0.00833 0.99997
-0.84988 0.02719 0.00889 0.99996
-0.84986 0.02889 0.00945 0.99996
-0.84985 0.03059 0.01001 0.99995
-0.84983 0.03229 0.01056 0.99994
-0.84981 0.03398 0.01112 0.99994
-0.84979 0.03568 0.01168 0.99993
-0.84977 0.03738 0.01224 0.99993
-0.84975 0.03908 0.01280 0.99992
-0.84973 0.04077 0.01336 0.99991
-0.84970 0.04247 0.01392 0.99990
-0.84968 0.04417 0.01448 0.99990
-0.84966 0.04586 0.01504 0.99989
-0.84963 0.04756 0.01560 0.99988
-0.84960 0.04925 0.01616 0.99987
-0.84958 0.05095 0.01673 0.99986
-0.84955 0.05264 0.01729 0.99985
-0.84952 0.05434 0.01785 0.99984
-0.84949 0.05603 0.01842 0.99983
-0.84945 0.05772 0.01898 0.99982
-0.84942 0.05942 0.01954 0.99981
-0.84939 0.06111 0.02011 0.99980
-0.84935 0.06280 0.02068 0.99979
-0.84932 0.06449 0.02124 0.99977
-0.84928 0.06618 0.02181 0.99976
-0.84924 0.06788 0.02238 0.99975
-0.84921 0.06957 0.02295 0.99974
-0.84917 0.07126 0.02352 0.99972
-0.84913 0.07295 0.02409 0.99971
-0.84909 0.07463 0.02466 0.99970
-0.84904 0.07632 0.02523 0.99968
-0.84900 0.07801 0.02580 0.99967
-0.84896 0.07970 0.02638 0.99965
-0.84891 0.08138 0.02695 0.99964
-0.84886 0.08307 0.02752 0.99962
-0.84882 0.08476 0.02810 0.99961
-0.84877 0.08644 0.02868 0.99959
-0.84872 0.08813 0.02925 0.99957
-0.84867 0.08981 0.02983 0.99955
-0.84862 0.09149 0.03041 0.99954
-0.84857 0.09318 0.03099 0.99952
-0.84852 0.09486 0.03157 0.99950
-0.84846 0.09654 0.03215 0.99948
-0.84841 0.09822 0.03274 0.99946
-0.84835 0.09990 0.03332 0.99944
-0.84830 0.10158 0.03391 0.99943
-0.84824 0.10326 0.03449 0.99940
-0.84818 0.10494 0.03508 0.99938
-0.84812 0.10661 0.03567 0.99936
-0.84806 0.10829 0.03626 0.99934
-0.84800 0.10997 0.03685 0.99932
-0.84794 0.11164 0.03744 0.99930
-0.84787 0.11332 0.03803 0.99928
-0.84781 0.11499 0.03862 0.99925
-0.84774 0.11666 0.03922 0.99923
-0.84768 0.11833 0.03982 0.99921
-0.84761 0.12001 0.04041 0.99918
-0.84754 0.12168 0.04101 0.99916
-0.84747 0.12335 0.04161 0.99913
-0.84740 0.12501 0.04221 0.99911
-0.84733 0.12668 0.04281 0.99908
-0.84726 0.12835 0.04342 0.99906
-0.84719 0.13002 0.04402 0.99903
-0.84711 0.13168 0.04463 0.99900
-0.84704 0.13335 0.04524 0.99898
-0.84696 0.13501 0.04584 0.99895
-0.84689 0.13667 0.04645 0.99892
-0.84681 0.13833 0.04707 0.99889
-0.84673 0.13999 0.04768 0.99886
-0.84665 0.14165 0.04829 0.99883
-0.84657 0.14331 0.04891 0.99880
-0.84649 0.14497 0.04953 0.99877
-0.84641 0.14663 0.05015 0.99874
-0.84632 0.14828 0.05077 0.99871
-0.84624 0.14994 0.05139 0.99868
-0.84615 0.15159 0.05201 0.99865
-0.84607 0.15325 0.05264 0.99861
-0.84598 0.15490 0.05326 0.99858
-0.84589 0.15655 0.05389 0.99855
-0.84580 0.15820 0.05452 0.99851
-0.84571 0.15985 0.05515 0.99848
-0.84562 0.16149 0.05579 0.99844
-0.84552 0.16314 0.05642 0.99841
-0.84543 0.16479 0.05706 0.99837
-0.84534 0.16643 0.05770 0.99833
-0.84524 0.16807 0.05834 0.99830
-0.84514 0.16972 0.05898 0.99826
-0.84505 0.17136 0.05962 0.99822
-0.84495 0.17300 0.06027 0.99818
-0.84485 0.17464 0.06091 0.99814
-0.84475 0.17627 0.06156 0.99810
-0.84465 0.17791 0.06221 0.99806
-0.84455 0.17954 0.06287 0.99802
-0.84444 0.18118 0.06352 0.99798
-0.84434 0.18281 0.06418 0.99794
-0.84423 0.18444 0.06484 0.99790
-0.84413 0.18607 0.06550 0.99785
-0.84402 0.18770 0.06616 0.99781
-0.84391 0.18933 0.06682 0.99776
-0.84380 0.19096 0.06749 0.99772
-0.84369 0.19258 0.06816 0.99767
-0.84358 0.19421 0.06883 0.99763
-0.84347 0.19583 0.06950 0.99758
-0.84335 0.19745 0.07018 0.99753
-0.84324 0.19907 0.07085 0.99749
-0.84312 0.20069 0.07153 0.99744
-0.84301 0.20231 0.07221 0.99739
-0.84289 0.20393 0.07290 0.99734
-0.84277 0.20554 0.07358 0.99729
-0.84265 0.20715 0.07427 0.99724
-0.84253 0.20877 0.07496 0.99719
-0.84241 0.21038 0.07565 0.99713
-0.84228 0.21199 0.07634 0.99708
-0.84216 0.21359 0.07704 0.99703
-0.84204 0.21520 0.07774 0.99697
-0.84191 0.21681 0.07844 0.99692
-0.84178 0.21841 0.07915 0.99686
-0.84166 0.22001 0.07985 0.99681
-0.84153 0.22161 0.08056 0.99675
-0.84140 0.22321 0.08127 0.99669
-0.84127 0.22481 0.08198 0.99663
-0.84113 0.22641 0.08270 0.99657
-0.84100 0.22800 0.08342 0.99651
-0.84087 0.22960 0.08414 0.99645
-0.84073 0.23119 0.08486 0.99639
-0.84060 0.23278 0.08559 0.99633
-0.84046 0.23437 0.08632 0.99627
-0.84032 0.23596 0.08705 0.99620
-0.84018 0.23754 0.08778 0.99614
-0.84004 0.23913 0.08852 0.99607
-0.83990 0.24071 0.08926 0.99601
-0.83976 0.24229 0.09000 0.99594
-0.83961 0.24387 0.09074 0.99587
-0.83947 0.24545 0.09149 0.99581
-0.83932 0.24703 0.09224 0.99574
-0.83918 0.24861 0.09299 0.99567
-0.83903 0.25018 0.09375 0.99560
-0.83888 0.25175 0.09451 0.99552
-0.83873 0.25332 0.09527 0.99545
-0.83858 0.25489 0.09603 0.99538
-0.83843 0.25646 0.09680 0.99530
-0.83828 0.25802 0.09757 0.99523
-0.83812 0.25959 0.09834 0.99515
-0.83797 0.26115 0.09911 0.99508
-0.83781 0.26271 0.09989 0.99500
-0.83765 0.26427 0.10067 0.99492
-0.83750 0.26583 0.10146 0.99484
-0.83734 0.26738 0.10225 0.99476
-0.83718 0.26894 0.10304 0.99468
-0.83701 0.27049 0.10383 0.99460
-0.83685 0.27204 0.10463 0.99451
-0.83669 0.27359 0.10543 0.99443
-0.83652 0.27514 0.10623 0.99434
-0.83636 0.27668 0.10704 0.99426
-0.83619 0.27823 0.10784 0.99417
-0.83602 0.27977 0.10866 0.99408
-0.83585 0.28131 0.10947 0.99399
-0.83568 0.28285 0.11029 0.99390
-0.83551 0.28438 0.11111 0.99381
-0.83534 0.28592 0.11194 0.99372
-0.83517 0.28745 0.11277 0.99362
-0.83499 0.28898 0.11360 0.99353
-0.83482 0.29051 0.11444 0.99343
-0.83464 0.29204 0.11527 0.99333
-0.83446 0.29357 0.11612 0.99324
-0.83428 0.29509 0.11696 0.99314
-0.83410 0.29661 0.11781 0.99304
-0.83392 0.29813 0.11867 0.99293
-0.83374 0.29965 0.11952 0.99283
-0.83356 0.30117 0.12038 0.99273
-0.83337 0.30269 0.12124 0.99262
-0.83319 0.30420 0.12211 0.99252
-0.83300 0.30571 0.12298 0.99241
-0.83281 0.30722 0.12386 0.99230
-0.83263 0.30873 0.12473 0.99219
-0.83244 0.31023 0.12562 0.99208
-0.83224 0.31174 0.12650 0.99197
-0.83205 0.31324 0.12739 0.99185
-0.83186 0.31474 0.12828 0.99174
-0.83166 0.31624 0.12918 0.99162
-0.83147 0.31773 0.13008 0.99150
-0.83127 0.31923 0.13098 0.99138
-0.83107 0.32072 0.13189 0.99126
-0.83087 0.32221 0.13280 0.99114
-0.83067 0.32370 0.13372 0.99102
-0.83047 0.32518 0.13464 0.99089
-0.83027 0.32667 0.13556 0.99077
-0.83007 0.32815 0.13649 0.99064
-0.82986 0.32963 0.13742 0.99051
-0.82966 0.33111 0.13836 0.99038
-0.82945 0.33258 0.13930 0.99025
-0.82924 0.33406 0.14024 0.99012
-0.82903 0.33553 0.14119 0.98998
-0.82882 0.33700 0.14214 0.98985
-0.82861 0.33847 0.14309 0.98971
-0.82840 0.33994 0.14405 0.98957
-0.82818 0.34140 0.14502 0.98943
-0.82797 0.34286 0.14599 0.98929
-0.82775 0.34432 0.14696 0.98914
-0.82754 0.34578 0.14794 0.98900
-0.82732 0.34724 0.14892 0.98885
-0.82710 0.34869 0.14990 0.98870
-0.82688 0.35014 0.15089 0.98855
-0.82665 0.35159 0.15189 0.98840
-0.82643 0.35304 0.15289 0.98824
-0.82621 0.35449 0.15389 0.98809
-0.82598 0.35593 0.15490 0.98793
-0.82575 0.35737 0.15591 0.98777
-0.82553 0.35881 0.15693 0.98761
-0.82530 0.36025 0.15795 0.98745
-0.82507 0.36168 0.15897 0.98728
-0.82484 0.36312 0.16000 0.98712
-0.82460 0.36455 0.16104 0.98695
-0.82437 0.36598 0.16208 0.98678
-0.82413 0.36740 0.16312 0.98661
-0.82390 0.36883 0.16417 0.98643
-0.82366 0.37025 0.16522 0.98626
-0.82342 0.37167 0.16628 0.98608
-0.82318 0.37309 0.16734 0.98590
-0.82294 0.37451 0.16841 0.98572
-0.82270 0.37592 0.16948 0.98553
-0.82245 0.37733 0.17056 0.98535
-0.82221 0.37874 0.17164 0.98516
-0.82196 0.38015 0.17273 0.98497
-0.82172 0.38156 0.17382 0.98478
-0.82147 0.38296 0.17492 0.98458
-0.82122 0.38436 0.17602 0.98439
-0.82097 0.38576 0.17712 0.98419
-0.82071 0.38715 0.17823 0.98399
-0.82046 0.38855 0.17935 0.98379
-0.82021 0.38994 0.18047 0.98358
-0.81995 0.39133 0.18160 0.98337
-0.81969 0.39272 0.18273 0.98316
-0.81944 0.39410 0.18387 0.98295
-0.81918 0.39549 0.18501 0.98274
-0.81891 0.39687 0.18616 0.98252
-0.81865 0.39825 0.18731 0.98230
-0.81839 0.39962 0.18846 0.98208
-0.81812 0.40100 0.18963 0.98186
-0.81786 0.40237 0.19079 0.98163
-0.81759 0.40374 0.19197 0.98140
-0.81732 0.40511 0.19315 0.98117
-0.81705 0.40647 0.19433 0.98094
-0.81678 0.40783 0.19552 0.98070
-0.81651 0.40920 0.19671 0.98046
-0.81624 0.41055 0.19791 0.98022
-0.81596 0.41191 0.19912 0.97998
-0.81569 0.41326 0.20033 0.97973
-0.81541 0.41462 0.20154 0.97948
-0.81513 0.41597 0.20277 0.97923
-0.81485 0.41731 0.20399 0.97897
-0.81457 0.41866 0.20522 0.97871
-0.81429 0.42000 0.20646 0.97845
-0.81400 0.42134 0.20771 0.97819
-0.81372 0.42268 0.20896 0.97793
-0.81343 0.42401 0.21021 0.97766
-0.81315 0.42535 0.21147 0.97738
-0.81286 0.42668 0.21274 0.97711
-0.81257 0.42801 0.21401 0.97683
-0.81227 0.42933 0.21529 0.97655
-0.81198 0.43066 0.21657 0.97627
-0.81169 0.43198 0.21786 0.97598
-0.81139 0.43330 0.21915 0.97569
-0.81110 0.43461 0.22045 0.97540
-0.81080 0.43593 0.22176 0.97510
-0.81050 0.43724 0.22307 0.97480
-0.81020 0.43855 0.22439 0.97450
-0.80990 0.43986 0.22571 0.97419
-0.80959 0.44116 0.22704 0.97388
-0.80929 0.44247 0.22838 0.97357
-0.80898 0.44377 0.22972 0.97326
-0.80867 0.44506 0.23107 0.97294
-0.80837 0.44636 0.23242 0.97262
-0.80806 0.44765 0.23378 0.97229
-0.80774 0.44895 0.23515 0.97196
-0.80743 0.45023 0.23652 0.97163
-0.80712 0.45152 0.23789 0.97129
-0.80680 0.45280 0.23928 0.97095
-0.80649 0.45409 0.24067 0.97061
-0.80617 0.45536 0.24206 0.97026
-0.80585 0.45664 0.24347 0.96991
-0.80553 0.45792 0.24487 0.96955
-0.80520 0.45919 0.24629 0.96920
-0.80488 0.46046 0.24771 0.96883
-0.80456 0.46173 0.24914 0.96847
-0.80423 0.46299 0.25057 0.96810
-0.80390 0.46425 0.25201 0.96773
-0.80357 0.46551 0.25345 0.96735
-0.80324 0.46677 0.25490 0.96697
-0.80291 0.46803 0.25636 0.96658
-0.80258 0.46928 0.25783 0.96619
-0.80224 0.47053 0.25930 0.96580
-0.80191 0.47178 0.26077 0.96540
-0.80157 0.47302 0.26226 0.96500
-0.80123 0.47427 0.26375 0.96459
-0.80089 0.47551 0.26524 0.96418
-0.80055 0.47674 0.26674 0.96377
-0.80020 0.47798 0.26825 0.96335
-0.79986 0.47921 0.26977 0.96293
-0.79951 0.48045 0.27129 0.96250
-0.79917 0.48167 0.27282 0.96207
-0.79882 0.48290 0.27435 0.96163
-0.79847 0.48412 0.27589 0.96119
-0.79812 0.48535 0.27744 0.96074
-0.79776 0.48656 0.27899 0.96029
-0.79741 0.48778 0.28055 0.95984
-0.79705 0.48900 0.28212 0.95938
-0.79669 0.49021 0.28369 0.95891
-0.79634 0.49142 0.28527 0.95845
-0.79598 0.49262 0.28686 0.95797
-0.79561 0.49383 0.28845 0.95749
-0.79525 0.49503 0.29005 0.95701
-0.79489 0.49623 0.29166 0.95652
-0.79452 0.49743 0.29327 0.95603
-0.79415 0.49862 0.29489 0.95553
-0.79378 0.49981 0.29651 0.95503
-0.79341 0.50100 0.29815 0.95452
-0.79304 0.50219 0.29979 0.95401
-0.79267 0.50338 0.30143 0.95349
-0.79229 0.50456 0.30308 0.95296
-0.79192 0.50574 0.30474 0.95244
-0.79154 0.50691 0.30641 0.95190
-0.79116 0.50809 0.30808 0.95136
-0.79078 0.50926 0.30976 0.95082
-0.79040 0.51043 0.31144 0.95027
-0.79001 0.51160 0.31313 0.94971
-0.78963 0.51277 0.31483 0.94915
-0.78924 0.51393 0.31653 0.94858
-0.78885 0.51509 0.31825 0.94801
-0.78846 0.51625 0.31996 0.94743
-0.78807 0.51740 0.32169 0.94685
-0.78768 0.51856 0.32342 0.94626
-0.78728 0.51971 0.32516 0.94566
-0.78689 0.52085 0.32690 0.94506
-0.78649 0.52200 0.32865 0.94445
-0.78609 0.52314 0.33041 0.94384
-0.78569 0.52428 0.33217 0.94322
-0.78529 0.52542 0.33394 0.94259
-0.78488 0.52656 0.33572 0.94196
-0.78448 0.52769 0.33750 0.94132
-0.78407 0.52882 0.33929 0.94068
-0.78366 0.52995 0.34109 0.94003
-0.78325 0.53108 0.34289 0.93938
-0.78284 0.53220 0.34470 0.93871
-0.78243 0.53332 0.34652 0.93804
-0.78202 0.53444 0.34834 0.93737
-0.78160 0.53555 0.35017 0.93669
-0.78118 0.53667 0.35200 0.93600
-0.78076 0.53778 0.35385 0.93530
-0.78034 0.53889 0.35569 0.93460
-0.77992 0.53999 0.35755 0.93389
-0.77950 0.54110 0.35941 0.93318
-0.77907 0.54220 0.36128 0.93246
-0.77864 0.54330 0.36315 0.93173
-0.77822 0.54439 0.36503 0.93100
-0.77779 0.54549 0.36692 0.93025
-0.77735 0.54658 0.36881 0.92950
-0.77692 0.54767 0.37071 0.92875
-0.77648 0.54876 0.37262 0.92799
-0.77605 0.54984 0.37453 0.92722
-0.77561 0.55092 0.37644 0.92644
-0.77517 0.55200 0.37837 0.92565
-0.77473 0.55308 0.38030 0.92486
-0.77429 0.55415 0.38224 0.92406
-0.77384 0.55522 0.38418 0.92326
-0.77339 0.55629 0.38613 0.92245
-0.77295 0.55736 0.38808 0.92163
-0.77250 0.55842 0.39004 0.92080
-0.77205 0.55949 0.39201 0.91996
-0.77159 0.56055 0.39398 0.91912
-0.77114 0.56160 0.39596 0.91827
-0.77068 0.56266 0.39794 0.91741
-0.77023 0.56371 0.39994 0.91654
-0.76977 0.56476 0.40193 0.91567
-0.76930 0.56581 0.40393 0.91479
-0.76884 0.56685 0.40594 0.91390
-0.76838 0.56789 0.40795 0.91300
-0.76791 0.56893 0.40997 0.91210
-0.76744 0.56997 0.41200 0.91118
-0.76697 0.57101 0.41403 0.91026
-0.76650 0.57204 0.41607 0.90933
-0.76603 0.57307 0.41811 0.90840
-0.76556 0.57410 0.42015 0.90745
-0.76508 0.57512 0.42221 0.90650
-0.76460 0.57614 0.42427 0.90554
-0.76412 0.57716 0.42633 0.90457
-0.76364 0.57818 0.42840 0.90359
-0.76316 0.57920 0.43047 0.90260
-0.76267 0.58021 0.43255 0.90161
-0.76219 0.58122 0.43463 0.90061
-0.76170 0.58223 0.43672 0.89960
-0.76121 0.58324 0.43882 0.89858
-0.76072 0.58424 0.44092 0.89755
-0.76023 0.58524 0.44302 0.89651
-0.75973 0.58624 0.44513 0.89546
-0.75923 0.58723 0.44725 0.89441
-0.75874 0.58823 0.44937 0.89335
-0.75824 0.58922 0.45149 0.89228
-0.75773 0.59021 0.45362 0.89120
-0.75723 0.59119 0.45575 0.89011
-0.75673 0.59218 0.45789 0.88901
-0.75622 0.59316 0.46003 0.88790
-0.75571 0.59414 0.46218 0.88679
-0.75520 0.59512 0.46433 0.88566
-0.75469 0.59609 0.46648 0.88453
-0.75417 0.59706 0.46864 0.88339
-0.75366 0.59803 0.47081 0.88224
-0.75314 0.59900 0.47298 0.88108
-0.75262 0.59996 0.47515 0.87991
-0.75210 0.60093 0.47732 0.87873
-0.75158 0.60189 0.47950 0.87754
-0.75105 0.60284 0.48169 0.87634
-0.75052 0.60380 0.48387 0.87514
-0.75000 0.60475 0.48607 0.87392
-0.74947 0.60570 0.48826 0.87270
-0.74893 0.60665 0.49046 0.87146
-0.74840 0.60759 0.49266 0.87022
-0.74787 0.60854 0.49487 0.86897
-0.74733 0.60948 0.49707 0.86771
-0.74679 0.61042 0.49929 0.86644
-0.74625 0.61135 0.50150 0.86516
-0.74571 0.61228 0.50372 0.86387
-0.74516 0.61322 0.50594 0.86257
-0.74461 0.61414 0.50816 0.86126
-0.74407 0.61507 0.51039 0.85994
-0.74352 0.61599 0.51262 0.85862
-0.74296 0.61692 0.51485 0.85728
-0.74241 0.61784 0.51709 0.85593
-0.74186 0.61875 0.51932 0.85458
-0.74130 0.61967 0.52156 0.85321
-0.74074 0.62058 0.52380 0.85184
-0.74018 0.62149 0.52605 0.85045
-0.73961 0.62240 0.52830 0.84906
-0.73905 0.62330 0.53054 0.84766
-0.73848 0.62420 0.53279 0.84624
-0.73791 0.62510 0.53505 0.84482
-0.73734 0.62600 0.53730 0.84339
-0.73677 0.62690 0.53956 0.84195
-0.73620 0.62779 0.54181 0.84050
-0.73562 0.62868 0.54407 0.83904
-0.73504 0.62957 0.54633 0.83757
-0.73446 0.63046 0.54859 0.83609
-0.73388 0.63134 0.55086 0.83460
-0.73330 0.63222 0.55312 0.83310
-0.73271 0.63310 0.55539 0.83159
-0.73213 0.63398 0.55765 0.83007
-0.73154 0.63485 0.55992 0.82855
-0.73095 0.63573 0.56219 0.82701
-0.73035 0.63660 0.56445 0.82546
-0.72976 0.63746 0.56672 0.82391
-0.72916 0.63833 0.56899 0.82234
-0.72856 0.63919 0.57126 0.82077
-0.72796 0.64005 0.57353 0.81918
-0.72736 0.64091 0.57580 0.81759
-0.72675 0.64177 0.57807 0.81599
-0.72615 0.64262 0.58034 0.81438
-0.72554 0.64347 0.58261 0.81275
-0.72493 0.64432 0.58488 0.81112
-0.72432 0.64517 0.58715 0.80948
-0.72370 0.64601 0.58941 0.80783
-0.72308 0.64685 0.59168 0.80617
-0.72247 0.64769 0.59395 0.80450
-0.72185 0.64853 0.59621 0.80283
-0.72122 0.64937 0.59848 0.80114
-0.72060 0.65020 0.60074 0.79944
-0.71997 0.65103 0.60301 0.79774
-0.71935 0.65186 0.60527 0.79602
-0.71872 0.65269 0.60753 0.79430
-0.71808 0.65351 0.60979 0.79257
-0.71745 0.65433 0.61204 0.79082
-0.71681 0.65515 0.61430 0.78907
-0.71618 0.65597 0.61655 0.78731
-0.71554 0.65678 0.61880 0.78554
-0.71489 0.65759 0.62105 0.78377
-0.71425 0.65841 0.62330 0.78198
-0.71360 0.65921 0.62555 0.78019
-0.71296 0.66002 0.62779 0.77838
-0.71231 0.66082 0.63003 0.77657
-0.71165 0.66162 0.63227 0.77475
-0.71100 0.66242 0.63451 0.77292
-0.71034 0.66322 0.63674 0.77108
-0.70968 0.66401 0.63897 0.76923
-0.70902 0.66481 0.64119 0.76738
-0.70836 0.66560 0.64342 0.76551
-0.70770 0.66639 0.64564 0.76364
-0.70703 0.66717 0.64786 0.76176
-0.70636 0.66795 0.65007 0.75987
-0.70569 0.66874 0.65228 0.75798
-0.70502 0.66952 0.65449 0.75607
-0.70435 0.67029 0.65669 0.75416
-0.70367 0.67107 0.65889 0.75224
-0.70299 0.67184 0.66109 0.75031
-0.70231 0.67261 0.66328 0.74837
-0.70163 0.67338 0.66546 0.74643
-0.70094 0.67414 0.66765 0.74448
-0.70026 0.67491 0.66983 0.74252
-0.69957 0.67567 0.67200 0.74055
-0.69888 0.67643 0.67417 0.73858
-0.69818 0.67719 0.67633 0.73660
-0.69749 0.67794 0.67849 0.73461
-0.69679 0.67869 0.68065 0.73261
-0.69609 0.67944 0.68280 0.73061
-0.69539 0.68019 0.68494 0.72860
-0.69469 0.68094 0.68708 0.72658
-0.69398 0.68168 0.68922 0.72455
-0.69327 0.68242 0.69135 0.72252
-0.69256 0.68316 0.69347 0.72048
-0.69185 0.68390 0.69559 0.71844
-0.69114 0.68464 0.69770 0.71639
-0.69042 0.68537 0.69981 0.71433
-0.68970 0.68610 0.70191 0.71226
-0.68898 0.68683 0.70401 0.71019
-0.68826 0.68756 0.70610 0.70811
-0.68753 0.68828 0.70818 0.70603
-0.68681 0.68900 0.71026 0.70394
-0.68608 0.68972 0.71233 0.70185
-0.68535 0.69044 0.71439 0.69974
-0.68461 0.69116 0.71645 0.69764
-0.68388 0.69187 0.71850 0.69552
-0.68314 0.69259 0.72055 0.69340
-0.68240 0.69330 0.72259 0.69128
-0.68166 0.69400 0.72462 0.68915
-0.68091 0.69471 0.72664 0.68702
-0.68017 0.69541 0.72866 0.68488
-0.67942 0.69611 0.73067 0.68273
-0.67867 0.69681 0.73267 0.68058
-0.67792 0.69751 0.73467 0.67842
-0.67716 0.69821 0.73666 0.67626
-0.67640 0.69890 0.73864 0.67410
-0.67564 0.69959 0.74062 0.67193
-0.67488 0.70028 0.74258 0.66975
-0.67412 0.70096 0.74454 0.66758
-0.67335 0.70165 0.74649 0.66539
-0.67258 0.70233 0.74844 0.66321
-0.67181 0.70301 0.75037 0.66101
-0.67104 0.70369 0.75230 0.65882
-0.67027 0.70437 0.75422 0.65662
-0.66949 0.70504 0.75613 0.65442
-0.66871 0.70571 0.75804 0.65221
-0.66793 0.70639 0.75993 0.65000
-0.66715 0.70705 0.76182 0.64779
-0.66636 0.70772 0.76370 0.64557
-0.66557 0.70838 0.76557 0.64335
-0.66478 0.70905 0.76744 0.64112
-0.66399 0.70971 0.76929 0.63890
-0.66319 0.71036 0.77114 0.63667
-0.66240 0.71102 0.77298 0.63443
-0.66160 0.71167 0.77481 0.63220
-0.66080 0.71233 0.77663 0.62996
-0.65999 0.71298 0.77844 0.62772
-0.65919 0.71362 0.78024 0.62548
-0.65838 0.71427 0.78204 0.62323
-0.65757 0.71491 0.78382 0.62098
-0.65676 0.71556 0.78560 0.61873
-0.65594 0.71620 0.78737 0.61648
-0.65512 0.71683 0.78913 0.61423
-0.65430 0.71747 0.79088 0.61197
-0.65348 0.71810 0.79262 0.60971
-0.65266 0.71874 0.79435 0.60746
-0.65183 0.71937 0.79608 0.60519
-0.65100 0.71999 0.79779 0.60293
-0.65017 0.72062 0.79950 0.60067
-0.64934 0.72124 0.80119 0.59841
-0.64850 0.72187 0.80288 0.59614
-0.64767 0.72249 0.80456 0.59388
-0.64683 0.72310 0.80623 0.59161
-0.64598 0.72372 0.80788 0.58934
-0.64514 0.72434 0.80953 0.58707
-0.64429 0.72495 0.81117 0.58480
-0.64344 0.72556 0.81281 0.58253
-0.64259 0.72617 0.81443 0.58027
-0.64174 0.72677 0.81604 0.57800
-0.64088 0.72738 0.81764 0.57573
-0.64002 0.72798 0.81924 0.57346
-0.63916 0.72858 0.82082 0.57119
-0.63830 0.72918 0.82239 0.56892
-0.63743 0.72978 0.82396 0.56665
-0.63657 0.73037 0.82551 0.56438
-0.63570 0.73096 0.82706 0.56211
-0.63482 0.73156 0.82860 0.55985
-0.63395 0.73214 0.83012 0.55758
-0.63307 0.73273 0.83164 0.55531
-0.63219 0.73332 0.83315 0.55305
-0.63131 0.73390 0.83465 0.55078
-0.63043 0.73448 0.83614 0.54852
-0.62954 0.73506 0.83762 0.54626
-0.62865 0.73564 0.83909 0.54400
-0.62776 0.73622 0.84055 0.54174
-0.62687 0.73679 0.84200 0.53948
-0.62597 0.73736 0.84344 0.53723
-0.62508 0.73793 0.84487 0.53497
-0.62417 0.73850 0.84629 0.53272
-0.62327 0.73907 0.84770 0.53047
-0.62237 0.73963 0.84911 0.52822
-0.62146 0.74020 0.85050 0.52598
-0.62055 0.74076 0.85188 0.52373
-0.61964 0.74132 0.85326 0.52149
-0.61872 0.74187 0.85462 0.51925
-0.61781 0.74243 0.85598 0.51701
-0.61689 0.74298 0.85732 0.51478
-0.61597 0.74353 0.85866 0.51255
-0.61504 0.74408 0.85999 0.51032
-0.61411 0.74463 0.86130 0.50809
-0.61319 0.74518 0.86261 0.50587
-0.61225 0.74572 0.86391 0.50365
-0.61132 0.74627 0.86520 0.50143
-0.61039 0.74681 0.86648 0.49921
-0.60945 0.74735 0.86775 0.49700
-0.60851 0.74788 0.86901 0.49479
-0.60756 0.74842 0.87026 0.49259
-0.60662 0.74895 0.87150 0.49039
-0.60567 0.74948 0.87274 0.48819
-0.60472 0.75001 0.87396 0.48599
-0.60377 0.75054 0.87518 0.48380
-0.60281 0.75107 0.87638 0.48162
-0.60185 0.75159 0.87758 0.47943
-0.60089 0.75212 0.87877 0.47725
-0.59993 0.75264 0.87994 0.47508
-0.59897 0.75316 0.88111 0.47291
-0.59800 0.75367 0.88227 0.47074
-0.59703 0.75419 0.88342 0.46857
-0.59606 0.75470 0.88457 0.46641
-0.59508 0.75522 0.88570 0.46426
-0.59411 0.75573 0.88682 0.46211
-0.59313 0.75623 0.88794 0.45996
-0.59215 0.75674 0.88904 0.45782
-0.59116 0.75725 0.89014 0.45568
-0.59018 0.75775 0.89123 0.45355
-0.58919 0.75825 0.89231 0.45142
-0.58820 0.75875 0.89338 0.44930
-0.58720 0.75925 0.89444 0.44718
-0.58621 0.75975 0.89550 0.44506
-0.58521 0.76024 0.89654 0.44295
-0.58421 0.76073 0.89758 0.44085
-0.58320 0.76123 0.89861 0.43875
-0.58220 0.76172 0.89963 0.43666
-0.58119 0.76220 0.90064 0.43457
-0.58018 0.76269 0.90164 0.43248
-0.57917 0.76317 0.90264 0.43040
-0.57815 0.76366 0.90362 0.42833
-0.57713 0.76414 0.90460 0.42626
-0.57611 0.76462 0.90557 0.42420
-0.57509 0.76510 0.90653 0.42214
-0.57406 0.76557 0.90748 0.42009
-0.57304 0.76605 0.90843 0.41804
-0.57201 0.76652 0.90936 0.41600
-0.57097 0.76699 0.91029 0.41396
-0.56994 0.76746 0.91121 0.41193
-0.56890 0.76793 0.91213 0.40991
-0.56786 0.76839 0.91303 0.40789
-0.56682 0.76886 0.91393 0.40588
-0.56577 0.76932 0.91482 0.40387
-0.56473 0.76978 0.91570 0.40187
-0.56368 0.77024 0.91657 0.39987
-0.56262 0.77070 0.91744 0.39788
-0.56157 0.77115 0.91830 0.39590
-0.56051 0.77161 0.91915 0.39392
-0.55945 0.77206 0.91999 0.39195
-0.55839 0.77251 0.92082 0.38998
-0.55733 0.77296 0.92165 0.38802
-0.55626 0.77341 0.92247 0.38606
-0.55519 0.77386 0.92329 0.38412
-0.55412 0.77430 0.92409 0.38217
-0.55304 0.77474 0.92489 0.38024
-0.55197 0.77518 0.92568 0.37831
-0.55089 0.77562 0.92646 0.37638
-0.54980 0.77606 0.92724 0.37447
-0.54872 0.77650 0.92801 0.37255
-0.54763 0.77693 0.92877 0.37065
-0.54654 0.77737 0.92953 0.36875
-0.54545 0.77780 0.93028 0.36686
-0.54436 0.77823 0.93102 0.36497
-0.54326 0.77866 0.93175 0.36309
-0.54216 0.77908 0.93248 0.36122
-0.54106 0.77951 0.93320 0.35935
-0.53996 0.77993 0.93392 0.35749
-0.53885 0.78036 0.93463 0.35563
-0.53774 0.78078 0.93533 0.35379
-0.53663 0.78120 0.93602 0.35194
-0.53552 0.78161 0.93671 0.35011
-0.53440 0.78203 0.93739 0.34828
-0.53328 0.78244 0.93807 0.34646
-0.53216 0.78286 0.93873 0.34464
-0.53104 0.78327 0.93940 0.34283
-0.52991 0.78368 0.94005 0.34103
-0.52878 0.78409 0.94070 0.33923
-0.52765 0.78449 0.94135 0.33744
-0.52652 0.78490 0.94198 0.33566
-0.52538 0.78530 0.94261 0.33388
-0.52425 0.78570 0.94324 0.33211
-0.52311 0.78610 0.94386 0.33035
-0.52196 0.78650 0.94447 0.32859
-0.52082 0.78690 0.94508 0.32684
-0.51967 0.78730 0.94568 0.32510
-0.51852 0.78769 0.94628 0.32336
-0.51736 0.78808 0.94686 0.32163
-0.51621 0.78847 0.94745 0.31991
-0.51505 0.78886 0.94803 0.31819
-0.51389 0.78925 0.94860 0.31648
-0.51273 0.78964 0.94917 0.31477
-0.51156 0.79002 0.94973 0.31308
-0.51040 0.79041 0.95028 0.31139
-0.50922 0.79079 0.95083 0.30970
-0.50805 0.79117 0.95138 0.30802
-0.50688 0.79155 0.95192 0.30635
-0.50570 0.79193 0.95245 0.30469
-0.50452 0.79230 0.95298 0.30303
-0.50334 0.79268 0.95350 0.30138
-0.50215 0.79305 0.95402 0.29973
-0.50096 0.79342 0.95454 0.29809
-0.49977 0.79380 0.95504 0.29646
-0.49858 0.79416 0.95555 0.29484
-0.49739 0.79453 0.95605 0.29322
-0.49619 0.79490 0.95654 0.29161
-0.49499 0.79526 0.95703 0.29000
-0.49379 0.79563 0.95751 0.28840
-0.49258 0.79599 0.95799 0.28681
-0.49138 0.79635 0.95846 0.28522
-0.49017 0.79671 0.95893 0.28364
-0.48896 0.79706 0.95939 0.28207
-0.48774 0.79742 0.95985 0.28050
-0.48653 0.79777 0.96031 0.27894
-0.48531 0.79813 0.96076 0.27739
-0.48408 0.79848 0.96120 0.27584
-0.48286 0.79883 0.96164 0.27430
-0.48163 0.79918 0.96208 0.27277
-0.48041 0.79953 0.96251 0.27124
-0.47917 0.79987 0.96294 0.26972
-0.47794 0.80022 0.96336 0.26820
-0.47670 0.80056 0.96378 0.26670
-0.47547 0.80090 0.96420 0.26519
-0.47423 0.80124 0.96461 0.26370
-0.47298 0.80158 0.96501 0.26221
-0.47174 0.80192 0.96541 0.26073
-0.47049 0.80225 0.96581 0.25925
-0.46924 0.80259 0.96620 0.25778
-0.46798 0.80292 0.96659 0.25632
-0.46673 0.80325 0.96698 0.25486
-0.46547 0.80358 0.96736 0.25341
-0.46421 0.80391 0.96774 0.25196
-0.46295 0.80424 0.96811 0.25052
-0.46168 0.80457 0.96848 0.24909
-0.46042 0.80489 0.96885 0.24766
-0.45915 0.80521 0.96921 0.24624
-0.45787 0.80554 0.96957 0.24483
-0.45660 0.80586 0.96992 0.24342
-0.45532 0.80618 0.97027 0.24202
-0.45404 0.80650 0.97062 0.24062
-0.45276 0.80681 0.97096 0.23923
-0.45148 0.80713 0.97130 0.23785
-0.45019 0.80744 0.97164 0.23647
-0.44890 0.80775 0.97197 0.23510
-0.44761 0.80807 0.97230 0.23374
-0.44632 0.80838 0.97263 0.23238
-0.44502 0.80868 0.97295 0.23102
-0.44372 0.80899 0.97327 0.22968
-0.44242 0.80930 0.97358 0.22833
-0.44112 0.80960 0.97389 0.22700
-0.43982 0.80991 0.97420 0.22567
-0.43851 0.81021 0.97451 0.22435
-0.43720 0.81051 0.97481 0.22303
-0.43589 0.81081 0.97511 0.22172
-0.43457 0.81111 0.97541 0.22041
-0.43325 0.81140 0.97570 0.21911
-0.43193 0.81170 0.97599 0.21782
-0.43061 0.81199 0.97628 0.21653
-0.42929 0.81228 0.97656 0.21524
-0.42796 0.81258 0.97684 0.21397
-0.42663 0.81287 0.97712 0.21270
-0.42530 0.81315 0.97739 0.21143
-0.42397 0.81344 0.97767 0.21017
-0.42263 0.81373 0.97793 0.20891
-0.42130 0.81401 0.97820 0.20767
-0.41996 0.81430 0.97846 0.20642
-0.41861 0.81458 0.97872 0.20518
-0.41727 0.81486 0.97898 0.20395
-0.41592 0.81514 0.97924 0.20273
-0.41457 0.81542 0.97949 0.20150
-0.41322 0.81570 0.97974 0.20029
-0.41187 0.81597 0.97998 0.19908
-0.41051 0.81625 0.98023 0.19787
-0.40915 0.81652 0.98047 0.19667
-0.40779 0.81679 0.98071 0.19548
-0.40643 0.81706 0.98094 0.19429
-0.40506 0.81733 0.98118 0.19311
-0.40369 0.81760 0.98141 0.19193
-0.40233 0.81787 0.98164 0.19076
-0.40095 0.81813 0.98186 0.18959
-0.39958 0.81840 0.98209 0.18843
-0.39820 0.81866 0.98231 0.18727
-0.39682 0.81892 0.98253 0.18612
-0.39544 0.81918 0.98274 0.18497
-0.39406 0.81944 0.98296 0.18383
-0.39267 0.81970 0.98317 0.18269
-0.39129 0.81996 0.98338 0.18156
-0.38990 0.82021 0.98359 0.18044
-0.38850 0.82047 0.98379 0.17932
-0.38711 0.82072 0.98399 0.17820
-0.38571 0.82097 0.98420 0.17709
-0.38431 0.82123 0.98439 0.17598
-0.38291 0.82148 0.98459 0.17488
-0.38151 0.82172 0.98478 0.17378
-0.38010 0.82197 0.98498 0.17269
-0.37870 0.82222 0.98517 0.17161
-0.37729 0.82246 0.98535 0.17052
-0.37588 0.82271 0.98554 0.16945
-0.37446 0.82295 0.98572 0.16838
-0.37305 0.82319 0.98590 0.16731
-0.37163 0.82343 0.98608 0.16625
-0.37021 0.82367 0.98626 0.16519
-0.36878 0.82390 0.98644 0.16414
-0.36736 0.82414 0.98661 0.16309
-0.36593 0.82438 0.98678 0.16204
-0.36450 0.82461 0.98695 0.16100
-0.36307 0.82484 0.98712 0.15997
-0.36164 0.82507 0.98729 0.15894
-0.36020 0.82530 0.98745 0.15791
-0.35877 0.82553 0.98762 0.15689
-0.35733 0.82576 0.98778 0.15588
-0.35588 0.82599 0.98794 0.15487
-0.35444 0.82621 0.98809 0.15386
-0.35299 0.82644 0.98825 0.15285
-0.35155 0.82666 0.98840 0.15186
-0.35010 0.82688 0.98855 0.15086
-0.34864 0.82710 0.98871 0.14987
-0.34719 0.82732 0.98885 0.14889
-0.34573 0.82754 0.98900 0.14791
-0.34428 0.82776 0.98915 0.14693
-0.34282 0.82798 0.98929 0.14596
-0.34135 0.82819 0.98943 0.14499
-0.33989 0.82840 0.98957 0.14402
-0.33842 0.82862 0.98971 0.14306
-0.33695 0.82883 0.98985 0.14211
-0.33548 0.82904 0.98999 0.14116
-0.33401 0.82925 0.99012 0.14021
-0.33254 0.82946 0.99026 0.13927
-0.33106 0.82966 0.99039 0.13833
-0.32958 0.82987 0.99052 0.13739
-0.32810 0.83007 0.99065 0.13646
-0.32662 0.83028 0.99077 0.13553
-0.32513 0.83048 0.99090 0.13461
-0.32365 0.83068 0.99102 0.13369
-0.32216 0.83088 0.99115 0.13277
-0.32067 0.83108 0.99127 0.13186
-0.31918 0.83128 0.99139 0.13095
-0.31768 0.83147 0.99151 0.13005
-0.31619 0.83167 0.99163 0.12915
-0.31469 0.83186 0.99174 0.12825
-0.31319 0.83206 0.99186 0.12736
-0.31169 0.83225 0.99197 0.12647
-0.31018 0.83244 0.99208 0.12559
-0.30868 0.83263 0.99219 0.12471
-0.30717 0.83282 0.99230 0.12383
-0.30566 0.83301 0.99241 0.12295
-0.30415 0.83319 0.99252 0.12208
-0.30264 0.83338 0.99263 0.12122
-0.30112 0.83356 0.99273 0.12035
-0.29960 0.83375 0.99283 0.11949
-0.29809 0.83393 0.99294 0.11864
-0.29657 0.83411 0.99304 0.11778
-0.29504 0.83429 0.99314 0.11694
-0.29352 0.83447 0.99324 0.11609
-0.29199 0.83465 0.99334 0.11525
-0.29046 0.83482 0.99343 0.11441
-0.28893 0.83500 0.99353 0.11357
-0.28740 0.83517 0.99362 0.11274
-0.28587 0.83535 0.99372 0.11191
-0.28434 0.83552 0.99381 0.11109
-0.28280 0.83569 0.99390 0.11027
-0.28126 0.83586 0.99399 0.10945
-0.27972 0.83603 0.99408 0.10863
-0.27818 0.83620 0.99417 0.10782
-0.27663 0.83636 0.99426 0.10701
-0.27509 0.83653 0.99434 0.10620
-0.27354 0.83669 0.99443 0.10540
-0.27199 0.83686 0.99451 0.10460
-0.27044 0.83702 0.99460 0.10380
-0.26889 0.83718 0.99468 0.10301
-0.26733 0.83734 0.99476 0.10222
-0.26578 0.83750 0.99484 0.10143
-0.26422 0.83766 0.99492 0.10065
-0.26266 0.83782 0.99500 0.09987
-0.26110 0.83797 0.99508 0.09909
-0.25954 0.83813 0.99516 0.09831
-0.25797 0.83828 0.99523 0.09754
-0.25641 0.83843 0.99531 0.09677
-0.25484 0.83859 0.99538 0.09601
-0.25327 0.83874 0.99545 0.09524
-0.25170 0.83889 0.99553 0.09448
-0.25013 0.83903 0.99560 0.09372
-0.24855 0.83918 0.99567 0.09297
-0.24698 0.83933 0.99574 0.09222
-0.24540 0.83947 0.99581 0.09147
-0.24382 0.83962 0.99588 0.09072
-0.24224 0.83976 0.99594 0.08997
-0.24066 0.83990 0.99601 0.08923
-0.23908 0.84005 0.99608 0.08849
-0.23749 0.84019 0.99614 0.08776
-0.23591 0.84033 0.99621 0.08702
-0.23432 0.84046 0.99627 0.08629
-0.23273 0.84060 0.99633 0.08557
-0.23114 0.84074 0.99639 0.08484
-0.22955 0.84087 0.99646 0.08412
-0.22795 0.84101 0.99652 0.08340
-0.22636 0.84114 0.99658 0.08268
-0.22476 0.84127 0.99664 0.08196
-0.22316 0.84140 0.99669 0.08125
-0.22156 0.84153 0.99675 0.08054
-0.21996 0.84166 0.99681 0.07983
-0.21836 0.84179 0.99686 0.07912
-0.21676 0.84191 0.99692 0.07842
-0.21515 0.84204 0.99698 0.07772
-0.21354 0.84216 0.99703 0.07702
-0.21193 0.84229 0.99708 0.07632
-0.21032 0.84241 0.99714 0.07563
-0.20871 0.84253 0.99719 0.07494
-0.20710 0.84265 0.99724 0.07425
-0.20549 0.84277 0.99729 0.07356
-0.20387 0.84289 0.99734 0.07287
-0.20226 0.84301 0.99739 0.07219
-0.20064 0.84313 0.99744 0.07151
-0.19902 0.84324 0.99749 0.07083
-0.19740 0.84336 0.99754 0.07015
-0.19578 0.84347 0.99758 0.06948
-0.19415 0.84358 0.99763 0.06881
-0.19253 0.84369 0.99768 0.06814
-0.19091 0.84380 0.99772 0.06747
-0.18928 0.84391 0.99777 0.06680
-0.18765 0.84402 0.99781 0.06614
-0.18602 0.84413 0.99785 0.06547
-0.18439 0.84424 0.99790 0.06481
-0.18276 0.84434 0.99794 0.06416
-0.18113 0.84444 0.99798 0.06350
-0.17949 0.84455 0.99802 0.06284
-0.17786 0.84465 0.99806 0.06219
-0.17622 0.84475 0.99810 0.06154
-0.17458 0.84485 0.99814 0.06089
-0.17294 0.84495 0.99818 0.06025
-0.17130 0.84505 0.99822 0.05960
-0.16966 0.84515 0.99826 0.05896
-0.16802 0.84524 0.99830 0.05831
-0.16638 0.84534 0.99834 0.05767
-0.16473 0.84543 0.99837 0.05704
-0.16309 0.84553 0.99841 0.05640
-0.16144 0.84562 0.99844 0.05577
-0.15979 0.84571 0.99848 0.05513
-0.15814 0.84580 0.99851 0.05450
-0.15649 0.84589 0.99855 0.05387
-0.15484 0.84598 0.99858 0.05324
-0.15319 0.84607 0.99861 0.05262
-0.15154 0.84615 0.99865 0.05199
-0.14988 0.84624 0.99868 0.05137
-0.14823 0.84632 0.99871 0.05075
-0.14657 0.84641 0.99874 0.05013
-0.14492 0.84649 0.99877 0.04951
-0.14326 0.84657 0.99880 0.04889
-0.14160 0.84665 0.99883 0.04827
-0.13994 0.84673 0.99886 0.04766
-0.13828 0.84681 0.99889 0.04705
-0.13662 0.84689 0.99892 0.04643
-0.13496 0.84697 0.99895 0.04582
-0.13329 0.84704 0.99898 0.04522
-0.13163 0.84712 0.99900 0.04461
-0.12996 0.84719 0.99903 0.04400
-0.12830 0.84726 0.99906 0.04340
-0.12663 0.84734 0.99908 0.04279
-0.12496 0.84741 0.99911 0.04219
-0.12329 0.84748 0.99913 0.04159
-0.12162 0.84755 0.99916 0.04099
-0.11995 0.84761 0.99918 0.04039
-0.11828 0.84768 0.99921 0.03980
-0.11661 0.84775 0.99923 0.03920
-0.11494 0.84781 0.99925 0.03861
-0.11326 0.84788 0.99928 0.03801
-0.11159 0.84794 0.99930 0.03742
-0.10991 0.84800 0.99932 0.03683
-0.10824 0.84806 0.99934 0.03624
-0.10656 0.84812 0.99936 0.03565
-0.10488 0.84818 0.99939 0.03506
-0.10320 0.84824 0.99941 0.03447
-0.10153 0.84830 0.99943 0.03389
-0.09985 0.84835 0.99945 0.03330
-0.09817 0.84841 0.99946 0.03272
-0.09649 0.84846 0.99948 0.03214
-0.09480 0.84852 0.99950 0.03155
-0.09312 0.84857 0.99952 0.03097
-0.09144 0.84862 0.99954 0.03039
-0.08976 0.84867 0.99956 0.02981
-0.08807 0.84872 0.99957 0.02924
-0.08639 0.84877 0.99959 0.02866
-0.08470 0.84882 0.99961 0.02808
-0.08302 0.84887 0.99962 0.02751
-0.08133 0.84891 0.99964 0.02693
-0.07964 0.84896 0.99965 0.02636
-0.07796 0.84900 0.99967 0.02578
-0.07627 0.84904 0.99968 0.02521
-0.07458 0.84909 0.99970 0.02464
-0.07289 0.84913 0.99971 0.02407
-0.07120 0.84917 0.99972 0.02350
-0.06951 0.84921 0.99974 0.02293
-0.06782 0.84925 0.99975 0.02236
-0.06613 0.84928 0.99976 0.02179
-0.06444 0.84932 0.99977 0.02123
-0.06275 0.84935 0.99979 0.02066
-0.06105 0.84939 0.99980 0.02009
-0.05936 0.84942 0.99981 0.01953
-0.05767 0.84946 0.99982 0.01896
-0.05598 0.84949 0.99983 0.01840
-0.05428 0.84952 0.99984 0.01783
-0.05259 0.84955 0.99985 0.01727
-0.05089 0.84958 0.99986 0.01671
-0.04920 0.84960 0.99987 0.01615
-0.04750 0.84963 0.99988 0.01558
-0.04581 0.84966 0.99989 0.01502
-0.04411 0.84968 0.99990 0.01446
-0.04241 0.84971 0.99990 0.01390
-0.04072 0.84973 0.99991 0.01334
-0.03902 0.84975 0.99992 0.01278
-0.03732 0.84977 0.99993 0.01222
-0.03563 0.84979 0.99993 0.01166
-0.03393 0.84981 0.99994 0.01110
-0.03223 0.84983 0.99994 0.01055
-0.03053 0.84985 0.99995 0.00999
-0.02884 0.84986 0.99996 0.00943
-0.02714 0.84988 0.99996 0.00887
-0.02544 0.84989 0.99997 0.00832
-0.02374 0.84991 0.99997 0.00776
-0.02204 0.84992 0.99997 0.00720
-0.02034 0.84993 0.99998 0.00665
-0.01864 0.84994 0.99998 0.00609
-0.01694 0.84995 0.99998 0.00553
-0.01524 0.84996 0.99999 0.00498
-0.01354 0.84997 0.99999 0.00442
-0.01184 0.84998 0.99999 0.00387
-0.01014 0.84998 0.99999 0.00331
-0.00844 0.84999 1.00000 0.00276
-0.00675 0.84999 1.00000 0.00220
-0.00505 0.85000 1.00000 0.00165
-0.00335 0.85000 1.00000 0.00109
-0.00165 0.85000 1.00000 0.00054
0.00005 0.85000 1.00000 -0.00002
0.00175 0.85000 1.00000 -0.00057
0.00345 0.85000 1.00000 -0.00113
0.00515 0.85000 1.00000 -0.00168
0.00685 0.84999 1.00000 -0.00224
0.00855 0.84999 1.00000 -0.00279
0.01025 0.84998 0.99999 -0.00335
0.01195 0.84998 0.99999 -0.00390
0.01365 0.84997 0.99999 -0.00446
0.01535 0.84996 0.99999 -0.00501
0.01705 0.84995 0.99998 -0.00557
0.01875 0.84994 0.99998 -0.00613
0.02045 0.84993 0.99998 -0.00668
0.02215 0.84992 0.99997 -0.00724
0.02385 0.84991 0.99997 -0.00780
0.02555 0.84989 0.99997 -0.00835
0.02725 0.84988 0.99996 -0.00891
0.02895 0.84986 0.99996 -0.00947
0.03064 0.84985 0.99995 -0.01002
0.03234 0.84983 0.99994 -0.01058
0.03404 0.84981 0.99994 -0.01114
0.03574 0.84979 0.99993 -0.01170
0.03743 0.84977 0.99992 -0.01226
0.03913 0.84975 0.99992 -0.01282
0.04083 0.84973 0.99991 -0.01338
0.04252 0.84970 0.99990 -0.01394
0.04422 0.84968 0.99989 -0.01450
0.04592 0.84966 0.99989 -0.01506
0.04761 0.84963 0.99988 -0.01562
0.04931 0.84960 0.99987 -0.01618
0.05100 0.84957 0.99986 -0.01674
0.05270 0.84955 0.99985 -0.01731
0.05439 0.84952 0.99984 -0.01787
0.05608 0.84948 0.99983 -0.01843
0.05778 0.84945 0.99982 -0.01900
0.05947 0.84942 0.99981 -0.01956
0.06116 0.84939 0.99980 -0.02013
0.06286 0.84935 0.99979 -0.02070
0.06455 0.84932 0.99977 -0.02126
0.06624 0.84928 0.99976 -0.02183
0.06793 0.84924 0.99975 -0.02240
0.06962 0.84920 0.99974 -0.02297
0.07131 0.84917 0.99972 -0.02354
0.07300 0.84913 0.99971 -0.02411
0.07469 0.84908 0.99970 -0.02468
0.07638 0.84904 0.99968 -0.02525
0.07806 0.84900 0.99967 -0.02582
0.07975 0.84895 0.99965 -0.02639
0.08144 0.84891 0.99964 -0.02697
0.08313 0.84886 0.99962 -0.02754
0.08481 0.84882 0.99960 -0.02812
0.08650 0.84877 0.99959 -0.02870
0.08818 0.84872 0.99957 -0.02927
0.08986 0.84867 0.99955 -0.02985
0.09155 0.84862 0.99954 -0.03043
0.09323 0.84857 0.99952 -0.03101
0.09491 0.84851 0.99950 -0.03159
0.09659 0.84846 0.99948 -0.03217
0.09828 0.84841 0.99946 -0.03276
0.09996 0.84835 0.99944 -0.03334
0.10163 0.84829 0.99942 -0.03393
0.10331 0.84824 0.99940 -0.03451
0.10499 0.84818 0.99938 -0.03510
0.10667 0.84812 0.99936 -0.03569
0.10835 0.84806 0.99934 -0.03628
0.11002 0.84800 0.99932 -0.03687
0.11170 0.84794 0.99930 -0.03746
0.11337 0.84787 0.99928 -0.03805
0.11504 0.84781 0.99925 -0.03864
0.11672 0.84774 0.99923 -0.03924
0.11839 0.84768 0.99921 -0.03983
0.12006 0.84761 0.99918 -0.04043
0.12173 0.84754 0.99916 -0.04103
0.12340 0.84747 0.99913 -0.04163
0.12507 0.84740 0.99911 -0.04223
0.12674 0.84733 0.99908 -0.04283
0.12840 0.84726 0.99906 -0.04344
0.13007 0.84719 0.99903 -0.04404
0.13173 0.84711 0.99900 -0.04465
0.13340 0.84704 0.99898 -0.04525
0.13506 0.84696 0.99895 -0.04586
0.13673 0.84688 0.99892 -0.04647
0.13839 0.84681 0.99889 -0.04709
0.14005 0.84673 0.99886 -0.04770
0.14171 0.84665 0.99883 -0.04831
0.14337 0.84657 0.99880 -0.04893
0.14502 0.84649 0.99877 -0.04955
0.14668 0.84640 0.99874 -0.05017
0.14834 0.84632 0.99871 -0.05079
0.14999 0.84623 0.99868 -0.05141
0.15165 0.84615 0.99865 -0.05203
0.15330 0.84606 0.99861 -0.05266
0.15495 0.84597 0.99858 -0.05328
0.15660 0.84589 0.99855 -0.05391
0.15825 0.84580 0.99851 -0.05454
0.15990 0.84571 0.99848 -0.05517
0.16155 0.84561 0.99844 -0.05581
0.16319 0.84552 0.99841 -0.05644
0.16484 0.84543 0.99837 -0.05708
0.16648 0.84533 0.99833 -0.05772
0.16813 0.84524 0.99830 -0.05836
0.16977 0.84514 0.99826 -0.05900
0.17141 0.84504 0.99822 -0.05964
0.17305 0.84495 0.99818 -0.06029
0.17469 0.84485 0.99814 -0.06093
0.17633 0.84475 0.99810 -0.06158
0.17796 0.84464 0.99806 -0.06223
0.17960 0.84454 0.99802 -0.06289
0.18123 0.84444 0.99798 -0.06354
0.18286 0.84433 0.99794 -0.06420
0.18450 0.84423 0.99789 -0.06486
0.18613 0.84412 0.99785 -0.06552
0.18776 0.84401 0.99781 -0.06618
0.18938 0.84391 0.99776 -0.06684
0.19101 0.84380 0.99772 -0.06751
0.19264 0.84369 0.99767 -0.06818
0.19426 0.84357 0.99763 -0.06885
0.19588 0.84346 0.99758 -0.06952
0.19750 0.84335 0.99753 -0.07020
0.19912 0.84323 0.99749 -0.07087
0.20074 0.84312 0.99744 -0.07155
0.20236 0.84300 0.99739 -0.07223
0.20398 0.84288 0.99734 -0.07292
0.20559 0.84277 0.99729 -0.07360
0.20721 0.84265 0.99724 -0.07429
0.20882 0.84252 0.99718 -0.07498
0.21043 0.84240 0.99713 -0.07567
0.21204 0.84228 0.99708 -0.07637
0.21365 0.84216 0.99703 -0.07706
0.21525 0.84203 0.99697 -0.07776
0.21686 0.84191 0.99692 -0.07846
0.21846 0.84178 0.99686 -0.07917
0.22006 0.84165 0.99680 -0.07987
0.22167 0.84152 0.99675 -0.08058
0.22327 0.84139 0.99669 -0.08129
0.22486 0.84126 0.99663 -0.08201
0.22646 0.84113 0.99657 -0.08272
0.22806 0.84100 0.99651 -0.08344
0.22965 0.84086 0.99645 -0.08416
0.23124 0.84073 0.99639 -0.08489
0.23283 0.84059 0.99633 -0.08561
0.23442 0.84045 0.99627 -0.08634
0.23601 0.84032 0.99620 -0.08707
0.23760 0.84018 0.99614 -0.08781
0.23918 0.84004 0.99607 -0.08854
0.24076 0.83990 0.99601 -0.08928
0.24235 0.83975 0.99594 -0.09002
0.24393 0.83961 0.99587 -0.09077
0.24550 0.83947 0.99580 -0.09151
0.24708 0.83932 0.99573 -0.09226
0.24866 0.83917 0.99566 -0.09302
0.25023 0.83903 0.99559 -0.09377
0.25180 0.83888 0.99552 -0.09453
0.25337 0.83873 0.99545 -0.09529
0.25494 0.83858 0.99538 -0.09606
0.25651 0.83842 0.99530 -0.09682
0.25808 0.83827 0.99523 -0.09759
0.25964 0.83812 0.99515 -0.09836
0.26120 0.83796 0.99507 -0.09914
0.26276 0.83781 0.99500 -0.09992
0.26432 0.83765 0.99492 -0.10070
0.26588 0.83749 0.99484 -0.10148
0.26743 0.83733 0.99476 -0.10227
0.26899 0.83717 0.99467 -0.10306
0.27054 0.83701 0.99459 -0.10386
0.27209 0.83685 0.99451 -0.10465
0.27364 0.83668 0.99442 -0.10545
0.27519 0.83652 0.99434 -0.10626
0.27673 0.83635 0.99425 -0.10706
0.27828 0.83619 0.99416 -0.10787
0.27982 0.83602 0.99408 -0.10868
0.28136 0.83585 0.99399 -0.10950
0.28290 0.83568 0.99390 -0.11032
0.28443 0.83551 0.99380 -0.11114
0.28597 0.83534 0.99371 -0.11197
0.28750 0.83516 0.99362 -0.11280
0.28903 0.83499 0.99352 -0.11363
0.29056 0.83481 0.99343 -0.11446
0.29209 0.83464 0.99333 -0.11530
0.29362 0.83446 0.99323 -0.11614
0.29514 0.83428 0.99313 -0.11699
0.29666 0.83410 0.99303 -0.11784
0.29818 0.83392 0.99293 -0.11869
0.29970 0.83374 0.99283 -0.11955
0.30122 0.83355 0.99272 -0.12041
0.30273 0.83337 0.99262 -0.12127
0.30425 0.83318 0.99251 -0.12214
0.30576 0.83300 0.99241 -0.12301
0.30727 0.83281 0.99230 -0.12388
0.30878 0.83262 0.99219 -0.12476
0.31028 0.83243 0.99208 -0.12564
0.31178 0.83224 0.99196 -0.12653
0.31329 0.83205 0.99185 -0.12742
0.31479 0.83185 0.99173 -0.12831
0.31628 0.83166 0.99162 -0.12921
0.31778 0.83146 0.99150 -0.13011
0.31927 0.83127 0.99138 -0.13101
0.32077 0.83107 0.99126 -0.13192
0.32226 0.83087 0.99114 -0.13283
0.32374 0.83067 0.99102 -0.13375
0.32523 0.83047 0.99089 -0.13467
0.32671 0.83026 0.99076 -0.13559
0.32820 0.83006 0.99064 -0.13652
0.32968 0.82986 0.99051 -0.13745
0.33116 0.82965 0.99038 -0.13839
0.33263 0.82944 0.99025 -0.13933
0.33411 0.82924 0.99011 -0.14027
0.33558 0.82903 0.98998 -0.14122
0.33705 0.82882 0.98984 -0.14217
0.33852 0.82860 0.98970 -0.14313
0.33998 0.82839 0.98957 -0.14409
0.34145 0.82818 0.98942 -0.14505
0.34291 0.82796 0.98928 -0.14602
0.34437 0.82775 0.98914 -0.14699
0.34583 0.82753 0.98899 -0.14797
0.34728 0.82731 0.98884 -0.14895
0.34874 0.82709 0.98870 -0.14994
0.35019 0.82687 0.98855 -0.15093
0.35164 0.82665 0.98839 -0.15192
0.35309 0.82642 0.98824 -0.15292
0.35453 0.82620 0.98808 -0.15392
0.35598 0.82597 0.98793 -0.15493
0.35742 0.82575 0.98777 -0.15594
0.35886 0.82552 0.98761 -0.15696
0.36030 0.82529 0.98744 -0.15798
0.36173 0.82506 0.98728 -0.15901
0.36316 0.82483 0.98711 -0.16004
0.36460 0.82459 0.98694 -0.16107
0.36602 0.82436 0.98677 -0.16211
0.36745 0.82413 0.98660 -0.16315
0.36888 0.82389 0.98643 -0.16420
0.37030 0.82365 0.98625 -0.16526
0.37172 0.82341 0.98607 -0.16631
0.37314 0.82317 0.98589 -0.16738
0.37455 0.82293 0.98571 -0.16844
0.37597 0.82269 0.98553 -0.16952
0.37738 0.82245 0.98534 -0.17059
0.37879 0.82220 0.98515 -0.17168
0.38020 0.82195 0.98496 -0.17276
0.38160 0.82171 0.98477 -0.17385
0.38300 0.82146 0.98458 -0.17495
0.38440 0.82121 0.98438 -0.17605
0.38580 0.82096 0.98418 -0.17716
0.38720 0.82071 0.98398 -0.17827
0.38859 0.82045 0.98378 -0.17939
0.38999 0.82020 0.98357 -0.18051
0.39138 0.81994 0.98337 -0.18164
0.39276 0.81969 0.98316 -0.18277
0.39415 0.81943 0.98294 -0.18390
0.39553 0.81917 0.98273 -0.18505
0.39691 0.81891 0.98251 -0.18619
0.39829 0.81864 0.98229 -0.18734
0.39967 0.81838 0.98207 -0.18850
0.40104 0.81812 0.98185 -0.18966
0.40241 0.81785 0.98162 -0.19083
0.40378 0.81758 0.98139 -0.19201
0.40515 0.81731 0.98116 -0.19318
0.40652 0.81705 0.98093 -0.19437
0.40788 0.81677 0.98069 -0.19556
0.40924 0.81650 0.98045 -0.19675
0.41060 0.81623 0.98021 -0.19795
0.41195 0.81595 0.97997 -0.19916
0.41331 0.81568 0.97972 -0.20037
0.41466 0.81540 0.97947 -0.20158
0.41601 0.81512 0.97922 -0.20280
0.41736 0.81484 0.97896 -0.20403
0.41870 0.81456 0.97871 -0.20526
0.42004 0.81428 0.97845 -0.20650
0.42138 0.81400 0.97818 -0.20775
0.42272 0.81371 0.97792 -0.20900
0.42406 0.81342 0.97765 -0.21025
0.42539 0.81314 0.97738 -0.21151
0.42672 0.81285 0.97710 -0.21278
0.42805 0.81256 0.97682 -0.21405
0.42937 0.81227 0.97654 -0.21533
0.43070 0.81197 0.97626 -0.21661
0.43202 0.81168 0.97597 -0.21790
0.43334 0.81138 0.97568 -0.21919
0.43466 0.81109 0.97539 -0.22049
0.43597 0.81079 0.97509 -0.22180
0.43728 0.81049 0.97479 -0.22311
0.43859 0.81019 0.97449 -0.22443
0.43990 0.80989 0.97418 -0.22576
0.44121 0.80958 0.97387 -0.22709
0.44251 0.80928 0.97356 -0.22842
0.44381 0.80897 0.97325 -0.22976
0.44511 0.80866 0.97293 -0.23111
0.44640 0.80836 0.97260 -0.23246
0.44770 0.80805 0.97228 -0.23382
0.44899 0.80773 0.97195 -0.23519
0.45028 0.80742 0.97162 -0.23656
0.45156 0.80711 0.97128 -0.23794
0.45285 0.80679 0.97094 -0.23932
0.45413 0.80648 0.97060 -0.24071
0.45541 0.80616 0.97025 -0.24211
0.45668 0.80584 0.96990 -0.24351
0.45796 0.80552 0.96954 -0.24492
0.45923 0.80519 0.96918 -0.24633
0.46050 0.80487 0.96882 -0.24775
0.46177 0.80455 0.96846 -0.24918
0.46303 0.80422 0.96809 -0.25061
0.46429 0.80389 0.96771 -0.25205
0.46555 0.80356 0.96734 -0.25350
0.46681 0.80323 0.96695 -0.25495
0.46807 0.80290 0.96657 -0.25641
0.46932 0.80257 0.96618 -0.25787
0.47057 0.80223 0.96578 -0.25934
0.47182 0.80190 0.96539 -0.26082
0.47306 0.80156 0.96498 -0.26231
0.47431 0.80122 0.96458 -0.26379
0.47555 0.80088 0.96417 -0.26529
0.47678 0.80054 0.96375 -0.26679
0.47802 0.80019 0.96333 -0.26830
0.47925 0.79985 0.96291 -0.26982
0.48049 0.79950 0.96248 -0.27134
0.48171 0.79916 0.96205 -0.27287
0.48294 0.79881 0.96162 -0.27440
0.48416 0.79846 0.96117 -0.27594
0.48539 0.79810 0.96073 -0.27749
0.48660 0.79775 0.96028 -0.27904
0.48782 0.79740 0.95982 -0.28060
0.48903 0.79704 0.95936 -0.28217
0.49025 0.79668 0.95890 -0.28374
0.49146 0.79632 0.95843 -0.28532
0.49266 0.79596 0.95796 -0.28691
0.49387 0.79560 0.95748 -0.28850
0.49507 0.79524 0.95700 -0.29010
0.49627 0.79487 0.95651 -0.29171
0.49746 0.79451 0.95601 -0.29332
0.49866 0.79414 0.95552 -0.29494
0.49985 0.79377 0.95501 -0.29657
0.50104 0.79340 0.95450 -0.29820
0.50223 0.79303 0.95399 -0.29984
0.50341 0.79266 0.95347 -0.30148
0.50460 0.79228 0.95295 -0.30314
0.50578 0.79190 0.95242 -0.30479
0.50695 0.79153 0.95188 -0.30646
0.50813 0.79115 0.95134 -0.30813
0.50930 0.79077 0.95080 -0.30981
0.51047 0.79038 0.95025 -0.31149
0.51164 0.79000 0.94969 -0.31319
0.51280 0.78961 0.94913 -0.31488
0.51397 0.78923 0.94856 -0.31659
0.51513 0.78884 0.94799 -0.31830
0.51628 0.78845 0.94741 -0.32002
0.51744 0.78806 0.94683 -0.32174
0.51859 0.78766 0.94624 -0.32347
0.51974 0.78727 0.94564 -0.32521
0.52089 0.78687 0.94504 -0.32696
0.52204 0.78648 0.94443 -0.32871
0.52318 0.78608 0.94382 -0.33046
0.52432 0.78568 0.94320 -0.33223
0.52546 0.78527 0.94257 -0.33400
0.52659 0.78487 0.94194 -0.33578
0.52773 0.78447 0.94130 -0.33756
0.52886 0.78406 0.94066 -0.33935
0.52999 0.78365 0.94001 -0.34115
0.53111 0.78324 0.93935 -0.34295
0.53224 0.78283 0.93869 -0.34476
0.53336 0.78242 0.93802 -0.34658
0.53447 0.78200 0.93735 -0.34840
0.53559 0.78159 0.93666 -0.35023
0.53670 0.78117 0.93598 -0.35206
0.53782 0.78075 0.93528 -0.35391
0.53892 0.78033 0.93458 -0.35575
0.54003 0.77991 0.93387 -0.35761
0.54113 0.77948 0.93316 -0.35947
0.54223 0.77906 0.93244 -0.36134
0.54333 0.77863 0.93171 -0.36321
0.54443 0.77820 0.93097 -0.36509
0.54552 0.77777 0.93023 -0.36698
0.54662 0.77734 0.92948 -0.36887
0.54770 0.77691 0.92872 -0.37077
0.54879 0.77647 0.92796 -0.37268
0.54987 0.77603 0.92719 -0.37459
0.55096 0.77560 0.92641 -0.37651
0.55204 0.77516 0.92563 -0.37843
0.55311 0.77471 0.92484 -0.38036
0.55419 0.77427 0.92404 -0.38230
0.55526 0.77383 0.92323 -0.38424
0.55633 0.77338 0.92242 -0.38619
0.55739 0.77293 0.92160 -0.38814
0.55846 0.77248 0.92077 -0.39011
0.55952 0.77203 0.91993 -0.39207
0.56058 0.77158 0.91909 -0.39405
0.56164 0.77112 0.91824 -0.39602
0.56269 0.77067 0.91738 -0.39801
0.56374 0.77021 0.91652 -0.40000
0.56479 0.76975 0.91564 -0.40200
0.56584 0.76929 0.91476 -0.40400
0.56688 0.76883 0.91387 -0.40601
0.56793 0.76836 0.91297 -0.40802
0.56897 0.76790 0.91207 -0.41004
0.57000 0.76743 0.91115 -0.41206
0.57104 0.76696 0.91023 -0.41410
0.57207 0.76649 0.90930 -0.41613
0.57310 0.76602 0.90837 -0.41817
0.57413 0.76554 0.90742 -0.42022
0.57515 0.76506 0.90647 -0.42227
0.57618 0.76459 0.90551 -0.42433
0.57720 0.76411 0.90454 -0.42640
0.57822 0.76363 0.90356 -0.42846
0.57923 0.76314 0.90257 -0.43054
0.58024 0.76266 0.90158 -0.43262
0.58125 0.76217 0.90057 -0.43470
0.58226 0.76168 0.89956 -0.43679
0.58327 0.76119 0.89854 -0.43889
0.58427 0.76070 0.89751 -0.44099
0.58527 0.76021 0.89648 -0.44309
0.58627 0.75971 0.89543 -0.44520
0.58727 0.75922 0.89438 -0.44731
0.58826 0.75872 0.89331 -0.44943
0.58925 0.75822 0.89224 -0.45156
0.59024 0.75772 0.89116 -0.45369
0.59123 0.75721 0.89007 -0.45582
0.59221 0.75671 0.88897 -0.45796
0.59319 0.75620 0.88787 -0.46010
0.59417 0.75569 0.88675 -0.46225
0.59515 0.75518 0.88563 -0.46440
0.59612 0.75467 0.88449 -0.46655
0.59709 0.75416 0.88335 -0.46871
0.59806 0.75364 0.88220 -0.47088
0.59903 0.75312 0.88104 -0.47305
0.59999 0.75260 0.87987 -0.47522
0.60096 0.75208 0.87869 -0.47739
0.60192 0.75156 0.87750 -0.47957
0.60287 0.75103 0.87630 -0.48176
0.60383 0.75051 0.87510 -0.48394
0.60478 0.74998 0.87388 -0.48614
0.60573 0.74945 0.87266 -0.48833
0.60668 0.74892 0.87142 -0.49053
0.60762 0.74838 0.87018 -0.49273
0.60857 0.74785 0.86893 -0.49494
0.60951 0.74731 0.86767 -0.49714
0.61045 0.74677 0.86640 -0.49936
0.61138 0.74623 0.86512 -0.50157
0.61231 0.74569 0.86383 -0.50379
0.61325 0.74514 0.86253 -0.50601
0.61417 0.74460 0.86122 -0.50823
0.61510 0.74405 0.85990 -0.51046
0.61602 0.74350 0.85857 -0.51269
0.61695 0.74295 0.85724 -0.51492
0.61787 0.74239 0.85589 -0.51716
0.61878 0.74184 0.85453 -0.51940
0.61970 0.74128 0.85317 -0.52164
0.62061 0.74072 0.85179 -0.52388
0.62152 0.74016 0.85041 -0.52612
0.62243 0.73960 0.84902 -0.52837
0.62333 0.73903 0.84761 -0.53062
0.62423 0.73846 0.84620 -0.53287
0.62513 0.73790 0.84478 -0.53512
0.62603 0.73733 0.84334 -0.53737
0.62693 0.73675 0.84190 -0.53963
0.62782 0.73618 0.84045 -0.54189
0.62871 0.73560 0.83899 -0.54415
0.62960 0.73503 0.83752 -0.54641
0.63049 0.73445 0.83604 -0.54867
0.63137 0.73386 0.83455 -0.55093
0.63225 0.73328 0.83305 -0.55319
0.63313 0.73269 0.83154 -0.55546
0.63401 0.73211 0.83003 -0.55772
0.63488 0.73152 0.82850 -0.55999
0.63575 0.73093 0.82696 -0.56226
0.63662 0.73033 0.82541 -0.56453
0.63749 0.72974 0.82386 -0.56680
0.63836 0.72914 0.82229 -0.56906
0.63922 0.72854 0.82072 -0.57133
0.64008 0.72794 0.81913 -0.57360
0.64094 0.72734 0.81754 -0.57587
0.64179 0.72673 0.81594 -0.57814
0.64265 0.72613 0.81432 -0.58041
0.64350 0.72552 0.81270 -0.58268
0.64435 0.72491 0.81107 -0.58495
0.64519 0.72430 0.80943 -0.58722
0.64604 0.72368 0.80778 -0.58949
0.64688 0.72306 0.80612 -0.59175
0.64772 0.72245 0.80445 -0.59402
0.64856 0.72183 0.80277 -0.59629
0.64939 0.72120 0.80108 -0.59855
0.65023 0.72058 0.79939 -0.60082
0.65106 0.71995 0.79768 -0.60308
0.65189 0.71933 0.79597 -0.60534
0.65271 0.71870 0.79424 -0.60760
0.65354 0.71806 0.79251 -0.60986
0.65436 0.71743 0.79077 -0.61212
0.65518 0.71679 0.78902 -0.61437
0.65599 0.71615 0.78726 -0.61663
0.65681 0.71551 0.78549 -0.61888
0.65762 0.71487 0.78371 -0.62113
0.65843 0.71423 0.78192 -0.62337
0.65924 0.71358 0.78013 -0.62562
0.66005 0.71293 0.77832 -0.62786
0.66085 0.71228 0.77651 -0.63010
0.66165 0.71163 0.77469 -0.63234
0.66245 0.71098 0.77286 -0.63458
0.66325 0.71032 0.77102 -0.63681
0.66404 0.70966 0.76917 -0.63904
0.66483 0.70900 0.76732 -0.64127
0.66562 0.70834 0.76545 -0.64349
0.66641 0.70768 0.76358 -0.64571
0.66720 0.70701 0.76170 -0.64793
0.66798 0.70634 0.75981 -0.65014
0.66876 0.70567 0.75792 -0.65235
0.66954 0.70500 0.75601 -0.65456
0.67032 0.70432 0.75410 -0.65676
0.67109 0.70365 0.75218 -0.65896
0.67186 0.70297 0.75025 -0.66116
0.67263 0.70229 0.74831 -0.66335
0.67340 0.70161 0.74637 -0.66553
0.67417 0.70092 0.74442 -0.66772
0.67493 0.70023 0.74246 -0.66990
0.67569 0.69954 0.74049 -0.67207
0.67645 0.69885 0.73851 -0.67424
0.67721 0.69816 0.73653 -0.67640
0.67796 0.69747 0.73454 -0.67856
0.67872 0.69677 0.73255 -0.68072
0.67947 0.69607 0.73054 -0.68287
0.68022 0.69537 0.72853 -0.68501
0.68096 0.69466 0.72651 -0.68715
0.68171 0.69396 0.72449 -0.68929
0.68245 0.69325 0.72246 -0.69142
0.68319 0.69254 0.72042 -0.69354
0.68393 0.69183 0.71837 -0.69566
0.68466 0.69111 0.71632 -0.69777
0.68539 0.69040 0.71426 -0.69988
0.68612 0.68968 0.71220 -0.70198
0.68685 0.68896 0.71012 -0.70408
0.68758 0.68824 0.70805 -0.70617
0.68831 0.68751 0.70596 -0.70825
0.68903 0.68678 0.70387 -0.71033
0.68975 0.68605 0.70178 -0.71240
0.69047 0.68532 0.69968 -0.71446
0.69118 0.68459 0.69757 -0.71652
0.69190 0.68385 0.69546 -0.71857
0.69261 0.68312 0.69334 -0.72061
0.69332 0.68238 0.69121 -0.72265
0.69403 0.68163 0.68908 -0.72468
0.69473 0.68089 0.68695 -0.72671
0.69543 0.68014 0.68481 -0.72873
0.69614 0.67939 0.68266 -0.73074
0.69684 0.67864 0.68051 -0.73274
0.69753 0.67789 0.67835 -0.73473
0.69823 0.67714 0.67619 -0.73672
0.69892 0.67638 0.67403 -0.73871
0.69961 0.67562 0.67186 -0.74068
0.70030 0.67486 0.66968 -0.74265
0.70099 0.67409 0.66751 -0.74460
0.70167 0.67333 0.66532 -0.74656
0.70235 0.67256 0.66314 -0.74850
0.70303 0.67179 0.66094 -0.75044
0.70371 0.67102 0.65875 -0.75236
0.70439 0.67024 0.65655 -0.75428
0.70506 0.66947 0.65435 -0.75620
0.70574 0.66869 0.65214 -0.75810
0.70641 0.66790 0.64993 -0.76000
0.70707 0.66712 0.64771 -0.76188
0.70774 0.66633 0.64550 -0.76376
0.70841 0.66555 0.64328 -0.76564
0.70907 0.66476 0.64105 -0.76750
0.70973 0.66396 0.63882 -0.76935
0.71039 0.66317 0.63659 -0.77120
0.71104 0.66237 0.63436 -0.77304
0.71170 0.66157 0.63213 -0.77487
0.71235 0.66077 0.62989 -0.77669
0.71300 0.65997 0.62765 -0.77850
0.71365 0.65916 0.62540 -0.78030
0.71429 0.65835 0.62316 -0.78210
0.71493 0.65754 0.62091 -0.78388
0.71558 0.65673 0.61866 -0.78566
0.71622 0.65591 0.61641 -0.78743
0.71685 0.65510 0.61415 -0.78919
0.71749 0.65428 0.61190 -0.79094
0.71812 0.65346 0.60964 -0.79268
0.71876 0.65263 0.60738 -0.79441
0.71939 0.65181 0.60512 -0.79613
0.72001 0.65098 0.60286 -0.79785
0.72064 0.65015 0.60060 -0.79955
0.72126 0.64931 0.59833 -0.80125
0.72189 0.64848 0.59607 -0.80293
0.72251 0.64764 0.59380 -0.80461
0.72312 0.64680 0.59154 -0.80628
0.72374 0.64596 0.58927 -0.80794
0.72436 0.64511 0.58700 -0.80959
0.72497 0.64427 0.58473 -0.81123
0.72558 0.64342 0.58246 -0.81286
0.72619 0.64256 0.58019 -0.81448
0.72679 0.64171 0.57792 -0.81609
0.72740 0.64085 0.57565 -0.81769
0.72800 0.64000 0.57338 -0.81929
0.72860 0.63914 0.57111 -0.82087
0.72920 0.63827 0.56884 -0.82244
0.72980 0.63741 0.56658 -0.82401
0.73039 0.63654 0.56431 -0.82556
0.73098 0.63567 0.56204 -0.82711
0.73157 0.63480 0.55977 -0.82865
0.73216 0.63392 0.55751 -0.83017
0.73275 0.63304 0.55524 -0.83169
0.73334 0.63217 0.55297 -0.83320
0.73392 0.63128 0.55071 -0.83470
0.73450 0.63040 0.54845 -0.83618
0.73508 0.62951 0.54619 -0.83766
0.73566 0.62862 0.54393 -0.83913
0.73623 0.62773 0.54167 -0.84059
0.73681 0.62684 0.53941 -0.84204
0.73738 0.62594 0.53716 -0.84348
0.73795 0.62505 0.53490 -0.84491
0.73852 0.62415 0.53265 -0.84634
0.73909 0.62324 0.53040 -0.84775
0.73965 0.62234 0.52815 -0.84915
0.74021 0.62143 0.52590 -0.85054
0.74077 0.62052 0.52366 -0.85193
0.74133 0.61961 0.52142 -0.85330
0.74189 0.61869 0.51918 -0.85467
0.74245 0.61778 0.51694 -0.85602
0.74300 0.61686 0.51471 -0.85737
0.74355 0.61594 0.51248 -0.85870
0.74410 0.61501 0.51025 -0.86003
0.74465 0.61408 0.50802 -0.86135
0.74520 0.61316 0.50580 -0.86265
0.74574 0.61222 0.50357 -0.86395
0.74628 0.61129 0.50136 -0.86524
0.74682 0.61035 0.49914 -0.86652
0.74736 0.60942 0.49693 -0.86779
0.74790 0.60848 0.49472 -0.86905
0.74844 0.60753 0.49252 -0.87030
0.74897 0.60659 0.49032 -0.87154
0.74950 0.60564 0.48812 -0.87278
0.75003 0.60469 0.48592 -0.87400
0.75056 0.60374 0.48373 -0.87522
0.75108 0.60278 0.48155 -0.87642
0.75161 0.60182 0.47936 -0.87762
0.75213 0.60086 0.47718 -0.87880
0.75265 0.59990 0.47501 -0.87998
0.75317 0.59894 0.47284 -0.88115
0.75369 0.59797 0.47067 -0.88231
0.75421 0.59700 0.46850 -0.88346
0.75472 0.59603 0.46634 -0.88460
0.75523 0.59505 0.46419 -0.88574
0.75574 0.59408 0.46204 -0.88686
0.75625 0.59310 0.45989 -0.88797
0.75676 0.59212 0.45775 -0.88908
0.75726 0.59113 0.45561 -0.89018
0.75777 0.59014 0.45348 -0.89127
0.75827 0.58916 0.45135 -0.89235
0.75877 0.58816 0.44923 -0.89342
0.75927 0.58717 0.44711 -0.89448
0.75976 0.58617 0.44500 -0.89553
0.76026 0.58518 0.44289 -0.89658
0.76075 0.58417 0.44078 -0.89761
0.76124 0.58317 0.43868 -0.89864
0.76173 0.58217 0.43659 -0.89966
0.76222 0.58116 0.43450 -0.90067
0.76271 0.58015 0.43242 -0.90167
0.76319 0.57913 0.43034 -0.90267
0.76367 0.57812 0.42826 -0.90365
0.76415 0.57710 0.42620 -0.90463
0.76463 0.57608 0.42413 -0.90560
0.76511 0.57506 0.42207 -0.90656
0.76559 0.57403 0.42002 -0.90751
0.76606 0.57300 0.41798 -0.90846
0.76653 0.57197 0.41593 -0.90939
0.76700 0.57094 0.41390 -0.91032
0.76747 0.56990 0.41187 -0.91124
0.76794 0.56887 0.40984 -0.91216
0.76841 0.56783 0.40782 -0.91306
0.76887 0.56678 0.40581 -0.91396
0.76933 0.56574 0.40380 -0.91485
0.76980 0.56469 0.40180 -0.91573
0.77025 0.56364 0.39981 -0.91660
0.77071 0.56259 0.39782 -0.91747
0.77117 0.56153 0.39583 -0.91832
0.77162 0.56048 0.39385 -0.91917
0.77208 0.55942 0.39188 -0.92002
0.77253 0.55836 0.38992 -0.92085
0.77298 0.55729 0.38796 -0.92168
0.77342 0.55622 0.38600 -0.92250
0.77387 0.55515 0.38405 -0.92331
0.77431 0.55408 0.38211 -0.92412
0.77476 0.55301 0.38017 -0.92491
0.77520 0.55193 0.37824 -0.92571
0.77564 0.55085 0.37632 -0.92649
0.77608 0.54977 0.37440 -0.92727
0.77651 0.54869 0.37249 -0.92804
0.77695 0.54760 0.37059 -0.92880
0.77738 0.54651 0.36869 -0.92955
0.77781 0.54542 0.36680 -0.93030
0.77824 0.54432 0.36491 -0.93104
0.77867 0.54323 0.36303 -0.93178
0.77910 0.54213 0.36116 -0.93251
0.77952 0.54103 0.35929 -0.93323
0.77995 0.53992 0.35743 -0.93394
0.78037 0.53882 0.35557 -0.93465
0.78079 0.53771 0.35373 -0.93535
0.78121 0.53660 0.35189 -0.93604
0.78163 0.53548 0.35005 -0.93673
0.78204 0.53437 0.34822 -0.93741
0.78246 0.53325 0.34640 -0.93809
0.78287 0.53213 0.34458 -0.93876
0.78328 0.53100 0.34277 -0.93942
0.78369 0.52988 0.34097 -0.94007
0.78410 0.52875 0.33918 -0.94072
0.78451 0.52762 0.33739 -0.94137
0.78491 0.52648 0.33560 -0.94200
0.78531 0.52535 0.33383 -0.94263
0.78572 0.52421 0.33206 -0.94326
0.78612 0.52307 0.33029 -0.94388
0.78652 0.52193 0.32854 -0.94449
0.78691 0.52078 0.32679 -0.94510
0.78731 0.51963 0.32504 -0.94570
0.78770 0.51848 0.32331 -0.94629
0.78810 0.51733 0.32158 -0.94688
0.78849 0.51617 0.31985 -0.94747
0.78888 0.51501 0.31813 -0.94805
0.78926 0.51385 0.31642 -0.94862
0.78965 0.51269 0.31472 -0.94918
0.79004 0.51153 0.31302 -0.94975
0.79042 0.51036 0.31133 -0.95030
0.79080 0.50919 0.30965 -0.95085
0.79118 0.50801 0.30797 -0.95140
0.79156 0.50684 0.30630 -0.95194
0.79194 0.50566 0.30463 -0.95247
0.79232 0.50448 0.30298 -0.95300
0.79269 0.50330 0.30132 -0.95352
0.79306 0.50211 0.29968 -0.95404
0.79344 0.50093 0.29804 -0.95455
0.79381 0.49974 0.29641 -0.95506
0.79418 0.49854 0.29478 -0.95556
0.79454 0.49735 0.29317 -0.95606
0.79491 0.49615 0.29155 -0.95655
0.79527 0.49495 0.28995 -0.95704
0.79564 0.49375 0.28835 -0.95753
0.79600 0.49255 0.28676 -0.95800
0.79636 0.49134 0.28517 -0.95848
0.79672 0.49013 0.28359 -0.95894
0.79708 0.48892 0.28202 -0.95941
0.79743 0.48770 0.28045 -0.95987
0.79779 0.48649 0.27889 -0.96032
0.79814 0.48527 0.27734 -0.96077
0.79849 0.48405 0.27579 -0.96122
0.79884 0.48282 0.27425 -0.96166
0.79919 0.48160 0.27272 -0.96209
0.79954 0.48037 0.27119 -0.96253
0.79988 0.47913 0.26967 -0.96295
0.80023 0.47790 0.26816 -0.96338
0.80057 0.47666 0.26665 -0.96379
0.80091 0.47543 0.26515 -0.96421
0.80125 0.47419 0.26365 -0.96462
0.80159 0.47294 0.26216 -0.96502
0.80193 0.47170 0.26068 -0.96543
0.80226 0.47045 0.25920 -0.96582
0.80260 0.46920 0.25773 -0.96622
0.80293 0.46794 0.25627 -0.96661
0.80326 0.46669 0.25481 -0.96699
0.80359 0.46543 0.25336 -0.96737
0.80392 0.46417 0.25191 -0.96775
0.80425 0.46291 0.25048 -0.96812
0.80458 0.46164 0.24904 -0.96849
0.80490 0.46038 0.24762 -0.96886
0.80523 0.45911 0.24620 -0.96922
0.80555 0.45783 0.24478 -0.96958
0.80587 0.45656 0.24338 -0.96993
0.80619 0.45528 0.24197 -0.97028
0.80651 0.45400 0.24058 -0.97063
0.80682 0.45272 0.23919 -0.97097
0.80714 0.45144 0.23781 -0.97131
0.80745 0.45015 0.23643 -0.97165
0.80776 0.44886 0.23506 -0.97198
0.80808 0.44757 0.23369 -0.97231
0.80839 0.44628 0.23233 -0.97264
0.80869 0.44498 0.23098 -0.97296
0.80900 0.44368 0.22963 -0.97328
0.80931 0.44238 0.22829 -0.97359
0.80961 0.44108 0.22696 -0.97390
0.80992 0.43977 0.22563 -0.97421
0.81022 0.43847 0.22430 -0.97452
0.81052 0.43716 0.22299 -0.97482
0.81082 0.43584 0.22167 -0.97512
0.81112 0.43453 0.22037 -0.97542
0.81141 0.43321 0.21907 -0.97571
0.81171 0.43189 0.21777 -0.97600
0.81200 0.43057 0.21649 -0.97629
0.81229 0.42925 0.21520 -0.97657
0.81259 0.42792 0.21393 -0.97685
0.81288 0.42659 0.21265 -0.97713
0.81316 0.42526 0.21139 -0.97740
0.81345 0.42393 0.21013 -0.97767
0.81374 0.42259 0.20887 -0.97794
0.81402 0.42125 0.20763 -0.97821
0.81431 0.41991 0.20638 -0.97847
0.81459 0.41857 0.20514 -0.97873
0.81487 0.41723 0.20391 -0.97899
0.81515 0.41588 0.20269 -0.97924
0.81543 0.41453 0.20147 -0.97950
0.81570 0.41318 0.20025 -0.97974
0.81598 0.41182 0.19904 -0.97999
0.81626 0.41047 0.19783 -0.98024
0.81653 0.40911 0.19664 -0.98048
0.81680 0.40775 0.19544 -0.98072
0.81707 0.40638 0.19425 -0.98095
0.81734 0.40502 0.19307 -0.98119
0.81761 0.40365 0.19189 -0.98142
0.81788 0.40228 0.19072 -0.98164
0.81814 0.40091 0.18955 -0.98187
0.81841 0.39953 0.18839 -0.98209
0.81867 0.39816 0.18723 -0.98232
0.81893 0.39678 0.18608 -0.98253
0.81919 0.39540 0.18493 -0.98275
0.81945 0.39401 0.18379 -0.98296
0.81971 0.39263 0.18266 -0.98318
0.81997 0.39124 0.18153 -0.98339
0.82022 0.38985 0.18040 -0.98359
0.82048 0.38846 0.17928 -0.98380
0.82073 0.38706 0.17816 -0.98400
0.82098 0.38567 0.17705 -0.98420
0.82123 0.38427 0.17595 -0.98440
0.82148 0.38287 0.17485 -0.98460
0.82173 0.38146 0.17375 -0.98479
0.82198 0.38006 0.17266 -0.98498
0.82222 0.37865 0.17157 -0.98517
0.82247 0.37724 0.17049 -0.98536
0.82271 0.37583 0.16941 -0.98555
0.82296 0.37442 0.16834 -0.98573
0.82320 0.37300 0.16727 -0.98591
0.82344 0.37158 0.16621 -0.98609
0.82367 0.37016 0.16515 -0.98627
0.82391 0.36874 0.16410 -0.98644
0.82415 0.36731 0.16305 -0.98662
0.82438 0.36589 0.16201 -0.98679
0.82462 0.36446 0.16097 -0.98696
0.82485 0.36303 0.15994 -0.98713
0.82508 0.36159 0.15891 -0.98729
0.82531 0.36016 0.15788 -0.98746
0.82554 0.35872 0.15686 -0.98762
0.82577 0.35728 0.15584 -0.98778
0.82600 0.35584 0.15483 -0.98794
0.82622 0.35439 0.15383 -0.98810
0.82645 0.35295 0.15282 -0.98825
0.82667 0.35150 0.15182 -0.98841
0.82689 0.35005 0.15083 -0.98856
0.82711 0.34860 0.14984 -0.98871
0.82733 0.34714 0.14886 -0.98886
0.82755 0.34569 0.14787 -0.98901
0.82777 0.34423 0.14690 -0.98915
0.82798 0.34277 0.14592 -0.98930
0.82820 0.34131 0.14496 -0.98944
0.82841 0.33984 0.14399 -0.98958
0.82862 0.33838 0.14303 -0.98972
0.82884 0.33691 0.14208 -0.98986
0.82905 0.33544 0.14113 -0.98999
0.82926 0.33396 0.14018 -0.99013
0.82946 0.33249 0.13923 -0.99026
0.82967 0.33101 0.13830 -0.99039
0.82988 0.32953 0.13736 -0.99052
0.83008 0.32805 0.13643 -0.99065
0.83028 0.32657 0.13550 -0.99078
0.83049 0.32509 0.13458 -0.99090
0.83069 0.32360 0.13366 -0.99103
0.83089 0.32211 0.13274 -0.99115
0.83109 0.32062 0.13183 -0.99127
0.83128 0.31913 0.13092 -0.99139
0.83148 0.31763 0.13002 -0.99151
0.83168 0.31614 0.12912 -0.99163
0.83187 0.31464 0.12822 -0.99175
0.83206 0.31314 0.12733 -0.99186
0.83226 0.31164 0.12644 -0.99197
0.83245 0.31013 0.12556 -0.99209
0.83264 0.30863 0.12468 -0.99220
0.83283 0.30712 0.12380 -0.99231
0.83301 0.30561 0.12293 -0.99242
0.83320 0.30410 0.12206 -0.99252
0.83339 0.30259 0.12119 -0.99263
0.83357 0.30107 0.12033 -0.99273
0.83375 0.29956 0.11947 -0.99284
0.83394 0.29804 0.11861 -0.99294
0.83412 0.29652 0.11776 -0.99304
0.83430 0.29499 0.11691 -0.99314
0.83447 0.29347 0.11606 -0.99324
0.83465 0.29194 0.11522 -0.99334
0.83483 0.29042 0.11438 -0.99344
0.83500 0.28889 0.11355 -0.99353
0.83518 0.28735 0.11271 -0.99363
0.83535 0.28582 0.11189 -0.99372
0.83552 0.28429 0.11106 -0.99381
0.83570 0.28275 0.11024 -0.99391
0.83587 0.28121 0.10942 -0.99400
0.83603 0.27967 0.10860 -0.99409
0.83620 0.27813 0.10779 -0.99417
0.83637 0.27658 0.10698 -0.99426
0.83653 0.27504 0.10618 -0.99435
0.83670 0.27349 0.10537 -0.99443
0.83686 0.27194 0.10458 -0.99452
0.83703 0.27039 0.10378 -0.99460
0.83719 0.26884 0.10299 -0.99468
0.83735 0.26728 0.10220 -0.99476
0.83751 0.26573 0.10141 -0.99484
0.83766 0.26417 0.10062 -0.99492
0.83782 0.26261 0.09984 -0.99500
0.83798 0.26105 0.09906 -0.99508
0.83813 0.25949 0.09829 -0.99516
0.83829 0.25792 0.09752 -0.99523
0.83844 0.25636 0.09675 -0.99531
0.83859 0.25479 0.09598 -0.99538
0.83874 0.25322 0.09522 -0.99546
0.83889 0.25165 0.09446 -0.99553
0.83904 0.25008 0.09370 -0.99560
0.83919 0.24850 0.09294 -0.99567
0.83933 0.24693 0.09219 -0.99574
0.83948 0.24535 0.09144 -0.99581
0.83962 0.24377 0.09069 -0.99588
0.83977 0.24219 0.08995 -0.99595
0.83991 0.24061 0.08921 -0.99601
0.84005 0.23903 0.08847 -0.99608
0.84019 0.23744 0.08773 -0.99614
0.84033 0.23586 0.08700 -0.99621
0.84047 0.23427 0.08627 -0.99627
0.84060 0.23268 0.08554 -0.99633
0.84074 0.23109 0.08482 -0.99640
0.84088 0.22950 0.08409 -0.99646
0.84101 0.22790 0.08337 -0.99652
0.84114 0.22631 0.08265 -0.99658
0.84127 0.22471 0.08194 -0.99664
0.84141 0.22311 0.08123 -0.99670
0.84154 0.22151 0.08051 -0.99675
0.84166 0.21991 0.07981 -0.99681
0.84179 0.21831 0.07910 -0.99687
0.84192 0.21670 0.07840 -0.99692
0.84204 0.21510 0.07770 -0.99698
0.84217 0.21349 0.07700 -0.99703
0.84229 0.21188 0.07630 -0.99708
0.84241 0.21027 0.07561 -0.99714
0.84254 0.20866 0.07491 -0.99719
0.84266 0.20705 0.07422 -0.99724
0.84278 0.20544 0.07354 -0.99729
0.84290 0.20382 0.07285 -0.99734
0.84301 0.20220 0.07217 -0.99739
0.84313 0.20059 0.07149 -0.99744
0.84324 0.19897 0.07081 -0.99749
0.84336 0.19735 0.07013 -0.99754
0.84347 0.19573 0.06946 -0.99758
0.84358 0.19410 0.06878 -0.99763
0.84370 0.19248 0.06811 -0.99768
0.84381 0.19085 0.06745 -0.99772
0.84392 0.18923 0.06678 -0.99777
0.84402 0.18760 0.06612 -0.99781
0.84413 0.18597 0.06545 -0.99786
0.84424 0.18434 0.06479 -0.99790
0.84434 0.18271 0.06413 -0.99794
0.84445 0.18107 0.06348 -0.99798
0.84455 0.17944 0.06282 -0.99802
0.84465 0.17780 0.06217 -0.99807
0.84476 0.17617 0.06152 -0.99811
0.84486 0.17453 0.06087 -0.99815
0.84496 0.17289 0.06022 -0.99818
0.84505 0.17125 0.05958 -0.99822
0.84515 0.16961 0.05894 -0.99826
0.84525 0.16797 0.05829 -0.99830
0.84534 0.16632 0.05765 -0.99834
0.84544 0.16468 0.05702 -0.99837
0.84553 0.16303 0.05638 -0.99841
0.84562 0.16139 0.05574 -0.99845
0.84571 0.15974 0.05511 -0.99848
0.84581 0.15809 0.05448 -0.99851
0.84589 0.15644 0.05385 -0.99855
0.84598 0.15479 0.05322 -0.99858
0.84607 0.15314 0.05260 -0.99862
0.84616 0.15149 0.05197 -0.99865
0.84624 0.14983 0.05135 -0.99868
0.84633 0.14818 0.05073 -0.99871
0.84641 0.14652 0.05011 -0.99874
0.84649 0.14486 0.04949 -0.99877
0.84658 0.14321 0.04887 -0.99881
0.84666 0.14155 0.04825 -0.99884
0.84674 0.13989 0.04764 -0.99886
0.84681 0.13823 0.04703 -0.99889
0.84689 0.13656 0.04641 -0.99892
0.84697 0.13490 0.04580 -0.99895
0.84704 0.13324 0.04520 -0.99898
0.84712 0.13157 0.04459 -0.99901
0.84719 0.12991 0.04398 -0.99903
0.84727 0.12824 0.04338 -0.99906
0.84734 0.12658 0.04277 -0.99908
0.84741 0.12491 0.04217 -0.99911
0.84748 0.12324 0.04157 -0.99914
0.84755 0.12157 0.04097 -0.99916
0.84762 0.11990 0.04037 -0.99918
0.84768 0.11823 0.03978 -0.99921
0.84775 0.11655 0.03918 -0.99923
0.84781 0.11488 0.03859 -0.99926
0.84788 0.11321 0.03799 -0.99928
0.84794 0.11153 0.03740 -0.99930
0.84800 0.10986 0.03681 -0.99932
0.84806 0.10818 0.03622 -0.99934
0.84813 0.10651 0.03563 -0.99937
0.84818 0.10483 0.03504 -0.99939
0.84824 0.10315 0.03445 -0.99941
0.84830 0.10147 0.03387 -0.99943
0.84836 0.09979 0.03328 -0.99945
0.84841 0.09811 0.03270 -0.99947
0.84847 0.09643 0.03212 -0.99948
0.84852 0.09475 0.03154 -0.99950
0.84857 0.09307 0.03095 -0.99952
0.84862 0.09139 0.03037 -0.99954
0.84867 0.08970 0.02980 -0.99956
0.84872 0.08802 0.02922 -0.99957
0.84877 0.08633 0.02864 -0.99959
0.84882 0.08465 0.02806 -0.99961
0.84887 0.08296 0.02749 -0.99962
0.84891 0.08128 0.02691 -0.99964
0.84896 0.07959 0.02634 -0.99965
0.84900 0.07790 0.02577 -0.99967
0.84905 0.07621 0.02519 -0.99968
0.84909 0.07453 0.02462 -0.99970
0.84913 0.07284 0.02405 -0.99971
0.84917 0.07115 0.02348 -0.99972
0.84921 0.06946 0.02291 -0.99974
0.84925 0.06777 0.02234 -0.99975
0.84928 0.06608 0.02177 -0.99976
0.84932 0.06438 0.02121 -0.99978
0.84936 0.06269 0.02064 -0.99979
0.84939 0.06100 0.02007 -0.99980
0.84942 0.05931 0.01951 -0.99981
0.84946 0.05761 0.01894 -0.99982
0.84949 0.05592 0.01838 -0.99983
0.84952 0.05423 0.01782 -0.99984
0.84955 0.05253 0.01725 -0.99985
0.84958 0.05084 0.01669 -0.99986
0.84960 0.04914 0.01613 -0.99987
0.84963 0.04745 0.01557 -0.99988
0.84966 0.04575 0.01500 -0.99989
0.84968 0.04406 0.01444 -0.99990
0.84971 0.04236 0.01388 -0.99990
0.84973 0.04066 0.01332 -0.99991
0.84975 0.03897 0.01276 -0.99992
0.84977 0.03727 0.01220 -0.99993
0.84979 0.03557 0.01164 -0.99993
0.84981 0.03387 0.01109 -0.99994
0.84983 0.03218 0.01053 -0.99994
0.84985 0.03048 0.00997 -0.99995
0.84986 0.02878 0.00941 -0.99996
0.84988 0.02708 0.00886 -0.99996
0.84989 0.02538 0.00830 -0.99997
0.84991 0.02369 0.00774 -0.99997
0.84992 0.02199 0.00719 -0.99997
0.84993 0.02029 0.00663 -0.99998
0.84994 0.01859 0.00607 -0.99998
0.84995 0.01689 0.00552 -0.99998
0.84996 0.01519 0.00496 -0.99999
0.84997 0.01349 0.00441 -0.99999
0.84998 0.01179 0.00385 -0.99999
0.84998 0.01009 0.00329 -0.99999
0.84999 0.00839 0.00274 -1.00000
0.84999 0.00669 0.00218 -1.00000
0.85000 0.00499 0.00163 -1.00000
0.85000 0.00329 0.00107 -1.00000
0.85000 0.00159 0.00052 -1.00000
0.85000 -0.00011 -0.00004 -1.00000
