-0.35000 0.00000 0.00000 1.00000
-0.35000 0.00070 0.00176 1.00000
-0.35000 0.00140 0.00351 0.99999
-0.34999 0.00210 0.00527 0.99999
-0.34999 0.00280 0.00702 0.99998
-0.34998 0.00350 0.00878 0.99996
-0.34998 0.00420 0.01053 0.99994
-0.34997 0.00490 0.01229 0.99992
-0.34996 0.00560 0.01404 0.99990
-0.34995 0.00630 0.01580 0.99988
-0.34994 0.00700 0.01755 0.99985
-0.34993 0.00770 0.01931 0.99981
-0.34991 0.00840 0.02106 0.99978
-0.34990 0.00910 0.02282 0.99974
-0.34988 0.00980 0.02457 0.99970
-0.34986 0.01050 0.02633 0.99965
-0.34984 0.01120 0.02808 0.99961
-0.34982 0.01190 0.02984 0.99955
-0.34980 0.01260 0.03159 0.99950
-0.34978 0.01330 0.03335 0.99944
-0.34975 0.01400 0.03511 0.99938
-0.34973 0.01470 0.03686 0.99932
-0.34970 0.01539 0.03862 0.99925
-0.34968 0.01609 0.04037 0.99918
-0.34965 0.01679 0.04213 0.99911
-0.34962 0.01749 0.04389 0.99904
-0.34958 0.01819 0.04564 0.99896
-0.34955 0.01889 0.04740 0.99888
-0.34952 0.01959 0.04916 0.99879
-0.34948 0.02029 0.05091 0.99870
-0.34945 0.02099 0.05267 0.99861
-0.34941 0.02168 0.05443 0.99852
-0.34937 0.02238 0.05619 0.99842
-0.34933 0.02308 0.05794 0.99832
-0.34929 0.02378 0.05970 0.99822
-0.34925 0.02448 0.06146 0.99811
-0.34920 0.02518 0.06322 0.99800
-0.34916 0.02587 0.06497 0.99789
-0.34911 0.02657 0.06673 0.99777
-0.34907 0.02727 0.06849 0.99765
-0.34902 0.02797 0.07025 0.99753
-0.34897 0.02866 0.07201 0.99740
-0.34892 0.02936 0.07377 0.99728
-0.34886 0.03006 0.07553 0.99714
-0.34881 0.03076 0.07729 0.99701
-0.34876 0.03145 0.07905 0.99687
-0.34870 0.03215 0.08081 0.99673
-0.34864 0.03285 0.08256 0.99659
-0.34859 0.03354 0.08433 0.99644
-0.34853 0.03424 0.08609 0.99629
-0.34846 0.03493 0.08785 0.99613
-0.34840 0.03563 0.08961 0.99598
-0.34834 0.03633 0.09137 0.99582
-0.34828 0.03702 0.09313 0.99565
-0.34821 0.03772 0.09489 0.99549
-0.34814 0.03841 0.09665 0.99532
-0.34807 0.03911 0.09841 0.99515
-0.34801 0.03980 0.10018 0.99497
-0.34793 0.04050 0.10194 0.99479
-0.34786 0.04119 0.10370 0.99461
-0.34779 0.04189 0.10546 0.99442
-0.34772 0.04258 0.10723 0.99423
-0.34764 0.04328 0.10899 0.99404
-0.34756 0.04397 0.11075 0.99385
-0.34749 0.04466 0.11252 0.99365
-0.34741 0.04536 0.11428 0.99345
-0.34733 0.04605 0.11605 0.99324
-0.34724 0.04674 0.11781 0.99304
-0.34716 0.04744 0.11958 0.99282
-0.34708 0.04813 0.12134 0.99261
-0.34699 0.04882 0.12311 0.99239
-0.34691 0.04951 0.12487 0.99217
-0.34682 0.05020 0.12664 0.99195
-0.34673 0.05090 0.12841 0.99172
-0.34664 0.05159 0.13017 0.99149
-0.34655 0.05228 0.13194 0.99126
-0.34645 0.05297 0.13371 0.99102
-0.34636 0.05366 0.13548 0.99078
-0.34627 0.05435 0.13724 0.99054
-0.34617 0.05504 0.13901 0.99029
-0.34607 0.05573 0.14078 0.99004
-0.34597 0.05642 0.14255 0.98979
-0.34587 0.05711 0.14432 0.98953
-0.34577 0.05780 0.14609 0.98927
-0.34567 0.05849 0.14786 0.98901
-0.34557 0.05918 0.14963 0.98874
-0.34546 0.05987 0.15140 0.98847
-0.34536 0.06056 0.15317 0.98820
-0.34525 0.06124 0.15494 0.98792
-0.34514 0.06193 0.15671 0.98764
-0.34503 0.06262 0.15849 0.98736
-0.34492 0.06331 0.16026 0.98708
-0.34481 0.06399 0.16203 0.98679
-0.34469 0.06468 0.16380 0.98649
-0.34458 0.06537 0.16558 0.98620
-0.34446 0.06605 0.16735 0.98590
-0.34435 0.06674 0.16912 0.98559
-0.34423 0.06742 0.17090 0.98529
-0.34411 0.06811 0.17267 0.98498
-0.34399 0.06879 0.17445 0.98467
-0.34387 0.06948 0.17622 0.98435
-0.34374 0.07016 0.17800 0.98403
-0.34362 0.07085 0.17977 0.98371
-0.34349 0.07153 0.18155 0.98338
-0.34337 0.07221 0.18333 0.98305
-0.34324 0.07290 0.18510 0.98272
-0.34311 0.07358 0.18688 0.98238
-0.34298 0.07426 0.18866 0.98204
-0.34285 0.07494 0.19044 0.98170
-0.34271 0.07563 0.19222 0.98135
-0.34258 0.07631 0.19400 0.98100
-0.34244 0.07699 0.19577 0.98065
-0.34231 0.07767 0.19755 0.98029
-0.34217 0.07835 0.19933 0.97993
-0.34203 0.07903 0.20111 0.97957
-0.34189 0.07971 0.20290 0.97920
-0.34175 0.08039 0.20468 0.97883
-0.34161 0.08107 0.20646 0.97846
-0.34146 0.08175 0.20824 0.97808
-0.34132 0.08242 0.21002 0.97770
-0.34117 0.08310 0.21180 0.97731
-0.34102 0.08378 0.21359 0.97692
-0.34088 0.08446 0.21537 0.97653
-0.34073 0.08513 0.21715 0.97614
-0.34057 0.08581 0.21894 0.97574
-0.34042 0.08648 0.22072 0.97534
-0.34027 0.08716 0.22251 0.97493
-0.34011 0.08784 0.22429 0.97452
-0.33996 0.08851 0.22608 0.97411
-0.33980 0.08918 0.22786 0.97369
-0.33964 0.08986 0.22965 0.97327
-0.33948 0.09053 0.23143 0.97285
-0.33932 0.09121 0.23322 0.97242
-0.33916 0.09188 0.23501 0.97199
-0.33900 0.09255 0.23679 0.97156
-0.33883 0.09322 0.23858 0.97112
-0.33867 0.09389 0.24037 0.97068
-0.33850 0.09457 0.24216 0.97024
-0.33833 0.09524 0.24395 0.96979
-0.33816 0.09591 0.24574 0.96934
-0.33799 0.09658 0.24753 0.96888
-0.33782 0.09725 0.24932 0.96842
-0.33765 0.09791 0.25111 0.96796
-0.33747 0.09858 0.25290 0.96749
-0.33730 0.09925 0.25469 0.96702
-0.33712 0.09992 0.25648 0.96655
-0.33694 0.10059 0.25827 0.96607
-0.33676 0.10125 0.26006 0.96559
-0.33658 0.10192 0.26185 0.96511
-0.33640 0.10259 0.26364 0.96462
-0.33622 0.10325 0.26544 0.96413
-0.33604 0.10392 0.26723 0.96363
-0.33585 0.10458 0.26902 0.96313
-0.33567 0.10524 0.27082 0.96263
-0.33548 0.10591 0.27261 0.96212
-0.33529 0.10657 0.27440 0.96161
-0.33510 0.10723 0.27620 0.96110
-0.33491 0.10790 0.27799 0.96058
-0.33472 0.10856 0.27979 0.96006
-0.33452 0.10922 0.28158 0.95954
-0.33433 0.10988 0.28338 0.95901
-0.33413 0.11054 0.28517 0.95848
-0.33394 0.11120 0.28697 0.95794
-0.33374 0.11186 0.28877 0.95740
-0.33354 0.11252 0.29056 0.95686
-0.33334 0.11318 0.29236 0.95631
-0.33314 0.11384 0.29416 0.95576
-0.33293 0.11449 0.29595 0.95520
-0.33273 0.11515 0.29775 0.95464
-0.33252 0.11581 0.29955 0.95408
-0.33232 0.11646 0.30135 0.95351
-0.33211 0.11712 0.30315 0.95294
-0.33190 0.11777 0.30494 0.95237
-0.33169 0.11843 0.30674 0.95179
-0.33148 0.11908 0.30854 0.95121
-0.33127 0.11973 0.31034 0.95063
-0.33105 0.12039 0.31214 0.95004
-0.33084 0.12104 0.31394 0.94944
-0.33062 0.12169 0.31574 0.94885
-0.33040 0.12234 0.31754 0.94825
-0.33018 0.12299 0.31934 0.94764
-0.32997 0.12364 0.32114 0.94703
-0.32974 0.12429 0.32294 0.94642
-0.32952 0.12494 0.32474 0.94580
-0.32930 0.12559 0.32654 0.94518
-0.32907 0.12624 0.32834 0.94456
-0.32885 0.12688 0.33014 0.94393
-0.32862 0.12753 0.33194 0.94330
-0.32839 0.12818 0.33374 0.94266
-0.32816 0.12882 0.33554 0.94202
-0.32793 0.12947 0.33734 0.94138
-0.32770 0.13011 0.33915 0.94073
-0.32747 0.13076 0.34095 0.94008
-0.32724 0.13140 0.34275 0.93943
-0.32700 0.13204 0.34455 0.93877
-0.32676 0.13269 0.34635 0.93810
-0.32653 0.13333 0.34815 0.93744
-0.32629 0.13397 0.34996 0.93677
-0.32605 0.13461 0.35176 0.93609
-0.32581 0.13525 0.35356 0.93541
-0.32556 0.13589 0.35536 0.93473
-0.32532 0.13653 0.35716 0.93404
-0.32508 0.13717 0.35896 0.93335
-0.32483 0.13780 0.36077 0.93266
-0.32458 0.13844 0.36257 0.93196
-0.32433 0.13908 0.36437 0.93125
-0.32408 0.13971 0.36617 0.93055
-0.32383 0.14035 0.36797 0.92984
-0.32358 0.14098 0.36978 0.92912
-0.32333 0.14162 0.37158 0.92840
-0.32307 0.14225 0.37338 0.92768
-0.32282 0.14288 0.37518 0.92695
-0.32256 0.14351 0.37698 0.92622
-0.32230 0.14415 0.37878 0.92549
-0.32205 0.14478 0.38058 0.92475
-0.32179 0.14541 0.38239 0.92400
-0.32152 0.14604 0.38419 0.92326
-0.32126 0.14667 0.38599 0.92250
-0.32100 0.14729 0.38779 0.92175
-0.32073 0.14792 0.38959 0.92099
-0.32047 0.14855 0.39139 0.92022
-0.32020 0.14918 0.39319 0.91946
-0.31993 0.14980 0.39499 0.91869
-0.31966 0.15043 0.39679 0.91791
-0.31939 0.15105 0.39859 0.91713
-0.31912 0.15168 0.40039 0.91635
-0.31885 0.15230 0.40219 0.91556
-0.31857 0.15292 0.40399 0.91476
-0.31830 0.15354 0.40579 0.91397
-0.31802 0.15416 0.40759 0.91317
-0.31774 0.15478 0.40938 0.91236
-0.31746 0.15540 0.41118 0.91155
-0.31718 0.15602 0.41298 0.91074
-0.31690 0.15664 0.41478 0.90992
-0.31662 0.15726 0.41657 0.90910
-0.31634 0.15788 0.41837 0.90828
-0.31605 0.15849 0.42017 0.90745
-0.31577 0.15911 0.42196 0.90661
-0.31548 0.15973 0.42376 0.90578
-0.31519 0.16034 0.42555 0.90493
-0.31490 0.16095 0.42735 0.90409
-0.31461 0.16157 0.42914 0.90324
-0.31432 0.16218 0.43094 0.90238
-0.31403 0.16279 0.43273 0.90152
-0.31373 0.16340 0.43452 0.90066
-0.31344 0.16401 0.43632 0.89979
-0.31314 0.16462 0.43811 0.89892
-0.31284 0.16523 0.43990 0.89805
-0.31254 0.16584 0.44169 0.89717
-0.31224 0.16645 0.44348 0.89628
-0.31194 0.16705 0.44527 0.89539
-0.31164 0.16766 0.44706 0.89450
-0.31134 0.16827 0.44885 0.89361
-0.31103 0.16887 0.45064 0.89271
-0.31073 0.16947 0.45243 0.89180
-0.31042 0.17008 0.45422 0.89089
-0.31011 0.17068 0.45600 0.88998
-0.30980 0.17128 0.45779 0.88906
-0.30949 0.17188 0.45957 0.88814
-0.30918 0.17248 0.46136 0.88721
-0.30887 0.17308 0.46314 0.88628
-0.30856 0.17368 0.46493 0.88535
-0.30824 0.17428 0.46671 0.88441
-0.30792 0.17488 0.46849 0.88347
-0.30761 0.17547 0.47027 0.88252
-0.30729 0.17607 0.47205 0.88157
-0.30697 0.17666 0.47383 0.88061
-0.30665 0.17726 0.47561 0.87965
-0.30633 0.17785 0.47739 0.87869
-0.30600 0.17845 0.47917 0.87772
-0.30568 0.17904 0.48095 0.87675
-0.30536 0.17963 0.48272 0.87577
-0.30503 0.18022 0.48450 0.87479
-0.30470 0.18081 0.48627 0.87381
-0.30437 0.18140 0.48805 0.87282
-0.30404 0.18199 0.48982 0.87182
-0.30371 0.18257 0.49159 0.87083
-0.30338 0.18316 0.49336 0.86982
-0.30305 0.18375 0.49513 0.86882
-0.30271 0.18433 0.49690 0.86781
-0.30238 0.18492 0.49867 0.86679
-0.30204 0.18550 0.50043 0.86577
-0.30170 0.18608 0.50220 0.86475
-0.30136 0.18667 0.50396 0.86372
-0.30102 0.18725 0.50573 0.86269
-0.30068 0.18783 0.50749 0.86166
-0.30034 0.18841 0.50925 0.86062
-0.30000 0.18899 0.51101 0.85957
-0.29965 0.18956 0.51277 0.85852
-0.29931 0.19014 0.51453 0.85747
-0.29896 0.19072 0.51629 0.85641
-0.29861 0.19129 0.51804 0.85535
-0.29826 0.19187 0.51980 0.85429
-0.29791 0.19244 0.52155 0.85322
-0.29756 0.19302 0.52331 0.85214
-0.29721 0.19359 0.52506 0.85107
-0.29686 0.19416 0.52681 0.84998
-0.29650 0.19473 0.52856 0.84890
-0.29615 0.19530 0.53030 0.84781
-0.29579 0.19587 0.53205 0.84671
-0.29543 0.19644 0.53379 0.84561
-0.29507 0.19701 0.53554 0.84451
-0.29471 0.19757 0.53728 0.84340
-0.29435 0.19814 0.53902 0.84229
-0.29399 0.19871 0.54076 0.84118
-0.29362 0.19927 0.54250 0.84006
-0.29326 0.19983 0.54424 0.83893
-0.29289 0.20040 0.54597 0.83780
-0.29253 0.20096 0.54771 0.83667
-0.29216 0.20152 0.54944 0.83553
-0.29179 0.20208 0.55117 0.83439
-0.29142 0.20264 0.55290 0.83325
-0.29105 0.20320 0.55463 0.83210
-0.29067 0.20375 0.55635 0.83095
-0.29030 0.20431 0.55808 0.82979
-0.28993 0.20487 0.55980 0.82863
-0.28955 0.20542 0.56152 0.82746
-0.28917 0.20598 0.56324 0.82629
-0.28880 0.20653 0.56496 0.82512
-0.28842 0.20708 0.56668 0.82394
-0.28804 0.20763 0.56839 0.82276
-0.28765 0.20818 0.57011 0.82157
-0.28727 0.20873 0.57182 0.82038
-0.28689 0.20928 0.57353 0.81919
-0.28650 0.20983 0.57524 0.81799
-0.28612 0.21038 0.57694 0.81678
-0.28573 0.21093 0.57865 0.81558
-0.28534 0.21147 0.58035 0.81437
-0.28495 0.21202 0.58205 0.81315
-0.28456 0.21256 0.58375 0.81193
-0.28417 0.21310 0.58545 0.81071
-0.28378 0.21365 0.58714 0.80948
-0.28339 0.21419 0.58884 0.80825
-0.28299 0.21473 0.59053 0.80702
-0.28260 0.21527 0.59222 0.80578
-0.28220 0.21580 0.59391 0.80453
-0.28180 0.21634 0.59559 0.80329
-0.28140 0.21688 0.59728 0.80203
-0.28100 0.21742 0.59896 0.80078
-0.28060 0.21795 0.60064 0.79952
-0.28020 0.21848 0.60232 0.79826
-0.27980 0.21902 0.60399 0.79699
-0.27939 0.21955 0.60567 0.79572
-0.27899 0.22008 0.60734 0.79444
-0.27858 0.22061 0.60901 0.79316
-0.27817 0.22114 0.61068 0.79188
-0.27777 0.22167 0.61234 0.79059
-0.27736 0.22220 0.61400 0.78930
-0.27694 0.22272 0.61567 0.78801
-0.27653 0.22325 0.61732 0.78671
-0.27612 0.22378 0.61898 0.78541
-0.27571 0.22430 0.62064 0.78410
-0.27529 0.22482 0.62229 0.78279
-0.27488 0.22535 0.62394 0.78147
-0.27446 0.22587 0.62559 0.78016
-0.27404 0.22639 0.62723 0.77883
-0.27362 0.22691 0.62887 0.77751
-0.27320 0.22743 0.63051 0.77618
-0.27278 0.22794 0.63215 0.77484
-0.27236 0.22846 0.63379 0.77351
-0.27193 0.22898 0.63542 0.77217
-0.27151 0.22949 0.63705 0.77082
-0.27108 0.23000 0.63868 0.76947
-0.27066 0.23052 0.64031 0.76812
-0.27023 0.23103 0.64193 0.76676
-0.26980 0.23154 0.64355 0.76540
-0.26937 0.23205 0.64517 0.76404
-0.26894 0.23256 0.64679 0.76267
-0.26851 0.23307 0.64840 0.76130
-0.26807 0.23358 0.65001 0.75992
-0.26764 0.23408 0.65162 0.75855
-0.26720 0.23459 0.65323 0.75716
-0.26677 0.23509 0.65483 0.75578
-0.26633 0.23560 0.65643 0.75439
-0.26589 0.23610 0.65803 0.75299
-0.26545 0.23660 0.65962 0.75160
-0.26501 0.23710 0.66122 0.75020
-0.26457 0.23760 0.66281 0.74879
-0.26413 0.23810 0.66439 0.74738
-0.26368 0.23860 0.66598 0.74597
-0.26324 0.23909 0.66756 0.74456
-0.26279 0.23959 0.66914 0.74314
-0.26235 0.24008 0.67071 0.74172
-0.26190 0.24058 0.67229 0.74029
-0.26145 0.24107 0.67386 0.73886
-0.26100 0.24156 0.67543 0.73743
-0.26055 0.24205 0.67699 0.73599
-0.26010 0.24254 0.67855 0.73455
-0.25965 0.24303 0.68011 0.73311
-0.25919 0.24352 0.68167 0.73166
-0.25874 0.24401 0.68322 0.73021
-0.25828 0.24450 0.68477 0.72876
-0.25783 0.24498 0.68632 0.72730
-0.25737 0.24546 0.68786 0.72584
-0.25691 0.24595 0.68940 0.72438
-0.25645 0.24643 0.69094 0.72291
-0.25599 0.24691 0.69248 0.72144
-0.25553 0.24739 0.69401 0.71997
-0.25506 0.24787 0.69554 0.71849
-0.25460 0.24835 0.69706 0.71701
-0.25413 0.24883 0.69859 0.71552
-0.25367 0.24930 0.70011 0.71404
-0.25320 0.24978 0.70162 0.71255
-0.25273 0.25025 0.70314 0.71105
-0.25226 0.25073 0.70465 0.70956
-0.25179 0.25120 0.70616 0.70806
-0.25132 0.25167 0.70766 0.70655
-0.25085 0.25214 0.70916 0.70505
-0.25038 0.25261 0.71066 0.70354
-0.24990 0.25308 0.71215 0.70202
-0.24943 0.25354 0.71364 0.70051
-0.24895 0.25401 0.71513 0.69899
-0.24848 0.25448 0.71662 0.69747
-0.24800 0.25494 0.71810 0.69594
-0.24752 0.25540 0.71958 0.69441
-0.24704 0.25587 0.72105 0.69288
-0.24656 0.25633 0.72252 0.69135
-0.24608 0.25679 0.72399 0.68981
-0.24559 0.25725 0.72545 0.68827
-0.24511 0.25770 0.72692 0.68673
-0.24462 0.25816 0.72837 0.68518
-0.24414 0.25862 0.72983 0.68363
-0.24365 0.25907 0.73128 0.68208
-0.24316 0.25953 0.73273 0.68052
-0.24267 0.25998 0.73417 0.67896
-0.24218 0.26043 0.73561 0.67740
-0.24169 0.26088 0.73705 0.67584
-0.24120 0.26133 0.73848 0.67427
-0.24071 0.26178 0.73991 0.67270
-0.24022 0.26223 0.74134 0.67113
-0.23972 0.26268 0.74276 0.66955
-0.23922 0.26312 0.74418 0.66798
-0.23873 0.26357 0.74560 0.66640
-0.23823 0.26401 0.74701 0.66481
-0.23773 0.26445 0.74842 0.66323
-0.23723 0.26490 0.74982 0.66164
-0.23673 0.26534 0.75123 0.66004
-0.23623 0.26578 0.75262 0.65845
-0.23573 0.26621 0.75402 0.65685
-0.23523 0.26665 0.75541 0.65525
-0.23472 0.26709 0.75680 0.65365
-0.23422 0.26752 0.75818 0.65204
-0.23371 0.26796 0.75956 0.65044
-0.23320 0.26839 0.76094 0.64883
-0.23269 0.26882 0.76231 0.64721
-0.23219 0.26926 0.76368 0.64560
-0.23168 0.26969 0.76504 0.64398
-0.23116 0.27011 0.76640 0.64236
-0.23065 0.27054 0.76776 0.64074
-0.23014 0.27097 0.76911 0.63911
-0.22963 0.27140 0.77046 0.63748
-0.22911 0.27182 0.77181 0.63585
-0.22860 0.27224 0.77315 0.63422
-0.22808 0.27267 0.77449 0.63258
-0.22756 0.27309 0.77583 0.63095
-0.22704 0.27351 0.77716 0.62931
-0.22652 0.27393 0.77848 0.62766
-0.22600 0.27435 0.77981 0.62602
-0.22548 0.27477 0.78113 0.62437
-0.22496 0.27518 0.78244 0.62272
-0.22444 0.27560 0.78375 0.62107
-0.22391 0.27601 0.78506 0.61942
-0.22339 0.27642 0.78637 0.61776
-0.22286 0.27684 0.78766 0.61610
-0.22234 0.27725 0.78896 0.61444
-0.22181 0.27766 0.79025 0.61278
-0.22128 0.27807 0.79154 0.61112
-0.22075 0.27847 0.79283 0.60945
-0.22022 0.27888 0.79411 0.60778
-0.21969 0.27929 0.79538 0.60611
-0.21916 0.27969 0.79665 0.60444
-0.21863 0.28009 0.79792 0.60276
-0.21809 0.28050 0.79919 0.60108
-0.21756 0.28090 0.80045 0.59940
-0.21702 0.28130 0.80170 0.59772
-0.21648 0.28170 0.80296 0.59604
-0.21595 0.28210 0.80420 0.59435
-0.21541 0.28249 0.80545 0.59266
-0.21487 0.28289 0.80669 0.59098
-0.21433 0.28328 0.80793 0.58928
-0.21379 0.28368 0.80916 0.58759
-0.21325 0.28407 0.81039 0.58590
-0.21270 0.28446 0.81161 0.58420
-0.21216 0.28485 0.81283 0.58250
-0.21162 0.28524 0.81405 0.58080
-0.21107 0.28563 0.81526 0.57910
-0.21052 0.28602 0.81647 0.57739
-0.20998 0.28640 0.81767 0.57569
-0.20943 0.28679 0.81887 0.57398
-0.20888 0.28717 0.82007 0.57227
-0.20833 0.28755 0.82126 0.57056
-0.20778 0.28794 0.82244 0.56885
-0.20723 0.28832 0.82363 0.56713
-0.20668 0.28870 0.82481 0.56541
-0.20612 0.28907 0.82598 0.56370
-0.20557 0.28945 0.82715 0.56198
-0.20501 0.28983 0.82832 0.56026
-0.20446 0.29020 0.82948 0.55853
-0.20390 0.29058 0.83064 0.55681
-0.20334 0.29095 0.83180 0.55508
-0.20279 0.29132 0.83295 0.55335
-0.20223 0.29169 0.83409 0.55163
-0.20167 0.29206 0.83523 0.54989
-0.20111 0.29243 0.83637 0.54816
-0.20054 0.29280 0.83751 0.54643
-0.19998 0.29316 0.83863 0.54469
-0.19942 0.29353 0.83976 0.54296
-0.19885 0.29389 0.84088 0.54122
-0.19829 0.29425 0.84200 0.53948
-0.19772 0.29462 0.84311 0.53774
-0.19716 0.29498 0.84422 0.53600
-0.19659 0.29534 0.84532 0.53426
-0.19602 0.29569 0.84642 0.53251
-0.19545 0.29605 0.84752 0.53076
-0.19488 0.29641 0.84861 0.52902
-0.19431 0.29676 0.84970 0.52727
-0.19374 0.29712 0.85078 0.52552
-0.19317 0.29747 0.85186 0.52377
-0.19259 0.29782 0.85294 0.52202
-0.19202 0.29817 0.85401 0.52026
-0.19145 0.29852 0.85507 0.51851
-0.19087 0.29887 0.85613 0.51675
-0.19029 0.29922 0.85719 0.51500
-0.18972 0.29956 0.85825 0.51324
-0.18914 0.29991 0.85930 0.51148
-0.18856 0.30025 0.86034 0.50972
-0.18798 0.30059 0.86138 0.50796
-0.18740 0.30093 0.86242 0.50619
-0.18682 0.30127 0.86345 0.50443
-0.18624 0.30161 0.86448 0.50267
-0.18565 0.30195 0.86550 0.50090
-0.18507 0.30229 0.86652 0.49913
-0.18449 0.30262 0.86754 0.49737
-0.18390 0.30296 0.86855 0.49560
-0.18332 0.30329 0.86956 0.49383
-0.18273 0.30362 0.87056 0.49206
-0.18214 0.30396 0.87156 0.49029
-0.18155 0.30429 0.87256 0.48851
-0.18097 0.30462 0.87355 0.48674
-0.18038 0.30494 0.87453 0.48497
-0.17979 0.30527 0.87551 0.48319
-0.17919 0.30559 0.87649 0.48142
-0.17860 0.30592 0.87747 0.47964
-0.17801 0.30624 0.87843 0.47786
-0.17742 0.30656 0.87940 0.47608
-0.17682 0.30689 0.88036 0.47430
-0.17623 0.30721 0.88132 0.47252
-0.17563 0.30752 0.88227 0.47074
-0.17503 0.30784 0.88322 0.46896
-0.17444 0.30816 0.88416 0.46718
-0.17384 0.30847 0.88510 0.46540
-0.17324 0.30879 0.88604 0.46362
-0.17264 0.30910 0.88697 0.46183
-0.17204 0.30941 0.88789 0.46005
-0.17144 0.30972 0.88882 0.45826
-0.17084 0.31003 0.88974 0.45647
-0.17024 0.31034 0.89065 0.45469
-0.16963 0.31065 0.89156 0.45290
-0.16903 0.31095 0.89247 0.45111
-0.16843 0.31126 0.89337 0.44932
-0.16782 0.31156 0.89427 0.44754
-0.16721 0.31186 0.89516 0.44575
-0.16661 0.31216 0.89605 0.44396
-0.16600 0.31247 0.89693 0.44217
-0.16539 0.31276 0.89781 0.44037
-0.16478 0.31306 0.89869 0.43858
-0.16417 0.31336 0.89956 0.43679
-0.16356 0.31365 0.90043 0.43500
-0.16295 0.31395 0.90130 0.43320
-0.16234 0.31424 0.90216 0.43141
-0.16173 0.31453 0.90301 0.42962
-0.16112 0.31482 0.90386 0.42782
-0.16050 0.31511 0.90471 0.42603
-0.15989 0.31540 0.90555 0.42423
-0.15927 0.31569 0.90639 0.42244
-0.15866 0.31598 0.90723 0.42064
-0.15804 0.31626 0.90806 0.41884
-0.15742 0.31655 0.90888 0.41705
-0.15681 0.31683 0.90971 0.41525
-0.15619 0.31711 0.91053 0.41345
-0.15557 0.31739 0.91134 0.41166
-0.15495 0.31767 0.91215 0.40986
-0.15433 0.31795 0.91296 0.40806
-0.15371 0.31822 0.91376 0.40626
-0.15309 0.31850 0.91455 0.40446
-0.15246 0.31877 0.91535 0.40266
-0.15184 0.31905 0.91614 0.40086
-0.15122 0.31932 0.91692 0.39907
-0.15059 0.31959 0.91770 0.39727
-0.14997 0.31986 0.91848 0.39547
-0.14934 0.32013 0.91925 0.39367
-0.14871 0.32040 0.92002 0.39187
-0.14809 0.32066 0.92079 0.39006
-0.14746 0.32093 0.92155 0.38826
-0.14683 0.32119 0.92230 0.38646
-0.14620 0.32146 0.92306 0.38466
-0.14557 0.32172 0.92381 0.38286
-0.14494 0.32198 0.92455 0.38106
-0.14431 0.32224 0.92529 0.37926
-0.14368 0.32249 0.92603 0.37746
-0.14305 0.32275 0.92676 0.37566
-0.14242 0.32301 0.92749 0.37385
-0.14178 0.32326 0.92821 0.37205
-0.14115 0.32351 0.92893 0.37025
-0.14052 0.32377 0.92965 0.36845
-0.13988 0.32402 0.93036 0.36665
-0.13924 0.32427 0.93107 0.36485
-0.13861 0.32452 0.93177 0.36304
-0.13797 0.32476 0.93247 0.36124
-0.13733 0.32501 0.93317 0.35944
-0.13670 0.32526 0.93386 0.35764
-0.13606 0.32550 0.93455 0.35584
-0.13542 0.32574 0.93523 0.35404
-0.13478 0.32598 0.93591 0.35223
-0.13414 0.32622 0.93659 0.35043
-0.13350 0.32646 0.93726 0.34863
-0.13286 0.32670 0.93793 0.34683
-0.13221 0.32694 0.93859 0.34503
-0.13157 0.32717 0.93925 0.34322
-0.13093 0.32741 0.93991 0.34142
-0.13028 0.32764 0.94056 0.33962
-0.12964 0.32787 0.94121 0.33782
-0.12899 0.32810 0.94186 0.33602
-0.12835 0.32833 0.94250 0.33422
-0.12770 0.32856 0.94313 0.33242
-0.12706 0.32879 0.94377 0.33062
-0.12641 0.32901 0.94439 0.32882
-0.12576 0.32924 0.94502 0.32701
-0.12511 0.32946 0.94564 0.32521
-0.12446 0.32969 0.94626 0.32341
-0.12381 0.32991 0.94687 0.32161
-0.12316 0.33013 0.94748 0.31981
-0.12251 0.33035 0.94809 0.31801
-0.12186 0.33056 0.94869 0.31621
-0.12121 0.33078 0.94929 0.31441
-0.12056 0.33100 0.94988 0.31261
-0.11991 0.33121 0.95047 0.31082
-0.11925 0.33142 0.95106 0.30902
-0.11860 0.33163 0.95164 0.30722
-0.11794 0.33184 0.95222 0.30542
-0.11729 0.33205 0.95279 0.30362
-0.11663 0.33226 0.95336 0.30182
-0.11598 0.33247 0.95393 0.30002
-0.11532 0.33267 0.95450 0.29823
-0.11467 0.33288 0.95505 0.29643
-0.11401 0.33308 0.95561 0.29463
-0.11335 0.33328 0.95616 0.29283
-0.11269 0.33349 0.95671 0.29104
-0.11203 0.33369 0.95726 0.28924
-0.11137 0.33388 0.95780 0.28744
-0.11072 0.33408 0.95833 0.28565
-0.11006 0.33428 0.95887 0.28385
-0.10939 0.33447 0.95940 0.28206
-0.10873 0.33467 0.95992 0.28026
-0.10807 0.33486 0.96045 0.27847
-0.10741 0.33505 0.96096 0.27667
-0.10675 0.33524 0.96148 0.27488
-0.10608 0.33543 0.96199 0.27308
-0.10542 0.33562 0.96250 0.27129
-0.10476 0.33580 0.96300 0.26950
-0.10409 0.33599 0.96350 0.26770
-0.10343 0.33617 0.96400 0.26591
-0.10276 0.33636 0.96449 0.26412
-0.10210 0.33654 0.96498 0.26233
-0.10143 0.33672 0.96546 0.26053
-0.10076 0.33690 0.96595 0.25874
-0.10010 0.33707 0.96642 0.25695
-0.09943 0.33725 0.96690 0.25516
-0.09876 0.33743 0.96737 0.25337
-0.09809 0.33760 0.96784 0.25158
-0.09742 0.33777 0.96830 0.24979
-0.09675 0.33795 0.96876 0.24800
-0.09608 0.33812 0.96922 0.24621
-0.09541 0.33829 0.96967 0.24442
-0.09474 0.33846 0.97012 0.24263
-0.09407 0.33862 0.97056 0.24084
-0.09340 0.33879 0.97101 0.23905
-0.09273 0.33895 0.97144 0.23727
-0.09206 0.33912 0.97188 0.23548
-0.09138 0.33928 0.97231 0.23369
-0.09071 0.33944 0.97274 0.23191
-0.09004 0.33960 0.97316 0.23012
-0.08936 0.33976 0.97358 0.22833
-0.08869 0.33992 0.97400 0.22655
-0.08801 0.34007 0.97441 0.22476
-0.08734 0.34023 0.97482 0.22298
-0.08666 0.34038 0.97523 0.22119
-0.08599 0.34053 0.97563 0.21941
-0.08531 0.34069 0.97603 0.21762
-0.08463 0.34084 0.97643 0.21584
-0.08396 0.34098 0.97682 0.21406
-0.08328 0.34113 0.97721 0.21227
-0.08260 0.34128 0.97760 0.21049
-0.08192 0.34142 0.97798 0.20871
-0.08125 0.34157 0.97836 0.20693
-0.08057 0.34171 0.97873 0.20515
-0.07989 0.34185 0.97910 0.20337
-0.07921 0.34199 0.97947 0.20158
-0.07853 0.34213 0.97984 0.19980
-0.07785 0.34227 0.98020 0.19802
-0.07717 0.34241 0.98055 0.19624
-0.07649 0.34254 0.98091 0.19447
-0.07581 0.34268 0.98126 0.19269
-0.07512 0.34281 0.98161 0.19091
-0.07444 0.34294 0.98195 0.18913
-0.07376 0.34307 0.98229 0.18735
-0.07308 0.34320 0.98263 0.18557
-0.07239 0.34333 0.98296 0.18380
-0.07171 0.34346 0.98329 0.18202
-0.07103 0.34359 0.98362 0.18024
-0.07034 0.34371 0.98395 0.17847
-0.06966 0.34383 0.98427 0.17669
-0.06897 0.34396 0.98458 0.17492
-0.06829 0.34408 0.98490 0.17314
-0.06761 0.34420 0.98521 0.17137
-0.06692 0.34431 0.98551 0.16959
-0.06623 0.34443 0.98582 0.16782
-0.06555 0.34455 0.98612 0.16604
-0.06486 0.34466 0.98642 0.16427
-0.06418 0.34478 0.98671 0.16250
-0.06349 0.34489 0.98700 0.16073
-0.06280 0.34500 0.98729 0.15895
-0.06211 0.34511 0.98757 0.15718
-0.06143 0.34522 0.98785 0.15541
-0.06074 0.34533 0.98813 0.15364
-0.06005 0.34543 0.98840 0.15187
-0.05936 0.34554 0.98867 0.15010
-0.05867 0.34564 0.98894 0.14833
-0.05798 0.34575 0.98920 0.14656
-0.05729 0.34585 0.98946 0.14479
-0.05660 0.34595 0.98972 0.14302
-0.05591 0.34605 0.98997 0.14125
-0.05522 0.34614 0.99022 0.13948
-0.05453 0.34624 0.99047 0.13771
-0.05384 0.34634 0.99072 0.13594
-0.05315 0.34643 0.99096 0.13418
-0.05246 0.34652 0.99120 0.13241
-0.05177 0.34661 0.99143 0.13064
-0.05108 0.34671 0.99166 0.12887
-0.05039 0.34679 0.99189 0.12711
-0.04970 0.34688 0.99211 0.12534
-0.04900 0.34697 0.99234 0.12357
-0.04831 0.34705 0.99255 0.12181
-0.04762 0.34714 0.99277 0.12004
-0.04693 0.34722 0.99298 0.11828
-0.04623 0.34730 0.99319 0.11651
-0.04554 0.34739 0.99339 0.11475
-0.04485 0.34746 0.99360 0.11298
-0.04415 0.34754 0.99380 0.11122
-0.04346 0.34762 0.99399 0.10946
-0.04276 0.34770 0.99418 0.10769
-0.04207 0.34777 0.99437 0.10593
-0.04138 0.34784 0.99456 0.10417
-0.04068 0.34792 0.99474 0.10240
-0.03999 0.34799 0.99492 0.10064
-0.03929 0.34806 0.99510 0.09888
-0.03860 0.34812 0.99527 0.09712
-0.03790 0.34819 0.99544 0.09536
-0.03721 0.34826 0.99561 0.09359
-0.03651 0.34832 0.99577 0.09183
-0.03581 0.34839 0.99594 0.09007
-0.03512 0.34845 0.99609 0.08831
-0.03442 0.34851 0.99625 0.08655
-0.03373 0.34857 0.99640 0.08479
-0.03303 0.34863 0.99655 0.08303
-0.03233 0.34869 0.99669 0.08127
-0.03164 0.34874 0.99683 0.07951
-0.03094 0.34880 0.99697 0.07775
-0.03024 0.34885 0.99711 0.07599
-0.02955 0.34890 0.99724 0.07423
-0.02885 0.34895 0.99737 0.07247
-0.02815 0.34900 0.99750 0.07071
-0.02745 0.34905 0.99762 0.06896
-0.02676 0.34910 0.99774 0.06720
-0.02606 0.34915 0.99786 0.06544
-0.02536 0.34919 0.99797 0.06368
-0.02466 0.34924 0.99808 0.06192
-0.02396 0.34928 0.99819 0.06016
-0.02327 0.34932 0.99829 0.05841
-0.02257 0.34936 0.99839 0.05665
-0.02187 0.34940 0.99849 0.05489
-0.02117 0.34944 0.99859 0.05313
-0.02047 0.34947 0.99868 0.05138
-0.01977 0.34951 0.99877 0.04962
-0.01907 0.34954 0.99885 0.04786
-0.01838 0.34958 0.99894 0.04611
-0.01768 0.34961 0.99902 0.04435
-0.01698 0.34964 0.99909 0.04259
-0.01628 0.34967 0.99917 0.04084
-0.01558 0.34970 0.99924 0.03908
-0.01488 0.34972 0.99930 0.03733
-0.01418 0.34975 0.99937 0.03557
-0.01348 0.34977 0.99943 0.03381
-0.01278 0.34980 0.99949 0.03206
-0.01208 0.34982 0.99954 0.03030
-0.01138 0.34984 0.99959 0.02855
-0.01068 0.34986 0.99964 0.02679
-0.00998 0.34988 0.99969 0.02504
-0.00928 0.34989 0.99973 0.02328
-0.00858 0.34991 0.99977 0.02152
-0.00788 0.34992 0.99980 0.01977
-0.00718 0.34994 0.99984 0.01801
-0.00648 0.34995 0.99987 0.01626
-0.00578 0.34996 0.99989 0.01450
-0.00508 0.34997 0.99992 0.01275
-0.00438 0.34998 0.99994 0.01099
-0.00368 0.34998 0.99996 0.00924
-0.00298 0.34999 0.99997 0.00748
-0.00228 0.34999 0.99998 0.00573
-0.00158 0.35000 0.99999 0.00397
-0.00088 0.35000 1.00000 0.00222
-0.00018 0.35000 1.00000 0.00046
0.00052 0.35000 1.00000 -0.00129
0.00122 0.35000 1.00000 -0.00305
0.00192 0.35000 0.99999 -0.00480
0.00262 0.34999 0.99998 -0.00656
0.00332 0.34999 0.99997 -0.00831
0.00402 0.34998 0.99995 -0.01007
0.00472 0.34997 0.99993 -0.01182
0.00541 0.34996 0.99991 -0.01358
0.00611 0.34995 0.99988 -0.01533
0.00681 0.34994 0.99985 -0.01709
0.00751 0.34993 0.99982 -0.01884
0.00821 0.34992 0.99979 -0.02060
0.00891 0.34990 0.99975 -0.02235
0.00961 0.34988 0.99971 -0.02411
0.01031 0.34987 0.99967 -0.02586
0.01101 0.34985 0.99962 -0.02762
0.01171 0.34983 0.99957 -0.02938
0.01241 0.34981 0.99952 -0.03113
0.01311 0.34978 0.99946 -0.03289
0.01381 0.34976 0.99940 -0.03464
0.01451 0.34974 0.99934 -0.03640
0.01521 0.34971 0.99927 -0.03815
0.01591 0.34968 0.99920 -0.03991
0.01661 0.34965 0.99913 -0.04167
0.01731 0.34962 0.99906 -0.04342
0.01801 0.34959 0.99898 -0.04518
0.01871 0.34956 0.99890 -0.04694
0.01940 0.34953 0.99881 -0.04869
0.02010 0.34949 0.99873 -0.05045
0.02080 0.34946 0.99864 -0.05221
0.02150 0.34942 0.99854 -0.05396
0.02220 0.34938 0.99845 -0.05572
0.02290 0.34934 0.99835 -0.05748
0.02360 0.34930 0.99824 -0.05924
0.02429 0.34926 0.99814 -0.06099
0.02499 0.34922 0.99803 -0.06275
0.02569 0.34917 0.99792 -0.06451
0.02639 0.34913 0.99780 -0.06627
0.02708 0.34908 0.99768 -0.06803
0.02778 0.34903 0.99756 -0.06979
0.02848 0.34898 0.99744 -0.07154
0.02918 0.34893 0.99731 -0.07330
0.02987 0.34888 0.99718 -0.07506
0.03057 0.34883 0.99704 -0.07682
0.03127 0.34877 0.99691 -0.07858
0.03197 0.34872 0.99677 -0.08034
0.03266 0.34866 0.99662 -0.08210
0.03336 0.34860 0.99648 -0.08386
0.03405 0.34854 0.99633 -0.08562
0.03475 0.34848 0.99617 -0.08738
0.03545 0.34842 0.99602 -0.08914
0.03614 0.34836 0.99586 -0.09090
0.03684 0.34829 0.99570 -0.09266
0.03753 0.34823 0.99553 -0.09443
0.03823 0.34816 0.99536 -0.09619
0.03892 0.34809 0.99519 -0.09795
0.03962 0.34802 0.99502 -0.09971
0.04031 0.34795 0.99484 -0.10147
0.04101 0.34788 0.99466 -0.10324
0.04170 0.34781 0.99447 -0.10500
0.04240 0.34774 0.99428 -0.10676
0.04309 0.34766 0.99409 -0.10853
0.04379 0.34758 0.99390 -0.11029
0.04448 0.34751 0.99370 -0.11205
0.04517 0.34743 0.99350 -0.11382
0.04587 0.34735 0.99330 -0.11558
0.04656 0.34727 0.99309 -0.11735
0.04725 0.34718 0.99288 -0.11911
0.04795 0.34710 0.99267 -0.12088
0.04864 0.34701 0.99245 -0.12264
0.04933 0.34693 0.99223 -0.12441
0.05002 0.34684 0.99201 -0.12617
0.05071 0.34675 0.99178 -0.12794
0.05141 0.34666 0.99155 -0.12971
0.05210 0.34657 0.99132 -0.13147
0.05279 0.34648 0.99108 -0.13324
0.05348 0.34639 0.99084 -0.13501
0.05417 0.34629 0.99060 -0.13678
0.05486 0.34620 0.99036 -0.13855
0.05555 0.34610 0.99011 -0.14031
0.05624 0.34600 0.98985 -0.14208
0.05693 0.34590 0.98960 -0.14385
0.05762 0.34580 0.98934 -0.14562
0.05831 0.34570 0.98908 -0.14739
0.05900 0.34559 0.98881 -0.14916
0.05969 0.34549 0.98854 -0.15093
0.06037 0.34538 0.98827 -0.15270
0.06106 0.34528 0.98800 -0.15447
0.06175 0.34517 0.98772 -0.15625
0.06244 0.34506 0.98744 -0.15802
0.06313 0.34495 0.98715 -0.15979
0.06381 0.34484 0.98686 -0.16156
0.06450 0.34472 0.98657 -0.16334
0.06519 0.34461 0.98628 -0.16511
0.06587 0.34449 0.98598 -0.16688
0.06656 0.34438 0.98568 -0.16866
0.06724 0.34426 0.98537 -0.17043
0.06793 0.34414 0.98506 -0.17220
0.06861 0.34402 0.98475 -0.17398
0.06930 0.34390 0.98443 -0.17575
0.06998 0.34378 0.98412 -0.17753
0.07067 0.34365 0.98379 -0.17931
0.07135 0.34353 0.98347 -0.18108
0.07203 0.34340 0.98314 -0.18286
0.07272 0.34327 0.98281 -0.18464
0.07340 0.34314 0.98247 -0.18641
0.07408 0.34301 0.98213 -0.18819
0.07476 0.34288 0.98179 -0.18997
0.07545 0.34275 0.98144 -0.19175
0.07613 0.34261 0.98110 -0.19353
0.07681 0.34248 0.98074 -0.19530
0.07749 0.34234 0.98039 -0.19708
0.07817 0.34221 0.98003 -0.19886
0.07885 0.34207 0.97966 -0.20064
0.07953 0.34193 0.97930 -0.20242
0.08021 0.34179 0.97893 -0.20421
0.08089 0.34164 0.97855 -0.20599
0.08157 0.34150 0.97818 -0.20777
0.08224 0.34136 0.97780 -0.20955
0.08292 0.34121 0.97741 -0.21133
0.08360 0.34106 0.97703 -0.21312
0.08428 0.34091 0.97664 -0.21490
0.08495 0.34077 0.97624 -0.21668
0.08563 0.34061 0.97584 -0.21847
0.08631 0.34046 0.97544 -0.22025
0.08698 0.34031 0.97504 -0.22203
0.08766 0.34015 0.97463 -0.22382
0.08833 0.34000 0.97422 -0.22560
0.08901 0.33984 0.97380 -0.22739
0.08968 0.33968 0.97339 -0.22918
0.09035 0.33952 0.97296 -0.23096
0.09103 0.33936 0.97254 -0.23275
0.09170 0.33920 0.97211 -0.23454
0.09237 0.33904 0.97167 -0.23632
0.09305 0.33888 0.97124 -0.23811
0.09372 0.33871 0.97080 -0.23990
0.09439 0.33854 0.97035 -0.24169
0.09506 0.33838 0.96991 -0.24348
0.09573 0.33821 0.96946 -0.24526
0.09640 0.33804 0.96900 -0.24705
0.09707 0.33787 0.96854 -0.24884
0.09774 0.33769 0.96808 -0.25063
0.09841 0.33752 0.96762 -0.25242
0.09908 0.33734 0.96715 -0.25421
0.09974 0.33717 0.96668 -0.25600
0.10041 0.33699 0.96620 -0.25780
0.10108 0.33681 0.96572 -0.25959
0.10174 0.33663 0.96524 -0.26138
0.10241 0.33645 0.96475 -0.26317
0.10308 0.33627 0.96426 -0.26496
0.10374 0.33609 0.96376 -0.26676
0.10441 0.33590 0.96327 -0.26855
0.10507 0.33572 0.96276 -0.27034
0.10573 0.33553 0.96226 -0.27214
0.10640 0.33534 0.96175 -0.27393
0.10706 0.33515 0.96124 -0.27572
0.10772 0.33496 0.96072 -0.27752
0.10838 0.33477 0.96020 -0.27931
0.10905 0.33457 0.95968 -0.28111
0.10971 0.33438 0.95915 -0.28290
0.11037 0.33418 0.95862 -0.28470
0.11103 0.33399 0.95808 -0.28650
0.11169 0.33379 0.95754 -0.28829
0.11235 0.33359 0.95700 -0.29009
0.11300 0.33339 0.95645 -0.29189
0.11366 0.33319 0.95590 -0.29368
0.11432 0.33299 0.95535 -0.29548
0.11498 0.33278 0.95479 -0.29728
0.11563 0.33258 0.95423 -0.29907
0.11629 0.33237 0.95366 -0.30087
0.11694 0.33216 0.95310 -0.30267
0.11760 0.33196 0.95252 -0.30447
0.11825 0.33175 0.95195 -0.30627
0.11891 0.33153 0.95136 -0.30807
0.11956 0.33132 0.95078 -0.30987
0.12021 0.33111 0.95019 -0.31166
0.12087 0.33089 0.94960 -0.31346
0.12152 0.33068 0.94900 -0.31526
0.12217 0.33046 0.94840 -0.31706
0.12282 0.33024 0.94780 -0.31886
0.12347 0.33002 0.94719 -0.32066
0.12412 0.32980 0.94658 -0.32246
0.12477 0.32958 0.94597 -0.32426
0.12542 0.32936 0.94535 -0.32606
0.12607 0.32913 0.94472 -0.32786
0.12671 0.32891 0.94410 -0.32966
0.12736 0.32868 0.94347 -0.33147
0.12801 0.32845 0.94283 -0.33327
0.12865 0.32822 0.94219 -0.33507
0.12930 0.32799 0.94155 -0.33687
0.12994 0.32776 0.94091 -0.33867
0.13059 0.32753 0.94025 -0.34047
0.13123 0.32730 0.93960 -0.34227
0.13187 0.32706 0.93894 -0.34407
0.13252 0.32683 0.93828 -0.34588
0.13316 0.32659 0.93761 -0.34768
0.13380 0.32635 0.93694 -0.34948
0.13444 0.32611 0.93627 -0.35128
0.13508 0.32587 0.93559 -0.35308
0.13572 0.32563 0.93491 -0.35489
0.13636 0.32538 0.93422 -0.35669
0.13700 0.32514 0.93353 -0.35849
0.13764 0.32489 0.93284 -0.36029
0.13827 0.32465 0.93214 -0.36209
0.13891 0.32440 0.93144 -0.36389
0.13954 0.32415 0.93073 -0.36570
0.14018 0.32390 0.93002 -0.36750
0.14081 0.32365 0.92931 -0.36930
0.14145 0.32340 0.92859 -0.37110
0.14208 0.32314 0.92787 -0.37290
0.14272 0.32289 0.92714 -0.37471
0.14335 0.32263 0.92641 -0.37651
0.14398 0.32237 0.92568 -0.37831
0.14461 0.32211 0.92494 -0.38011
0.14524 0.32185 0.92420 -0.38191
0.14587 0.32159 0.92345 -0.38371
0.14650 0.32133 0.92270 -0.38551
0.14713 0.32107 0.92195 -0.38731
0.14776 0.32080 0.92119 -0.38911
0.14838 0.32054 0.92043 -0.39091
0.14901 0.32027 0.91966 -0.39271
0.14964 0.32000 0.91889 -0.39452
0.15026 0.31973 0.91811 -0.39632
0.15089 0.31946 0.91734 -0.39811
0.15151 0.31919 0.91655 -0.39991
0.15213 0.31892 0.91577 -0.40171
0.15276 0.31865 0.91497 -0.40351
0.15338 0.31837 0.91418 -0.40531
0.15400 0.31809 0.91338 -0.40711
0.15462 0.31782 0.91258 -0.40891
0.15524 0.31754 0.91177 -0.41071
0.15586 0.31726 0.91096 -0.41250
0.15648 0.31698 0.91014 -0.41430
0.15710 0.31669 0.90932 -0.41610
0.15771 0.31641 0.90849 -0.41790
0.15833 0.31613 0.90767 -0.41969
0.15895 0.31584 0.90683 -0.42149
0.15956 0.31555 0.90600 -0.42328
0.16018 0.31527 0.90516 -0.42508
0.16079 0.31498 0.90431 -0.42687
0.16141 0.31469 0.90346 -0.42867
0.16202 0.31440 0.90261 -0.43046
0.16263 0.31410 0.90175 -0.43226
0.16324 0.31381 0.90089 -0.43405
0.16385 0.31351 0.90002 -0.43584
0.16446 0.31322 0.89915 -0.43764
0.16507 0.31292 0.89828 -0.43943
0.16568 0.31262 0.89740 -0.44122
0.16629 0.31232 0.89652 -0.44301
0.16689 0.31202 0.89563 -0.44480
0.16750 0.31172 0.89474 -0.44659
0.16811 0.31142 0.89384 -0.44838
0.16871 0.31111 0.89294 -0.45017
0.16931 0.31081 0.89204 -0.45196
0.16992 0.31050 0.89113 -0.45374
0.17052 0.31019 0.89022 -0.45553
0.17112 0.30989 0.88930 -0.45732
0.17172 0.30958 0.88838 -0.45910
0.17232 0.30926 0.88746 -0.46089
0.17292 0.30895 0.88653 -0.46267
0.17352 0.30864 0.88560 -0.46446
0.17412 0.30832 0.88466 -0.46624
0.17472 0.30801 0.88372 -0.46802
0.17532 0.30769 0.88277 -0.46980
0.17591 0.30737 0.88182 -0.47158
0.17651 0.30705 0.88087 -0.47336
0.17710 0.30673 0.87991 -0.47514
0.17770 0.30641 0.87895 -0.47692
0.17829 0.30609 0.87798 -0.47870
0.17888 0.30577 0.87701 -0.48048
0.17947 0.30544 0.87603 -0.48225
0.18006 0.30512 0.87505 -0.48403
0.18065 0.30479 0.87407 -0.48580
0.18124 0.30446 0.87308 -0.48758
0.18183 0.30413 0.87209 -0.48935
0.18242 0.30380 0.87109 -0.49112
0.18301 0.30347 0.87009 -0.49289
0.18359 0.30314 0.86908 -0.49466
0.18418 0.30280 0.86808 -0.49643
0.18476 0.30247 0.86706 -0.49820
0.18535 0.30213 0.86604 -0.49997
0.18593 0.30179 0.86502 -0.50173
0.18651 0.30145 0.86400 -0.50350
0.18709 0.30111 0.86297 -0.50526
0.18767 0.30077 0.86193 -0.50703
0.18825 0.30043 0.86089 -0.50879
0.18883 0.30009 0.85985 -0.51055
0.18941 0.29974 0.85880 -0.51231
0.18999 0.29940 0.85775 -0.51407
0.19057 0.29905 0.85669 -0.51582
0.19114 0.29870 0.85563 -0.51758
0.19172 0.29836 0.85457 -0.51934
0.19229 0.29801 0.85350 -0.52109
0.19287 0.29766 0.85243 -0.52284
0.19344 0.29730 0.85135 -0.52459
0.19401 0.29695 0.85027 -0.52635
0.19458 0.29660 0.84919 -0.52809
0.19515 0.29624 0.84810 -0.52984
0.19572 0.29588 0.84700 -0.53159
0.19629 0.29553 0.84590 -0.53333
0.19686 0.29517 0.84480 -0.53508
0.19742 0.29481 0.84370 -0.53682
0.19799 0.29445 0.84259 -0.53856
0.19856 0.29408 0.84147 -0.54030
0.19912 0.29372 0.84035 -0.54204
0.19968 0.29336 0.83923 -0.54378
0.20025 0.29299 0.83810 -0.54551
0.20081 0.29262 0.83697 -0.54725
0.20137 0.29226 0.83584 -0.54898
0.20193 0.29189 0.83470 -0.55071
0.20249 0.29152 0.83355 -0.55244
0.20305 0.29115 0.83240 -0.55417
0.20361 0.29077 0.83125 -0.55590
0.20416 0.29040 0.83010 -0.55762
0.20472 0.29003 0.82893 -0.55935
0.20528 0.28965 0.82777 -0.56107
0.20583 0.28927 0.82660 -0.56279
0.20638 0.28890 0.82543 -0.56451
0.20694 0.28852 0.82425 -0.56622
0.20749 0.28814 0.82307 -0.56794
0.20804 0.28776 0.82188 -0.56965
0.20859 0.28737 0.82070 -0.57137
0.20914 0.28699 0.81950 -0.57308
0.20969 0.28661 0.81830 -0.57478
0.21024 0.28622 0.81710 -0.57649
0.21078 0.28583 0.81590 -0.57820
0.21133 0.28545 0.81469 -0.57990
0.21187 0.28506 0.81347 -0.58160
0.21242 0.28467 0.81226 -0.58330
0.21296 0.28428 0.81103 -0.58500
0.21350 0.28388 0.80981 -0.58670
0.21404 0.28349 0.80858 -0.58839
0.21458 0.28310 0.80734 -0.59008
0.21512 0.28270 0.80610 -0.59177
0.21566 0.28231 0.80486 -0.59346
0.21620 0.28191 0.80362 -0.59515
0.21674 0.28151 0.80237 -0.59683
0.21727 0.28111 0.80111 -0.59852
0.21781 0.28071 0.79985 -0.60020
0.21834 0.28031 0.79859 -0.60187
0.21888 0.27990 0.79732 -0.60355
0.21941 0.27950 0.79605 -0.60523
0.21994 0.27910 0.79478 -0.60690
0.22047 0.27869 0.79350 -0.60857
0.22100 0.27828 0.79222 -0.61024
0.22153 0.27787 0.79093 -0.61190
0.22206 0.27746 0.78964 -0.61357
0.22259 0.27705 0.78835 -0.61523
0.22311 0.27664 0.78705 -0.61689
0.22364 0.27623 0.78575 -0.61854
0.22416 0.27582 0.78444 -0.62020
0.22468 0.27540 0.78314 -0.62185
0.22521 0.27499 0.78182 -0.62350
0.22573 0.27457 0.78050 -0.62515
0.22625 0.27415 0.77918 -0.62680
0.22677 0.27373 0.77786 -0.62844
0.22729 0.27331 0.77653 -0.63008
0.22781 0.27289 0.77520 -0.63172
0.22832 0.27247 0.77386 -0.63336
0.22884 0.27204 0.77252 -0.63499
0.22935 0.27162 0.77118 -0.63662
0.22987 0.27119 0.76983 -0.63825
0.23038 0.27077 0.76848 -0.63988
0.23089 0.27034 0.76712 -0.64150
0.23141 0.26991 0.76576 -0.64312
0.23192 0.26948 0.76440 -0.64474
0.23243 0.26905 0.76303 -0.64636
0.23293 0.26862 0.76166 -0.64798
0.23344 0.26819 0.76029 -0.64959
0.23395 0.26775 0.75891 -0.65120
0.23445 0.26732 0.75753 -0.65280
0.23496 0.26688 0.75614 -0.65441
0.23546 0.26645 0.75475 -0.65601
0.23597 0.26601 0.75336 -0.65761
0.23647 0.26557 0.75197 -0.65920
0.23697 0.26513 0.75057 -0.66080
0.23747 0.26469 0.74916 -0.66239
0.23797 0.26425 0.74776 -0.66397
0.23847 0.26380 0.74634 -0.66556
0.23896 0.26336 0.74493 -0.66714
0.23946 0.26291 0.74351 -0.66872
0.23995 0.26247 0.74209 -0.67030
0.24045 0.26202 0.74067 -0.67187
0.24094 0.26157 0.73924 -0.67344
0.24143 0.26112 0.73781 -0.67501
0.24193 0.26067 0.73637 -0.67658
0.24242 0.26022 0.73493 -0.67814
0.24290 0.25977 0.73349 -0.67970
0.24339 0.25931 0.73204 -0.68126
0.24388 0.25886 0.73060 -0.68281
0.24437 0.25840 0.72914 -0.68436
0.24485 0.25795 0.72769 -0.68591
0.24534 0.25749 0.72623 -0.68746
0.24582 0.25703 0.72476 -0.68900
0.24630 0.25657 0.72330 -0.69054
0.24678 0.25611 0.72183 -0.69207
0.24727 0.25565 0.72036 -0.69361
0.24774 0.25519 0.71888 -0.69514
0.24822 0.25472 0.71740 -0.69666
0.24870 0.25426 0.71592 -0.69819
0.24918 0.25379 0.71443 -0.69971
0.24965 0.25332 0.71294 -0.70122
0.25013 0.25286 0.71145 -0.70274
0.25060 0.25239 0.70995 -0.70425
0.25107 0.25192 0.70845 -0.70576
0.25155 0.25145 0.70695 -0.70726
0.25202 0.25098 0.70544 -0.70876
0.25249 0.25050 0.70394 -0.71026
0.25295 0.25003 0.70242 -0.71176
0.25342 0.24955 0.70091 -0.71325
0.25389 0.24908 0.69939 -0.71474
0.25435 0.24860 0.69787 -0.71622
0.25482 0.24812 0.69635 -0.71771
0.25528 0.24764 0.69482 -0.71919
0.25574 0.24717 0.69329 -0.72066
0.25621 0.24668 0.69175 -0.72213
0.25667 0.24620 0.69022 -0.72360
0.25713 0.24572 0.68868 -0.72507
0.25758 0.24524 0.68713 -0.72653
0.25804 0.24475 0.68559 -0.72799
0.25850 0.24427 0.68404 -0.72944
0.25895 0.24378 0.68249 -0.73090
0.25941 0.24329 0.68093 -0.73235
0.25986 0.24280 0.67938 -0.73379
0.26031 0.24231 0.67782 -0.73523
0.26076 0.24182 0.67625 -0.73667
0.26121 0.24133 0.67469 -0.73810
0.26166 0.24084 0.67312 -0.73954
0.26211 0.24035 0.67155 -0.74096
0.26256 0.23985 0.66997 -0.74239
0.26301 0.23936 0.66839 -0.74381
0.26345 0.23886 0.66681 -0.74522
0.26389 0.23836 0.66523 -0.74664
0.26434 0.23786 0.66364 -0.74805
0.26478 0.23736 0.66206 -0.74945
0.26522 0.23686 0.66046 -0.75086
0.26566 0.23636 0.65887 -0.75226
0.26610 0.23586 0.65727 -0.75365
0.26654 0.23536 0.65568 -0.75504
0.26697 0.23485 0.65407 -0.75643
0.26741 0.23435 0.65247 -0.75782
0.26784 0.23384 0.65086 -0.75920
0.26828 0.23334 0.64925 -0.76057
0.26871 0.23283 0.64764 -0.76195
0.26914 0.23232 0.64602 -0.76332
0.26957 0.23181 0.64441 -0.76468
0.27000 0.23130 0.64279 -0.76604
0.27043 0.23079 0.64117 -0.76740
0.27086 0.23028 0.63954 -0.76876
0.27128 0.22976 0.63791 -0.77011
0.27171 0.22925 0.63628 -0.77146
0.27213 0.22873 0.63465 -0.77280
0.27256 0.22822 0.63302 -0.77414
0.27298 0.22770 0.63138 -0.77547
0.27340 0.22718 0.62974 -0.77681
0.27382 0.22666 0.62810 -0.77813
0.27424 0.22614 0.62645 -0.77946
0.27465 0.22562 0.62481 -0.78078
0.27507 0.22510 0.62316 -0.78209
0.27549 0.22458 0.62151 -0.78341
0.27590 0.22405 0.61986 -0.78472
0.27632 0.22353 0.61820 -0.78602
0.27673 0.22300 0.61654 -0.78732
0.27714 0.22248 0.61488 -0.78862
0.27755 0.22195 0.61322 -0.78991
0.27796 0.22142 0.61156 -0.79120
0.27837 0.22089 0.60989 -0.79249
0.27877 0.22036 0.60822 -0.79377
0.27918 0.21983 0.60655 -0.79505
0.27958 0.21930 0.60488 -0.79632
0.27999 0.21877 0.60320 -0.79759
0.28039 0.21823 0.60153 -0.79885
0.28079 0.21770 0.59985 -0.80012
0.28119 0.21716 0.59817 -0.80137
0.28159 0.21663 0.59648 -0.80263
0.28199 0.21609 0.59480 -0.80388
0.28239 0.21555 0.59311 -0.80512
0.28278 0.21501 0.59142 -0.80636
0.28318 0.21447 0.58973 -0.80760
0.28357 0.21393 0.58804 -0.80883
0.28397 0.21339 0.58634 -0.81006
0.28436 0.21285 0.58465 -0.81129
0.28475 0.21230 0.58295 -0.81251
0.28514 0.21176 0.58125 -0.81373
0.28553 0.21121 0.57955 -0.81494
0.28591 0.21067 0.57784 -0.81615
0.28630 0.21012 0.57614 -0.81735
0.28669 0.20957 0.57443 -0.81855
0.28707 0.20902 0.57272 -0.81975
0.28745 0.20848 0.57101 -0.82094
0.28783 0.20793 0.56930 -0.82213
0.28822 0.20737 0.56758 -0.82332
0.28860 0.20682 0.56587 -0.82450
0.28897 0.20627 0.56415 -0.82567
0.28935 0.20572 0.56243 -0.82684
0.28973 0.20516 0.56071 -0.82801
0.29010 0.20460 0.55899 -0.82918
0.29048 0.20405 0.55726 -0.83034
0.29085 0.20349 0.55554 -0.83149
0.29122 0.20293 0.55381 -0.83264
0.29159 0.20237 0.55208 -0.83379
0.29196 0.20181 0.55035 -0.83493
0.29233 0.20125 0.54862 -0.83607
0.29270 0.20069 0.54689 -0.83721
0.29307 0.20013 0.54515 -0.83834
0.29343 0.19957 0.54342 -0.83946
0.29380 0.19900 0.54168 -0.84059
0.29416 0.19844 0.53994 -0.84170
0.29452 0.19787 0.53820 -0.84282
0.29488 0.19731 0.53646 -0.84393
0.29524 0.19674 0.53472 -0.84503
0.29560 0.19617 0.53297 -0.84613
0.29596 0.19560 0.53123 -0.84723
0.29631 0.19503 0.52948 -0.84832
0.29667 0.19446 0.52773 -0.84941
0.29702 0.19389 0.52598 -0.85050
0.29738 0.19332 0.52423 -0.85158
0.29773 0.19275 0.52248 -0.85265
0.29808 0.19217 0.52073 -0.85372
0.29843 0.19160 0.51897 -0.85479
0.29878 0.19102 0.51722 -0.85585
0.29912 0.19045 0.51546 -0.85691
0.29947 0.18987 0.51370 -0.85797
0.29982 0.18929 0.51194 -0.85902
0.30016 0.18871 0.51018 -0.86007
0.30050 0.18813 0.50842 -0.86111
0.30084 0.18755 0.50666 -0.86215
0.30118 0.18697 0.50490 -0.86318
0.30152 0.18639 0.50313 -0.86421
0.30186 0.18581 0.50137 -0.86523
0.30220 0.18523 0.49960 -0.86626
0.30254 0.18464 0.49783 -0.86727
0.30287 0.18406 0.49606 -0.86829
0.30320 0.18347 0.49430 -0.86929
0.30354 0.18288 0.49253 -0.87030
0.30387 0.18230 0.49075 -0.87130
0.30420 0.18171 0.48898 -0.87229
0.30453 0.18112 0.48721 -0.87329
0.30486 0.18053 0.48544 -0.87427
0.30518 0.17994 0.48366 -0.87526
0.30551 0.17935 0.48189 -0.87623
0.30583 0.17876 0.48011 -0.87721
0.30616 0.17817 0.47833 -0.87818
0.30648 0.17757 0.47655 -0.87915
0.30680 0.17698 0.47477 -0.88011
0.30712 0.17638 0.47300 -0.88107
0.30744 0.17579 0.47121 -0.88202
0.30776 0.17519 0.46943 -0.88297
0.30807 0.17460 0.46765 -0.88391
0.30839 0.17400 0.46587 -0.88485
0.30870 0.17340 0.46409 -0.88579
0.30902 0.17280 0.46230 -0.88672
0.30933 0.17220 0.46052 -0.88765
0.30964 0.17160 0.45873 -0.88857
0.30995 0.17100 0.45695 -0.88949
0.31026 0.17040 0.45516 -0.89041
0.31057 0.16979 0.45337 -0.89132
0.31087 0.16919 0.45159 -0.89223
0.31118 0.16858 0.44980 -0.89313
0.31148 0.16798 0.44801 -0.89403
0.31178 0.16737 0.44622 -0.89492
0.31209 0.16677 0.44443 -0.89581
0.31239 0.16616 0.44264 -0.89670
0.31269 0.16555 0.44085 -0.89758
0.31298 0.16494 0.43906 -0.89846
0.31328 0.16433 0.43726 -0.89933
0.31358 0.16372 0.43547 -0.90020
0.31387 0.16311 0.43368 -0.90107
0.31416 0.16250 0.43188 -0.90193
0.31446 0.16189 0.43009 -0.90279
0.31475 0.16128 0.42830 -0.90364
0.31504 0.16066 0.42650 -0.90449
0.31533 0.16005 0.42471 -0.90533
0.31561 0.15944 0.42291 -0.90617
0.31590 0.15882 0.42112 -0.90701
0.31619 0.15820 0.41932 -0.90784
0.31647 0.15759 0.41752 -0.90867
0.31675 0.15697 0.41573 -0.90949
0.31704 0.15635 0.41393 -0.91031
0.31732 0.15573 0.41213 -0.91112
0.31760 0.15511 0.41033 -0.91194
0.31787 0.15449 0.40853 -0.91274
0.31815 0.15387 0.40674 -0.91355
0.31843 0.15325 0.40494 -0.91434
0.31870 0.15263 0.40314 -0.91514
0.31898 0.15200 0.40134 -0.91593
0.31925 0.15138 0.39954 -0.91672
0.31952 0.15076 0.39774 -0.91750
0.31979 0.15013 0.39594 -0.91828
0.32006 0.14951 0.39414 -0.91905
0.32033 0.14888 0.39234 -0.91982
0.32059 0.14825 0.39054 -0.92059
0.32086 0.14763 0.38874 -0.92135
0.32112 0.14700 0.38694 -0.92211
0.32139 0.14637 0.38514 -0.92286
0.32165 0.14574 0.38334 -0.92361
0.32191 0.14511 0.38154 -0.92435
0.32217 0.14448 0.37973 -0.92510
0.32243 0.14385 0.37793 -0.92583
0.32268 0.14322 0.37613 -0.92657
0.32294 0.14258 0.37433 -0.92730
0.32319 0.14195 0.37253 -0.92802
0.32345 0.14132 0.37073 -0.92874
0.32370 0.14068 0.36893 -0.92946
0.32395 0.14005 0.36712 -0.93017
0.32420 0.13941 0.36532 -0.93088
0.32445 0.13878 0.36352 -0.93159
0.32470 0.13814 0.36172 -0.93229
0.32495 0.13750 0.35992 -0.93298
0.32519 0.13686 0.35811 -0.93368
0.32543 0.13623 0.35631 -0.93437
0.32568 0.13559 0.35451 -0.93505
0.32592 0.13495 0.35271 -0.93573
0.32616 0.13431 0.35091 -0.93641
0.32640 0.13367 0.34911 -0.93708
0.32664 0.13302 0.34730 -0.93775
0.32688 0.13238 0.34550 -0.93842
0.32711 0.13174 0.34370 -0.93908
0.32735 0.13110 0.34190 -0.93974
0.32758 0.13045 0.34010 -0.94039
0.32781 0.12981 0.33830 -0.94104
0.32804 0.12916 0.33649 -0.94169
0.32827 0.12852 0.33469 -0.94233
0.32850 0.12787 0.33289 -0.94296
0.32873 0.12723 0.33109 -0.94360
0.32896 0.12658 0.32929 -0.94423
0.32918 0.12593 0.32749 -0.94485
0.32940 0.12528 0.32569 -0.94548
0.32963 0.12463 0.32389 -0.94610
0.32985 0.12399 0.32209 -0.94671
0.33007 0.12334 0.32029 -0.94732
0.33029 0.12269 0.31849 -0.94793
0.33051 0.12203 0.31669 -0.94853
0.33072 0.12138 0.31489 -0.94913
0.33094 0.12073 0.31309 -0.94972
0.33115 0.12008 0.31129 -0.95031
0.33137 0.11943 0.30949 -0.95090
0.33158 0.11877 0.30769 -0.95149
0.33179 0.11812 0.30589 -0.95207
0.33200 0.11746 0.30410 -0.95264
0.33221 0.11681 0.30230 -0.95321
0.33241 0.11615 0.30050 -0.95378
0.33262 0.11550 0.29870 -0.95435
0.33283 0.11484 0.29690 -0.95491
0.33303 0.11418 0.29511 -0.95546
0.33323 0.11352 0.29331 -0.95602
0.33343 0.11287 0.29151 -0.95657
0.33363 0.11221 0.28972 -0.95711
0.33383 0.11155 0.28792 -0.95765
0.33403 0.11089 0.28612 -0.95819
0.33423 0.11023 0.28433 -0.95873
0.33442 0.10957 0.28253 -0.95926
0.33461 0.10891 0.28074 -0.95978
0.33481 0.10825 0.27894 -0.96031
0.33500 0.10758 0.27715 -0.96083
0.33519 0.10692 0.27535 -0.96134
0.33538 0.10626 0.27356 -0.96186
0.33557 0.10560 0.27176 -0.96236
0.33575 0.10493 0.26997 -0.96287
0.33594 0.10427 0.26818 -0.96337
0.33612 0.10360 0.26638 -0.96387
0.33631 0.10294 0.26459 -0.96436
0.33649 0.10227 0.26280 -0.96485
0.33667 0.10161 0.26101 -0.96534
0.33685 0.10094 0.25921 -0.96582
0.33703 0.10027 0.25742 -0.96630
0.33720 0.09960 0.25563 -0.96677
0.33738 0.09894 0.25384 -0.96725
0.33756 0.09827 0.25205 -0.96771
0.33773 0.09760 0.25026 -0.96818
0.33790 0.09693 0.24847 -0.96864
0.33807 0.09626 0.24668 -0.96910
0.33824 0.09559 0.24489 -0.96955
0.33841 0.09492 0.24310 -0.97000
0.33858 0.09425 0.24131 -0.97045
0.33874 0.09358 0.23953 -0.97089
0.33891 0.09291 0.23774 -0.97133
0.33907 0.09223 0.23595 -0.97176
0.33924 0.09156 0.23416 -0.97220
0.33940 0.09089 0.23238 -0.97263
0.33956 0.09021 0.23059 -0.97305
0.33972 0.08954 0.22880 -0.97347
0.33988 0.08887 0.22702 -0.97389
0.34003 0.08819 0.22523 -0.97430
0.34019 0.08752 0.22345 -0.97472
0.34034 0.08684 0.22166 -0.97512
0.34049 0.08617 0.21988 -0.97553
0.34065 0.08549 0.21810 -0.97593
0.34080 0.08481 0.21631 -0.97632
0.34095 0.08414 0.21453 -0.97672
0.34109 0.08346 0.21275 -0.97711
0.34124 0.08278 0.21096 -0.97749
0.34139 0.08210 0.20918 -0.97788
0.34153 0.08142 0.20740 -0.97826
0.34167 0.08075 0.20562 -0.97863
0.34182 0.08007 0.20384 -0.97901
0.34196 0.07939 0.20205 -0.97937
0.34210 0.07871 0.20027 -0.97974
0.34223 0.07803 0.19849 -0.98010
0.34237 0.07735 0.19671 -0.98046
0.34251 0.07667 0.19494 -0.98082
0.34264 0.07599 0.19316 -0.98117
0.34278 0.07530 0.19138 -0.98152
0.34291 0.07462 0.18960 -0.98186
0.34304 0.07394 0.18782 -0.98220
0.34317 0.07326 0.18604 -0.98254
0.34330 0.07257 0.18427 -0.98288
0.34343 0.07189 0.18249 -0.98321
0.34355 0.07121 0.18071 -0.98354
0.34368 0.07052 0.17894 -0.98386
0.34380 0.06984 0.17716 -0.98418
0.34392 0.06916 0.17539 -0.98450
0.34404 0.06847 0.17361 -0.98481
0.34416 0.06779 0.17184 -0.98513
0.34428 0.06710 0.17006 -0.98543
0.34440 0.06642 0.16829 -0.98574
0.34452 0.06573 0.16651 -0.98604
0.34463 0.06504 0.16474 -0.98634
0.34475 0.06436 0.16297 -0.98663
0.34486 0.06367 0.16119 -0.98692
0.34497 0.06298 0.15942 -0.98721
0.34508 0.06230 0.15765 -0.98750
0.34519 0.06161 0.15588 -0.98778
0.34530 0.06092 0.15411 -0.98805
0.34541 0.06023 0.15234 -0.98833
0.34551 0.05954 0.15056 -0.98860
0.34562 0.05885 0.14879 -0.98887
0.34572 0.05817 0.14702 -0.98913
0.34582 0.05748 0.14525 -0.98939
0.34592 0.05679 0.14348 -0.98965
0.34602 0.05610 0.14172 -0.98991
0.34612 0.05541 0.13995 -0.99016
0.34622 0.05472 0.13818 -0.99041
0.34631 0.05403 0.13641 -0.99065
0.34641 0.05334 0.13464 -0.99089
0.34650 0.05264 0.13287 -0.99113
0.34659 0.05195 0.13111 -0.99137
0.34668 0.05126 0.12934 -0.99160
0.34677 0.05057 0.12757 -0.99183
0.34686 0.04988 0.12581 -0.99205
0.34695 0.04919 0.12404 -0.99228
0.34703 0.04849 0.12228 -0.99250
0.34712 0.04780 0.12051 -0.99271
0.34720 0.04711 0.11874 -0.99292
0.34728 0.04642 0.11698 -0.99313
0.34736 0.04572 0.11522 -0.99334
0.34744 0.04503 0.11345 -0.99354
0.34752 0.04434 0.11169 -0.99374
0.34760 0.04364 0.10992 -0.99394
0.34768 0.04295 0.10816 -0.99413
0.34775 0.04225 0.10640 -0.99432
0.34782 0.04156 0.10463 -0.99451
0.34790 0.04086 0.10287 -0.99469
0.34797 0.04017 0.10111 -0.99488
0.34804 0.03948 0.09934 -0.99505
0.34811 0.03878 0.09758 -0.99523
0.34817 0.03808 0.09582 -0.99540
0.34824 0.03739 0.09406 -0.99557
0.34831 0.03669 0.09230 -0.99573
0.34837 0.03600 0.09054 -0.99589
0.34843 0.03530 0.08878 -0.99605
0.34849 0.03461 0.08702 -0.99621
0.34855 0.03391 0.08525 -0.99636
0.34861 0.03321 0.08349 -0.99651
0.34867 0.03252 0.08173 -0.99665
0.34873 0.03182 0.07997 -0.99680
0.34878 0.03112 0.07821 -0.99694
0.34884 0.03043 0.07646 -0.99707
0.34889 0.02973 0.07470 -0.99721
0.34894 0.02903 0.07294 -0.99734
0.34899 0.02833 0.07118 -0.99746
0.34904 0.02764 0.06942 -0.99759
0.34909 0.02694 0.06766 -0.99771
0.34914 0.02624 0.06590 -0.99783
0.34918 0.02554 0.06414 -0.99794
0.34922 0.02485 0.06239 -0.99805
0.34927 0.02415 0.06063 -0.99816
0.34931 0.02345 0.05887 -0.99827
0.34935 0.02275 0.05711 -0.99837
0.34939 0.02205 0.05536 -0.99847
0.34943 0.02135 0.05360 -0.99856
0.34946 0.02066 0.05184 -0.99866
0.34950 0.01996 0.05008 -0.99874
0.34953 0.01926 0.04833 -0.99883
0.34957 0.01856 0.04657 -0.99891
0.34960 0.01786 0.04481 -0.99900
0.34963 0.01716 0.04306 -0.99907
0.34966 0.01646 0.04130 -0.99915
0.34969 0.01576 0.03955 -0.99922
0.34972 0.01506 0.03779 -0.99929
0.34974 0.01437 0.03603 -0.99935
0.34977 0.01367 0.03428 -0.99941
0.34979 0.01297 0.03252 -0.99947
0.34981 0.01227 0.03077 -0.99953
0.34983 0.01157 0.02901 -0.99958
0.34985 0.01087 0.02725 -0.99963
0.34987 0.01017 0.02550 -0.99967
0.34989 0.00947 0.02374 -0.99972
0.34990 0.00877 0.02199 -0.99976
0.34992 0.00807 0.02023 -0.99980
0.34993 0.00737 0.01848 -0.99983
0.34994 0.00667 0.01672 -0.99986
0.34996 0.00597 0.01497 -0.99989
0.34997 0.00527 0.01321 -0.99991
0.34997 0.00457 0.01146 -0.99993
0.34998 0.00387 0.00970 -0.99995
0.34999 0.00317 0.00795 -0.99997
0.34999 0.00247 0.00619 -0.99998
0.35000 0.00177 0.00444 -0.99999
0.35000 0.00107 0.00268 -1.00000
0.35000 0.00037 0.00093 -1.00000
0.35000 -0.00033 -0.00083 -1.00000
