-0.55000 0.00000 0.00000 1.00000
-0.55000 0.00110 0.00140 1.00000
-0.55000 0.00220 0.00279 1.00000
-0.54999 0.00330 0.00419 0.99999
-0.54999 0.00440 0.00558 0.99998
-0.54998 0.00550 0.00698 0.99998
-0.54997 0.00660 0.00837 0.99996
-0.54996 0.00770 0.00977 0.99995
-0.54995 0.00880 0.01116 0.99994
-0.54994 0.00990 0.01256 0.99992
-0.54992 0.01100 0.01395 0.99990
-0.54991 0.01210 0.01535 0.99988
-0.54989 0.01320 0.01674 0.99986
-0.54987 0.01430 0.01814 0.99984
-0.54985 0.01540 0.01954 0.99981
-0.54983 0.01650 0.02093 0.99978
-0.54980 0.01760 0.02233 0.99975
-0.54978 0.01870 0.02373 0.99972
-0.54975 0.01979 0.02513 0.99968
-0.54972 0.02089 0.02652 0.99965
-0.54969 0.02199 0.02792 0.99961
-0.54966 0.02309 0.02932 0.99957
-0.54963 0.02419 0.03072 0.99953
-0.54959 0.02529 0.03212 0.99948
-0.54956 0.02639 0.03352 0.99944
-0.54952 0.02749 0.03492 0.99939
-0.54948 0.02858 0.03632 0.99934
-0.54944 0.02968 0.03772 0.99929
-0.54940 0.03078 0.03912 0.99923
-0.54935 0.03188 0.04052 0.99918
-0.54931 0.03297 0.04192 0.99912
-0.54926 0.03407 0.04333 0.99906
-0.54921 0.03517 0.04473 0.99900
-0.54916 0.03627 0.04613 0.99894
-0.54911 0.03736 0.04754 0.99887
-0.54906 0.03846 0.04894 0.99880
-0.54901 0.03956 0.05035 0.99873
-0.54895 0.04065 0.05175 0.99866
-0.54889 0.04175 0.05316 0.99859
-0.54883 0.04284 0.05457 0.99851
-0.54877 0.04394 0.05598 0.99843
-0.54871 0.04503 0.05738 0.99835
-0.54865 0.04613 0.05879 0.99827
-0.54858 0.04722 0.06020 0.99819
-0.54851 0.04832 0.06161 0.99810
-0.54845 0.04941 0.06302 0.99801
-0.54838 0.05051 0.06444 0.99792
-0.54830 0.05160 0.06585 0.99783
-0.54823 0.05269 0.06726 0.99774
-0.54816 0.05379 0.06868 0.99764
-0.54808 0.05488 0.07009 0.99754
-0.54800 0.05597 0.07151 0.99744
-0.54792 0.05707 0.07292 0.99734
-0.54784 0.05816 0.07434 0.99723
-0.54776 0.05925 0.07576 0.99713
-0.54768 0.06034 0.07718 0.99702
-0.54759 0.06143 0.07860 0.99691
-0.54751 0.06252 0.08002 0.99679
-0.54742 0.06361 0.08144 0.99668
-0.54733 0.06470 0.08287 0.99656
-0.54724 0.06579 0.08429 0.99644
-0.54714 0.06688 0.08572 0.99632
-0.54705 0.06797 0.08714 0.99620
-0.54695 0.06906 0.08857 0.99607
-0.54686 0.07015 0.09000 0.99594
-0.54676 0.07124 0.09142 0.99581
-0.54666 0.07233 0.09285 0.99568
-0.54655 0.07341 0.09429 0.99555
-0.54645 0.07450 0.09572 0.99541
-0.54634 0.07559 0.09715 0.99527
-0.54624 0.07667 0.09858 0.99513
-0.54613 0.07776 0.10002 0.99499
-0.54602 0.07884 0.10146 0.99484
-0.54591 0.07993 0.10289 0.99469
-0.54579 0.08101 0.10433 0.99454
-0.54568 0.08210 0.10577 0.99439
-0.54556 0.08318 0.10721 0.99424
-0.54545 0.08427 0.10866 0.99408
-0.54533 0.08535 0.11010 0.99392
-0.54521 0.08643 0.11154 0.99376
-0.54508 0.08751 0.11299 0.99360
-0.54496 0.08860 0.11444 0.99343
-0.54484 0.08968 0.11589 0.99326
-0.54471 0.09076 0.11734 0.99309
-0.54458 0.09184 0.11879 0.99292
-0.54445 0.09292 0.12024 0.99274
-0.54432 0.09400 0.12169 0.99257
-0.54419 0.09507 0.12315 0.99239
-0.54405 0.09615 0.12461 0.99221
-0.54391 0.09723 0.12606 0.99202
-0.54378 0.09831 0.12752 0.99184
-0.54364 0.09939 0.12898 0.99165
-0.54350 0.10046 0.13045 0.99146
-0.54335 0.10154 0.13191 0.99126
-0.54321 0.10261 0.13337 0.99107
-0.54307 0.10369 0.13484 0.99087
-0.54292 0.10476 0.13631 0.99067
-0.54277 0.10583 0.13778 0.99046
-0.54262 0.10691 0.13925 0.99026
-0.54247 0.10798 0.14072 0.99005
-0.54231 0.10905 0.14220 0.98984
-0.54216 0.11012 0.14367 0.98963
-0.54200 0.11119 0.14515 0.98941
-0.54185 0.11227 0.14663 0.98919
-0.54169 0.11333 0.14811 0.98897
-0.54153 0.11440 0.14959 0.98875
-0.54136 0.11547 0.15107 0.98852
-0.54120 0.11654 0.15256 0.98829
-0.54103 0.11761 0.15404 0.98806
-0.54087 0.11867 0.15553 0.98783
-0.54070 0.11974 0.15702 0.98760
-0.54053 0.12081 0.15851 0.98736
-0.54036 0.12187 0.16000 0.98712
-0.54018 0.12294 0.16150 0.98687
-0.54001 0.12400 0.16300 0.98663
-0.53983 0.12506 0.16449 0.98638
-0.53965 0.12613 0.16599 0.98613
-0.53947 0.12719 0.16750 0.98587
-0.53929 0.12825 0.16900 0.98562
-0.53911 0.12931 0.17050 0.98536
-0.53893 0.13037 0.17201 0.98510
-0.53874 0.13143 0.17352 0.98483
-0.53855 0.13249 0.17503 0.98456
-0.53836 0.13354 0.17654 0.98429
-0.53817 0.13460 0.17806 0.98402
-0.53798 0.13566 0.17957 0.98374
-0.53779 0.13671 0.18109 0.98347
-0.53759 0.13777 0.18261 0.98319
-0.53740 0.13882 0.18413 0.98290
-0.53720 0.13988 0.18565 0.98262
-0.53700 0.14093 0.18718 0.98233
-0.53680 0.14198 0.18871 0.98203
-0.53659 0.14303 0.19023 0.98174
-0.53639 0.14408 0.19176 0.98144
-0.53618 0.14513 0.19330 0.98114
-0.53597 0.14618 0.19483 0.98084
-0.53577 0.14723 0.19637 0.98053
-0.53555 0.14828 0.19791 0.98022
-0.53534 0.14933 0.19945 0.97991
-0.53513 0.15037 0.20099 0.97959
-0.53491 0.15142 0.20253 0.97928
-0.53470 0.15247 0.20408 0.97895
-0.53448 0.15351 0.20563 0.97863
-0.53426 0.15455 0.20718 0.97830
-0.53404 0.15560 0.20873 0.97797
-0.53381 0.15664 0.21028 0.97764
-0.53359 0.15768 0.21184 0.97730
-0.53336 0.15872 0.21340 0.97697
-0.53313 0.15976 0.21496 0.97662
-0.53290 0.16080 0.21652 0.97628
-0.53267 0.16183 0.21808 0.97593
-0.53244 0.16287 0.21965 0.97558
-0.53221 0.16391 0.22122 0.97522
-0.53197 0.16494 0.22279 0.97487
-0.53173 0.16598 0.22436 0.97451
-0.53149 0.16701 0.22594 0.97414
-0.53125 0.16804 0.22751 0.97378
-0.53101 0.16908 0.22909 0.97340
-0.53077 0.17011 0.23067 0.97303
-0.53052 0.17114 0.23225 0.97266
-0.53028 0.17217 0.23384 0.97228
-0.53003 0.17320 0.23543 0.97189
-0.52978 0.17422 0.23702 0.97151
-0.52953 0.17525 0.23861 0.97112
-0.52927 0.17628 0.24020 0.97072
-0.52902 0.17730 0.24180 0.97033
-0.52876 0.17833 0.24339 0.96993
-0.52851 0.17935 0.24499 0.96952
-0.52825 0.18037 0.24660 0.96912
-0.52799 0.18139 0.24820 0.96871
-0.52772 0.18242 0.24981 0.96830
-0.52746 0.18344 0.25141 0.96788
-0.52719 0.18445 0.25302 0.96746
-0.52693 0.18547 0.25464 0.96704
-0.52666 0.18649 0.25625 0.96661
-0.52639 0.18751 0.25787 0.96618
-0.52612 0.18852 0.25949 0.96575
-0.52584 0.18954 0.26111 0.96531
-0.52557 0.19055 0.26273 0.96487
-0.52529 0.19156 0.26436 0.96442
-0.52501 0.19257 0.26599 0.96398
-0.52473 0.19358 0.26762 0.96353
-0.52445 0.19459 0.26925 0.96307
-0.52417 0.19560 0.27088 0.96261
-0.52388 0.19661 0.27252 0.96215
-0.52360 0.19762 0.27416 0.96168
-0.52331 0.19862 0.27580 0.96122
-0.52302 0.19963 0.27744 0.96074
-0.52273 0.20063 0.27909 0.96027
-0.52244 0.20163 0.28074 0.95979
-0.52214 0.20264 0.28239 0.95930
-0.52185 0.20364 0.28404 0.95881
-0.52155 0.20464 0.28569 0.95832
-0.52125 0.20564 0.28735 0.95783
-0.52095 0.20663 0.28901 0.95733
-0.52065 0.20763 0.29067 0.95682
-0.52035 0.20863 0.29233 0.95632
-0.52004 0.20962 0.29400 0.95581
-0.51973 0.21061 0.29566 0.95529
-0.51943 0.21161 0.29733 0.95477
-0.51912 0.21260 0.29900 0.95425
-0.51880 0.21359 0.30068 0.95373
-0.51849 0.21458 0.30235 0.95320
-0.51818 0.21557 0.30403 0.95266
-0.51786 0.21656 0.30571 0.95212
-0.51754 0.21754 0.30740 0.95158
-0.51722 0.21853 0.30908 0.95104
-0.51690 0.21951 0.31077 0.95049
-0.51658 0.22050 0.31246 0.94993
-0.51626 0.22148 0.31415 0.94937
-0.51593 0.22246 0.31584 0.94881
-0.51560 0.22344 0.31754 0.94825
-0.51527 0.22442 0.31924 0.94768
-0.51494 0.22540 0.32094 0.94710
-0.51461 0.22637 0.32264 0.94652
-0.51428 0.22735 0.32434 0.94594
-0.51394 0.22833 0.32605 0.94535
-0.51361 0.22930 0.32776 0.94476
-0.51327 0.23027 0.32947 0.94417
-0.51293 0.23124 0.33118 0.94357
-0.51259 0.23221 0.33290 0.94296
-0.51224 0.23318 0.33461 0.94236
-0.51190 0.23415 0.33633 0.94174
-0.51155 0.23512 0.33805 0.94113
-0.51120 0.23608 0.33978 0.94051
-0.51085 0.23705 0.34150 0.93988
-0.51050 0.23801 0.34323 0.93925
-0.51015 0.23898 0.34496 0.93862
-0.50980 0.23994 0.34669 0.93798
-0.50944 0.24090 0.34842 0.93734
-0.50908 0.24186 0.35016 0.93669
-0.50872 0.24281 0.35190 0.93604
-0.50836 0.24377 0.35364 0.93538
-0.50800 0.24473 0.35538 0.93472
-0.50764 0.24568 0.35712 0.93406
-0.50727 0.24664 0.35887 0.93339
-0.50690 0.24759 0.36061 0.93272
-0.50654 0.24854 0.36236 0.93204
-0.50616 0.24949 0.36412 0.93135
-0.50579 0.25044 0.36587 0.93067
-0.50542 0.25138 0.36762 0.92997
-0.50504 0.25233 0.36938 0.92928
-0.50467 0.25328 0.37114 0.92858
-0.50429 0.25422 0.37290 0.92787
-0.50391 0.25516 0.37466 0.92716
-0.50353 0.25610 0.37643 0.92645
-0.50314 0.25705 0.37820 0.92573
-0.50276 0.25798 0.37996 0.92500
-0.50237 0.25892 0.38173 0.92427
-0.50199 0.25986 0.38351 0.92354
-0.50160 0.26079 0.38528 0.92280
-0.50120 0.26173 0.38706 0.92206
-0.50081 0.26266 0.38883 0.92131
-0.50042 0.26359 0.39061 0.92055
-0.50002 0.26452 0.39239 0.91980
-0.49962 0.26545 0.39418 0.91903
-0.49922 0.26638 0.39596 0.91827
-0.49882 0.26731 0.39775 0.91749
-0.49842 0.26824 0.39954 0.91672
-0.49802 0.26916 0.40133 0.91594
-0.49761 0.27008 0.40312 0.91515
-0.49720 0.27100 0.40491 0.91436
-0.49680 0.27193 0.40670 0.91356
-0.49639 0.27285 0.40850 0.91276
-0.49597 0.27376 0.41030 0.91195
-0.49556 0.27468 0.41210 0.91114
-0.49514 0.27560 0.41390 0.91032
-0.49473 0.27651 0.41570 0.90950
-0.49431 0.27742 0.41750 0.90868
-0.49389 0.27834 0.41931 0.90784
-0.49347 0.27925 0.42112 0.90701
-0.49304 0.28016 0.42292 0.90617
-0.49262 0.28106 0.42473 0.90532
-0.49219 0.28197 0.42654 0.90447
-0.49176 0.28288 0.42836 0.90361
-0.49133 0.28378 0.43017 0.90275
-0.49090 0.28468 0.43199 0.90188
-0.49047 0.28558 0.43380 0.90101
-0.49004 0.28648 0.43562 0.90013
-0.48960 0.28738 0.43744 0.89925
-0.48916 0.28828 0.43926 0.89836
-0.48872 0.28918 0.44108 0.89747
-0.48828 0.29007 0.44290 0.89657
-0.48784 0.29097 0.44473 0.89567
-0.48739 0.29186 0.44655 0.89476
-0.48695 0.29275 0.44838 0.89384
-0.48650 0.29364 0.45021 0.89292
-0.48605 0.29453 0.45203 0.89200
-0.48560 0.29542 0.45386 0.89107
-0.48515 0.29630 0.45569 0.89014
-0.48470 0.29719 0.45753 0.88920
-0.48424 0.29807 0.45936 0.88825
-0.48378 0.29895 0.46119 0.88730
-0.48332 0.29983 0.46303 0.88634
-0.48286 0.30071 0.46486 0.88538
-0.48240 0.30159 0.46670 0.88442
-0.48194 0.30246 0.46853 0.88344
-0.48147 0.30334 0.47037 0.88247
-0.48101 0.30421 0.47221 0.88149
-0.48054 0.30509 0.47405 0.88050
-0.48007 0.30596 0.47589 0.87950
-0.47960 0.30683 0.47773 0.87851
-0.47912 0.30769 0.47957 0.87750
-0.47865 0.30856 0.48142 0.87649
-0.47817 0.30943 0.48326 0.87548
-0.47769 0.31029 0.48510 0.87446
-0.47721 0.31115 0.48695 0.87343
-0.47673 0.31201 0.48879 0.87240
-0.47625 0.31287 0.49064 0.87136
-0.47576 0.31373 0.49248 0.87032
-0.47528 0.31459 0.49433 0.86927
-0.47479 0.31545 0.49618 0.86822
-0.47430 0.31630 0.49802 0.86716
-0.47381 0.31715 0.49987 0.86610
-0.47332 0.31800 0.50172 0.86503
-0.47282 0.31885 0.50357 0.86396
-0.47233 0.31970 0.50542 0.86288
-0.47183 0.32055 0.50726 0.86179
-0.47133 0.32140 0.50911 0.86070
-0.47083 0.32224 0.51096 0.85960
-0.47033 0.32308 0.51281 0.85850
-0.46982 0.32393 0.51466 0.85739
-0.46932 0.32477 0.51651 0.85628
-0.46881 0.32561 0.51836 0.85516
-0.46830 0.32644 0.52021 0.85404
-0.46779 0.32728 0.52206 0.85291
-0.46728 0.32811 0.52391 0.85177
-0.46676 0.32895 0.52576 0.85063
-0.46625 0.32978 0.52761 0.84949
-0.46573 0.33061 0.52946 0.84834
-0.46521 0.33144 0.53131 0.84718
-0.46469 0.33227 0.53316 0.84602
-0.46417 0.33309 0.53500 0.84485
-0.46365 0.33392 0.53685 0.84368
-0.46312 0.33474 0.53870 0.84250
-0.46260 0.33556 0.54055 0.84131
-0.46207 0.33638 0.54240 0.84012
-0.46154 0.33720 0.54424 0.83893
-0.46101 0.33802 0.54609 0.83773
-0.46047 0.33883 0.54794 0.83652
-0.45994 0.33965 0.54978 0.83531
-0.45940 0.34046 0.55163 0.83409
-0.45886 0.34127 0.55347 0.83287
-0.45832 0.34208 0.55531 0.83164
-0.45778 0.34289 0.55716 0.83041
-0.45724 0.34370 0.55900 0.82917
-0.45670 0.34450 0.56084 0.82792
-0.45615 0.34531 0.56268 0.82667
-0.45560 0.34611 0.56452 0.82542
-0.45505 0.34691 0.56636 0.82416
-0.45450 0.34771 0.56820 0.82289
-0.45395 0.34851 0.57004 0.82162
-0.45339 0.34931 0.57187 0.82034
-0.45284 0.35010 0.57371 0.81906
-0.45228 0.35090 0.57554 0.81777
-0.45172 0.35169 0.57738 0.81648
-0.45116 0.35248 0.57921 0.81518
-0.45060 0.35327 0.58104 0.81388
-0.45003 0.35406 0.58287 0.81257
-0.44947 0.35484 0.58470 0.81125
-0.44890 0.35563 0.58652 0.80993
-0.44833 0.35641 0.58835 0.80861
-0.44776 0.35720 0.59017 0.80728
-0.44719 0.35798 0.59200 0.80594
-0.44662 0.35875 0.59382 0.80460
-0.44604 0.35953 0.59564 0.80325
-0.44547 0.36031 0.59746 0.80190
-0.44489 0.36108 0.59928 0.80054
-0.44431 0.36186 0.60109 0.79918
-0.44373 0.36263 0.60291 0.79781
-0.44314 0.36340 0.60472 0.79644
-0.44256 0.36417 0.60653 0.79506
-0.44197 0.36493 0.60834 0.79368
-0.44138 0.36570 0.61015 0.79229
-0.44079 0.36646 0.61195 0.79089
-0.44020 0.36722 0.61376 0.78950
-0.43961 0.36799 0.61556 0.78809
-0.43901 0.36875 0.61736 0.78668
-0.43842 0.36950 0.61916 0.78527
-0.43782 0.37026 0.62095 0.78385
-0.43722 0.37101 0.62275 0.78242
-0.43662 0.37177 0.62454 0.78099
-0.43602 0.37252 0.62633 0.77956
-0.43541 0.37327 0.62811 0.77812
-0.43481 0.37402 0.62990 0.77668
-0.43420 0.37477 0.63168 0.77523
-0.43359 0.37551 0.63346 0.77377
-0.43298 0.37626 0.63524 0.77231
-0.43237 0.37700 0.63702 0.77085
-0.43175 0.37774 0.63879 0.76938
-0.43114 0.37848 0.64056 0.76790
-0.43052 0.37922 0.64233 0.76643
-0.42990 0.37995 0.64410 0.76494
-0.42928 0.38069 0.64586 0.76345
-0.42866 0.38142 0.64763 0.76196
-0.42804 0.38215 0.64938 0.76046
-0.42741 0.38288 0.65114 0.75896
-0.42679 0.38361 0.65289 0.75745
-0.42616 0.38434 0.65465 0.75594
-0.42553 0.38506 0.65639 0.75442
-0.42490 0.38579 0.65814 0.75290
-0.42426 0.38651 0.65988 0.75137
-0.42363 0.38723 0.66162 0.74984
-0.42299 0.38795 0.66336 0.74830
-0.42235 0.38867 0.66509 0.74676
-0.42171 0.38939 0.66682 0.74522
-0.42107 0.39010 0.66855 0.74367
-0.42043 0.39081 0.67027 0.74211
-0.41979 0.39153 0.67200 0.74056
-0.41914 0.39224 0.67371 0.73899
-0.41849 0.39294 0.67543 0.73742
-0.41784 0.39365 0.67714 0.73585
-0.41719 0.39436 0.67885 0.73428
-0.41654 0.39506 0.68056 0.73270
-0.41589 0.39576 0.68226 0.73111
-0.41523 0.39646 0.68396 0.72952
-0.41458 0.39716 0.68565 0.72793
-0.41392 0.39786 0.68734 0.72633
-0.41326 0.39856 0.68903 0.72473
-0.41259 0.39925 0.69072 0.72312
-0.41193 0.39994 0.69240 0.72151
-0.41127 0.40063 0.69408 0.71990
-0.41060 0.40132 0.69575 0.71828
-0.40993 0.40201 0.69742 0.71666
-0.40926 0.40270 0.69909 0.71503
-0.40859 0.40338 0.70076 0.71340
-0.40792 0.40407 0.70242 0.71177
-0.40724 0.40475 0.70407 0.71013
-0.40657 0.40543 0.70572 0.70849
-0.40589 0.40611 0.70737 0.70684
-0.40521 0.40679 0.70902 0.70519
-0.40453 0.40746 0.71066 0.70354
-0.40385 0.40814 0.71230 0.70188
-0.40316 0.40881 0.71393 0.70022
-0.40248 0.40948 0.71556 0.69855
-0.40179 0.41015 0.71718 0.69689
-0.40110 0.41082 0.71880 0.69521
-0.40041 0.41148 0.72042 0.69354
-0.39972 0.41215 0.72203 0.69186
-0.39903 0.41281 0.72364 0.69018
-0.39833 0.41347 0.72525 0.68849
-0.39764 0.41413 0.72685 0.68680
-0.39694 0.41479 0.72844 0.68511
-0.39624 0.41544 0.73004 0.68341
-0.39554 0.41610 0.73162 0.68171
-0.39483 0.41675 0.73321 0.68001
-0.39413 0.41740 0.73479 0.67830
-0.39342 0.41805 0.73636 0.67659
-0.39272 0.41870 0.73793 0.67488
-0.39201 0.41935 0.73950 0.67316
-0.39130 0.41999 0.74106 0.67144
-0.39058 0.42064 0.74262 0.66972
-0.38987 0.42128 0.74417 0.66799
-0.38916 0.42192 0.74572 0.66626
-0.38844 0.42256 0.74726 0.66453
-0.38772 0.42320 0.74880 0.66280
-0.38700 0.42383 0.75033 0.66106
-0.38628 0.42447 0.75186 0.65932
-0.38556 0.42510 0.75339 0.65758
-0.38483 0.42573 0.75491 0.65583
-0.38410 0.42636 0.75642 0.65408
-0.38338 0.42699 0.75794 0.65233
-0.38265 0.42761 0.75944 0.65057
-0.38192 0.42824 0.76094 0.64882
-0.38118 0.42886 0.76244 0.64706
-0.38045 0.42948 0.76393 0.64530
-0.37972 0.43010 0.76542 0.64353
-0.37898 0.43072 0.76690 0.64176
-0.37824 0.43134 0.76838 0.63999
-0.37750 0.43195 0.76985 0.63822
-0.37676 0.43257 0.77132 0.63645
-0.37602 0.43318 0.77278 0.63467
-0.37527 0.43379 0.77424 0.63289
-0.37452 0.43440 0.77569 0.63111
-0.37378 0.43500 0.77714 0.62932
-0.37303 0.43561 0.77859 0.62754
-0.37228 0.43621 0.78002 0.62575
-0.37152 0.43681 0.78146 0.62396
-0.37077 0.43741 0.78288 0.62217
-0.37002 0.43801 0.78431 0.62037
-0.36926 0.43861 0.78573 0.61858
-0.36850 0.43921 0.78714 0.61678
-0.36774 0.43980 0.78855 0.61498
-0.36698 0.44039 0.78995 0.61317
-0.36622 0.44098 0.79135 0.61137
-0.36545 0.44157 0.79274 0.60956
-0.36469 0.44216 0.79412 0.60776
-0.36392 0.44275 0.79551 0.60595
-0.36315 0.44333 0.79688 0.60413
-0.36238 0.44391 0.79825 0.60232
-0.36161 0.44449 0.79962 0.60051
-0.36083 0.44507 0.80098 0.59869
-0.36006 0.44565 0.80234 0.59687
-0.35928 0.44623 0.80369 0.59505
-0.35850 0.44680 0.80503 0.59323
-0.35772 0.44738 0.80637 0.59141
-0.35694 0.44795 0.80771 0.58959
-0.35616 0.44852 0.80903 0.58776
-0.35538 0.44909 0.81036 0.58593
-0.35459 0.44965 0.81168 0.58411
-0.35380 0.45022 0.81299 0.58228
-0.35302 0.45078 0.81430 0.58045
-0.35223 0.45134 0.81560 0.57862
-0.35143 0.45190 0.81690 0.57678
-0.35064 0.45246 0.81819 0.57495
-0.34985 0.45302 0.81947 0.57312
-0.34905 0.45357 0.82076 0.57128
-0.34825 0.45413 0.82203 0.56944
-0.34745 0.45468 0.82330 0.56761
-0.34665 0.45523 0.82456 0.56577
-0.34585 0.45578 0.82582 0.56393
-0.34505 0.45633 0.82708 0.56209
-0.34424 0.45687 0.82833 0.56025
-0.34344 0.45741 0.82957 0.55840
-0.34263 0.45796 0.83081 0.55656
-0.34182 0.45850 0.83204 0.55472
-0.34101 0.45904 0.83326 0.55288
-0.34020 0.45957 0.83449 0.55103
-0.33939 0.46011 0.83570 0.54919
-0.33857 0.46064 0.83691 0.54734
-0.33775 0.46118 0.83811 0.54549
-0.33694 0.46171 0.83931 0.54365
-0.33612 0.46224 0.84051 0.54180
-0.33530 0.46277 0.84170 0.53995
-0.33447 0.46329 0.84288 0.53810
-0.33365 0.46382 0.84405 0.53626
-0.33283 0.46434 0.84523 0.53441
-0.33200 0.46486 0.84639 0.53256
-0.33117 0.46538 0.84755 0.53071
-0.33034 0.46590 0.84871 0.52886
-0.32951 0.46641 0.84986 0.52701
-0.32868 0.46693 0.85100 0.52516
-0.32784 0.46744 0.85214 0.52331
-0.32701 0.46795 0.85327 0.52146
-0.32617 0.46846 0.85440 0.51961
-0.32534 0.46897 0.85552 0.51776
-0.32450 0.46948 0.85664 0.51591
-0.32366 0.46998 0.85775 0.51406
-0.32281 0.47049 0.85886 0.51222
-0.32197 0.47099 0.85996 0.51037
-0.32112 0.47149 0.86105 0.50852
-0.32028 0.47199 0.86214 0.50667
-0.31943 0.47249 0.86322 0.50482
-0.31858 0.47298 0.86430 0.50297
-0.31773 0.47348 0.86538 0.50112
-0.31688 0.47397 0.86644 0.49928
-0.31602 0.47446 0.86751 0.49743
-0.31517 0.47495 0.86856 0.49558
-0.31431 0.47543 0.86961 0.49373
-0.31346 0.47592 0.87066 0.49189
-0.31260 0.47640 0.87170 0.49004
-0.31174 0.47689 0.87273 0.48820
-0.31087 0.47737 0.87376 0.48635
-0.31001 0.47785 0.87479 0.48451
-0.30915 0.47832 0.87581 0.48266
-0.30828 0.47880 0.87682 0.48082
-0.30741 0.47928 0.87783 0.47898
-0.30655 0.47975 0.87883 0.47714
-0.30568 0.48022 0.87983 0.47530
-0.30480 0.48069 0.88082 0.47346
-0.30393 0.48116 0.88180 0.47162
-0.30306 0.48162 0.88278 0.46978
-0.30218 0.48209 0.88376 0.46794
-0.30130 0.48255 0.88473 0.46611
-0.30043 0.48301 0.88569 0.46427
-0.29955 0.48347 0.88665 0.46243
-0.29867 0.48393 0.88761 0.46060
-0.29778 0.48439 0.88856 0.45877
-0.29690 0.48484 0.88950 0.45693
-0.29602 0.48530 0.89044 0.45510
-0.29513 0.48575 0.89137 0.45327
-0.29424 0.48620 0.89230 0.45144
-0.29335 0.48665 0.89322 0.44962
-0.29246 0.48709 0.89414 0.44779
-0.29157 0.48754 0.89505 0.44596
-0.29068 0.48798 0.89596 0.44414
-0.28978 0.48842 0.89686 0.44231
-0.28889 0.48886 0.89776 0.44049
-0.28799 0.48930 0.89865 0.43867
-0.28709 0.48974 0.89953 0.43685
-0.28619 0.49018 0.90041 0.43503
-0.28529 0.49061 0.90129 0.43322
-0.28439 0.49104 0.90216 0.43140
-0.28349 0.49147 0.90303 0.42959
-0.28258 0.49190 0.90389 0.42777
-0.28168 0.49233 0.90474 0.42596
-0.28077 0.49276 0.90559 0.42415
-0.27986 0.49318 0.90644 0.42234
-0.27895 0.49360 0.90728 0.42053
-0.27804 0.49402 0.90811 0.41873
-0.27713 0.49444 0.90894 0.41692
-0.27622 0.49486 0.90977 0.41512
-0.27530 0.49528 0.91059 0.41332
-0.27438 0.49569 0.91140 0.41152
-0.27347 0.49611 0.91221 0.40972
-0.27255 0.49652 0.91302 0.40792
-0.27163 0.49693 0.91382 0.40612
-0.27071 0.49734 0.91461 0.40433
-0.26979 0.49774 0.91540 0.40254
-0.26886 0.49815 0.91619 0.40075
-0.26794 0.49855 0.91697 0.39896
-0.26701 0.49895 0.91774 0.39717
-0.26608 0.49935 0.91852 0.39539
-0.26515 0.49975 0.91928 0.39360
-0.26422 0.50015 0.92004 0.39182
-0.26329 0.50054 0.92080 0.39004
-0.26236 0.50094 0.92155 0.38826
-0.26143 0.50133 0.92230 0.38648
-0.26049 0.50172 0.92304 0.38471
-0.25956 0.50211 0.92378 0.38293
-0.25862 0.50250 0.92451 0.38116
-0.25768 0.50288 0.92524 0.37939
-0.25674 0.50327 0.92596 0.37763
-0.25580 0.50365 0.92668 0.37586
-0.25486 0.50403 0.92739 0.37410
-0.25392 0.50441 0.92810 0.37233
-0.25297 0.50479 0.92880 0.37057
-0.25203 0.50517 0.92950 0.36881
-0.25108 0.50554 0.93020 0.36706
-0.25013 0.50591 0.93089 0.36530
-0.24918 0.50628 0.93157 0.36355
-0.24823 0.50665 0.93226 0.36180
-0.24728 0.50702 0.93293 0.36005
-0.24633 0.50739 0.93361 0.35830
-0.24537 0.50775 0.93427 0.35656
-0.24442 0.50812 0.93494 0.35481
-0.24346 0.50848 0.93560 0.35307
-0.24251 0.50884 0.93625 0.35134
-0.24155 0.50920 0.93690 0.34960
-0.24059 0.50956 0.93755 0.34786
-0.23963 0.50991 0.93819 0.34613
-0.23867 0.51026 0.93882 0.34440
-0.23770 0.51062 0.93946 0.34267
-0.23674 0.51097 0.94008 0.34094
-0.23577 0.51132 0.94071 0.33922
-0.23481 0.51166 0.94133 0.33750
-0.23384 0.51201 0.94194 0.33578
-0.23287 0.51235 0.94255 0.33406
-0.23190 0.51270 0.94316 0.33234
-0.23093 0.51304 0.94376 0.33063
-0.22996 0.51338 0.94436 0.32892
-0.22899 0.51372 0.94495 0.32721
-0.22801 0.51405 0.94554 0.32550
-0.22704 0.51439 0.94613 0.32379
-0.22606 0.51472 0.94671 0.32209
-0.22508 0.51505 0.94729 0.32039
-0.22410 0.51538 0.94786 0.31869
-0.22312 0.51571 0.94843 0.31699
-0.22214 0.51604 0.94899 0.31530
-0.22116 0.51636 0.94955 0.31360
-0.22018 0.51668 0.95011 0.31191
-0.21920 0.51701 0.95066 0.31022
-0.21821 0.51733 0.95121 0.30854
-0.21722 0.51765 0.95176 0.30685
-0.21624 0.51796 0.95230 0.30517
-0.21525 0.51828 0.95283 0.30349
-0.21426 0.51859 0.95337 0.30181
-0.21327 0.51891 0.95390 0.30014
-0.21228 0.51922 0.95442 0.29846
-0.21129 0.51953 0.95494 0.29679
-0.21029 0.51983 0.95546 0.29513
-0.20930 0.52014 0.95597 0.29346
-0.20830 0.52044 0.95648 0.29179
-0.20731 0.52075 0.95699 0.29013
-0.20631 0.52105 0.95749 0.28847
-0.20531 0.52135 0.95799 0.28681
-0.20431 0.52165 0.95848 0.28516
-0.20331 0.52194 0.95897 0.28350
-0.20231 0.52224 0.95946 0.28185
-0.20131 0.52253 0.95994 0.28020
-0.20031 0.52282 0.96042 0.27856
-0.19930 0.52311 0.96090 0.27691
-0.19830 0.52340 0.96137 0.27527
-0.19729 0.52369 0.96184 0.27363
-0.19628 0.52398 0.96230 0.27199
-0.19528 0.52426 0.96276 0.27036
-0.19427 0.52454 0.96322 0.26872
-0.19326 0.52482 0.96367 0.26709
-0.19225 0.52510 0.96412 0.26546
-0.19123 0.52538 0.96457 0.26383
-0.19022 0.52566 0.96501 0.26221
-0.18921 0.52593 0.96545 0.26059
-0.18819 0.52620 0.96589 0.25897
-0.18718 0.52647 0.96632 0.25735
-0.18616 0.52674 0.96675 0.25573
-0.18514 0.52701 0.96717 0.25412
-0.18413 0.52728 0.96760 0.25250
-0.18311 0.52754 0.96801 0.25089
-0.18209 0.52781 0.96843 0.24929
-0.18106 0.52807 0.96884 0.24768
-0.18004 0.52833 0.96925 0.24608
-0.17902 0.52859 0.96966 0.24448
-0.17800 0.52885 0.97006 0.24288
-0.17697 0.52910 0.97046 0.24128
-0.17595 0.52936 0.97085 0.23969
-0.17492 0.52961 0.97124 0.23809
-0.17389 0.52986 0.97163 0.23650
-0.17286 0.53011 0.97202 0.23491
-0.17184 0.53036 0.97240 0.23333
-0.17081 0.53060 0.97278 0.23174
-0.16977 0.53085 0.97315 0.23016
-0.16874 0.53109 0.97352 0.22858
-0.16771 0.53133 0.97389 0.22700
-0.16668 0.53157 0.97426 0.22543
-0.16564 0.53181 0.97462 0.22385
-0.16461 0.53205 0.97498 0.22228
-0.16357 0.53228 0.97534 0.22071
-0.16254 0.53252 0.97569 0.21914
-0.16150 0.53275 0.97604 0.21758
-0.16046 0.53298 0.97639 0.21602
-0.15942 0.53321 0.97673 0.21445
-0.15838 0.53344 0.97708 0.21289
-0.15734 0.53366 0.97741 0.21134
-0.15630 0.53389 0.97775 0.20978
-0.15526 0.53411 0.97808 0.20823
-0.15422 0.53433 0.97841 0.20668
-0.15317 0.53455 0.97874 0.20513
-0.15213 0.53477 0.97906 0.20358
-0.15108 0.53498 0.97938 0.20203
-0.15004 0.53520 0.97970 0.20049
-0.14899 0.53541 0.98001 0.19895
-0.14794 0.53562 0.98032 0.19741
-0.14689 0.53583 0.98063 0.19587
-0.14585 0.53604 0.98093 0.19434
-0.14480 0.53625 0.98124 0.19280
-0.14375 0.53645 0.98154 0.19127
-0.14269 0.53666 0.98183 0.18974
-0.14164 0.53686 0.98213 0.18821
-0.14059 0.53706 0.98242 0.18669
-0.13954 0.53726 0.98271 0.18516
-0.13848 0.53746 0.98299 0.18364
-0.13743 0.53766 0.98328 0.18212
-0.13637 0.53785 0.98356 0.18060
-0.13532 0.53804 0.98383 0.17908
-0.13426 0.53823 0.98411 0.17757
-0.13320 0.53842 0.98438 0.17605
-0.13214 0.53861 0.98465 0.17454
-0.13109 0.53880 0.98492 0.17303
-0.13003 0.53898 0.98518 0.17152
-0.12897 0.53917 0.98544 0.17002
-0.12791 0.53935 0.98570 0.16851
-0.12684 0.53953 0.98596 0.16701
-0.12578 0.53971 0.98621 0.16551
-0.12472 0.53989 0.98646 0.16401
-0.12366 0.54006 0.98671 0.16251
-0.12259 0.54024 0.98695 0.16102
-0.12153 0.54041 0.98719 0.15952
-0.12046 0.54058 0.98743 0.15803
-0.11940 0.54075 0.98767 0.15654
-0.11833 0.54092 0.98791 0.15505
-0.11726 0.54109 0.98814 0.15356
-0.11620 0.54125 0.98837 0.15208
-0.11513 0.54142 0.98860 0.15059
-0.11406 0.54158 0.98882 0.14911
-0.11299 0.54174 0.98904 0.14763
-0.11192 0.54190 0.98926 0.14615
-0.11085 0.54205 0.98948 0.14467
-0.10978 0.54221 0.98969 0.14319
-0.10871 0.54236 0.98991 0.14172
-0.10763 0.54252 0.99012 0.14025
-0.10656 0.54267 0.99032 0.13877
-0.10549 0.54282 0.99053 0.13730
-0.10441 0.54297 0.99073 0.13583
-0.10334 0.54311 0.99093 0.13437
-0.10227 0.54326 0.99113 0.13290
-0.10119 0.54340 0.99132 0.13144
-0.10011 0.54354 0.99152 0.12997
-0.09904 0.54368 0.99171 0.12851
-0.09796 0.54382 0.99190 0.12705
-0.09688 0.54396 0.99208 0.12559
-0.09581 0.54409 0.99227 0.12414
-0.09473 0.54423 0.99245 0.12268
-0.09365 0.54436 0.99263 0.12122
-0.09257 0.54449 0.99280 0.11977
-0.09149 0.54462 0.99298 0.11832
-0.09041 0.54475 0.99315 0.11687
-0.08933 0.54488 0.99332 0.11542
-0.08825 0.54500 0.99348 0.11397
-0.08716 0.54512 0.99365 0.11252
-0.08608 0.54525 0.99381 0.11108
-0.08500 0.54537 0.99397 0.10963
-0.08392 0.54548 0.99413 0.10819
-0.08283 0.54560 0.99429 0.10675
-0.08175 0.54572 0.99444 0.10531
-0.08066 0.54583 0.99459 0.10387
-0.07958 0.54594 0.99474 0.10243
-0.07849 0.54605 0.99489 0.10099
-0.07741 0.54616 0.99503 0.09956
-0.07632 0.54627 0.99517 0.09812
-0.07524 0.54638 0.99531 0.09669
-0.07415 0.54648 0.99545 0.09526
-0.07306 0.54659 0.99559 0.09382
-0.07198 0.54669 0.99572 0.09239
-0.07089 0.54679 0.99585 0.09096
-0.06980 0.54689 0.99598 0.08953
-0.06871 0.54698 0.99611 0.08811
-0.06762 0.54708 0.99624 0.08668
-0.06653 0.54717 0.99636 0.08526
-0.06544 0.54727 0.99648 0.08383
-0.06435 0.54736 0.99660 0.08241
-0.06326 0.54745 0.99672 0.08098
-0.06217 0.54753 0.99683 0.07956
-0.06108 0.54762 0.99694 0.07814
-0.05999 0.54771 0.99705 0.07672
-0.05890 0.54779 0.99716 0.07530
-0.05781 0.54787 0.99727 0.07388
-0.05671 0.54795 0.99737 0.07247
-0.05562 0.54803 0.99747 0.07105
-0.05453 0.54811 0.99757 0.06964
-0.05344 0.54818 0.99767 0.06822
-0.05234 0.54826 0.99777 0.06681
-0.05125 0.54833 0.99786 0.06539
-0.05015 0.54840 0.99795 0.06398
-0.04906 0.54847 0.99804 0.06257
-0.04797 0.54854 0.99813 0.06116
-0.04687 0.54860 0.99821 0.05975
-0.04578 0.54867 0.99830 0.05834
-0.04468 0.54873 0.99838 0.05693
-0.04359 0.54879 0.99846 0.05552
-0.04249 0.54885 0.99853 0.05411
-0.04139 0.54891 0.99861 0.05271
-0.04030 0.54897 0.99868 0.05130
-0.03920 0.54902 0.99875 0.04989
-0.03811 0.54908 0.99882 0.04849
-0.03701 0.54913 0.99889 0.04708
-0.03591 0.54918 0.99896 0.04568
-0.03481 0.54923 0.99902 0.04428
-0.03372 0.54928 0.99908 0.04287
-0.03262 0.54932 0.99914 0.04147
-0.03152 0.54937 0.99920 0.04007
-0.03042 0.54941 0.99925 0.03867
-0.02933 0.54945 0.99931 0.03727
-0.02823 0.54949 0.99936 0.03587
-0.02713 0.54953 0.99941 0.03447
-0.02603 0.54957 0.99945 0.03307
-0.02493 0.54961 0.99950 0.03167
-0.02384 0.54964 0.99954 0.03027
-0.02274 0.54967 0.99958 0.02887
-0.02164 0.54970 0.99962 0.02747
-0.02054 0.54973 0.99966 0.02607
-0.01944 0.54976 0.99970 0.02467
-0.01834 0.54979 0.99973 0.02328
-0.01724 0.54981 0.99976 0.02188
-0.01614 0.54983 0.99979 0.02048
-0.01504 0.54986 0.99982 0.01909
-0.01394 0.54988 0.99984 0.01769
-0.01284 0.54990 0.99987 0.01629
-0.01174 0.54991 0.99989 0.01490
-0.01064 0.54993 0.99991 0.01350
-0.00954 0.54994 0.99993 0.01211
-0.00844 0.54995 0.99994 0.01071
-0.00734 0.54997 0.99996 0.00932
-0.00624 0.54998 0.99997 0.00792
-0.00514 0.54998 0.99998 0.00653
-0.00404 0.54999 0.99999 0.00513
-0.00294 0.54999 0.99999 0.00373
-0.00184 0.55000 1.00000 0.00234
-0.00074 0.55000 1.00000 0.00094
0.00036 0.55000 1.00000 -0.00045
0.00146 0.55000 1.00000 -0.00185
0.00256 0.55000 0.99999 -0.00324
0.00365 0.54999 0.99999 -0.00464
0.00475 0.54999 0.99998 -0.00603
0.00585 0.54998 0.99997 -0.00743
0.00695 0.54997 0.99996 -0.00882
0.00805 0.54996 0.99995 -0.01022
0.00915 0.54995 0.99993 -0.01161
0.01025 0.54993 0.99992 -0.01301
0.01135 0.54992 0.99990 -0.01440
0.01245 0.54990 0.99988 -0.01580
0.01355 0.54988 0.99985 -0.01720
0.01465 0.54986 0.99983 -0.01859
0.01575 0.54984 0.99980 -0.01999
0.01685 0.54982 0.99977 -0.02139
0.01795 0.54980 0.99974 -0.02278
0.01905 0.54977 0.99971 -0.02418
0.02015 0.54974 0.99967 -0.02558
0.02125 0.54971 0.99964 -0.02698
0.02235 0.54968 0.99960 -0.02837
0.02345 0.54965 0.99956 -0.02977
0.02454 0.54962 0.99951 -0.03117
0.02564 0.54958 0.99947 -0.03257
0.02674 0.54955 0.99942 -0.03397
0.02784 0.54951 0.99937 -0.03537
0.02894 0.54947 0.99932 -0.03677
0.03004 0.54943 0.99927 -0.03817
0.03113 0.54938 0.99922 -0.03957
0.03223 0.54934 0.99916 -0.04097
0.03333 0.54929 0.99910 -0.04238
0.03443 0.54925 0.99904 -0.04378
0.03552 0.54920 0.99898 -0.04518
0.03662 0.54915 0.99891 -0.04659
0.03772 0.54910 0.99885 -0.04799
0.03881 0.54904 0.99878 -0.04940
0.03991 0.54899 0.99871 -0.05080
0.04101 0.54893 0.99864 -0.05221
0.04210 0.54887 0.99856 -0.05361
0.04320 0.54881 0.99849 -0.05502
0.04429 0.54875 0.99841 -0.05643
0.04539 0.54869 0.99833 -0.05784
0.04648 0.54863 0.99824 -0.05925
0.04758 0.54856 0.99816 -0.06066
0.04867 0.54849 0.99807 -0.06207
0.04977 0.54842 0.99798 -0.06348
0.05086 0.54835 0.99789 -0.06489
0.05195 0.54828 0.99780 -0.06631
0.05305 0.54821 0.99770 -0.06772
0.05414 0.54813 0.99761 -0.06913
0.05523 0.54806 0.99751 -0.07055
0.05633 0.54798 0.99741 -0.07197
0.05742 0.54790 0.99730 -0.07338
0.05851 0.54782 0.99720 -0.07480
0.05960 0.54773 0.99709 -0.07622
0.06069 0.54765 0.99698 -0.07764
0.06178 0.54756 0.99687 -0.07906
0.06288 0.54748 0.99676 -0.08048
0.06397 0.54739 0.99664 -0.08190
0.06506 0.54730 0.99652 -0.08333
0.06615 0.54721 0.99640 -0.08475
0.06724 0.54711 0.99628 -0.08618
0.06832 0.54702 0.99616 -0.08760
0.06941 0.54692 0.99603 -0.08903
0.07050 0.54682 0.99590 -0.09046
0.07159 0.54672 0.99577 -0.09189
0.07268 0.54662 0.99564 -0.09332
0.07376 0.54652 0.99550 -0.09475
0.07485 0.54642 0.99536 -0.09618
0.07594 0.54631 0.99522 -0.09761
0.07702 0.54620 0.99508 -0.09905
0.07811 0.54609 0.99494 -0.10048
0.07920 0.54598 0.99479 -0.10192
0.08028 0.54587 0.99464 -0.10336
0.08136 0.54576 0.99449 -0.10480
0.08245 0.54564 0.99434 -0.10624
0.08353 0.54553 0.99419 -0.10768
0.08462 0.54541 0.99403 -0.10912
0.08570 0.54529 0.99387 -0.11057
0.08678 0.54517 0.99371 -0.11201
0.08786 0.54504 0.99354 -0.11346
0.08894 0.54492 0.99338 -0.11491
0.09003 0.54479 0.99321 -0.11635
0.09111 0.54467 0.99304 -0.11780
0.09219 0.54454 0.99286 -0.11926
0.09327 0.54441 0.99269 -0.12071
0.09434 0.54428 0.99251 -0.12216
0.09542 0.54414 0.99233 -0.12362
0.09650 0.54401 0.99215 -0.12508
0.09758 0.54387 0.99196 -0.12653
0.09866 0.54373 0.99177 -0.12799
0.09973 0.54359 0.99159 -0.12946
0.10081 0.54345 0.99139 -0.13092
0.10188 0.54331 0.99120 -0.13238
0.10296 0.54316 0.99100 -0.13385
0.10403 0.54302 0.99080 -0.13531
0.10511 0.54287 0.99060 -0.13678
0.10618 0.54272 0.99040 -0.13825
0.10725 0.54257 0.99019 -0.13972
0.10833 0.54242 0.98998 -0.14120
0.10940 0.54226 0.98977 -0.14267
0.11047 0.54211 0.98956 -0.14415
0.11154 0.54195 0.98934 -0.14562
0.11261 0.54179 0.98912 -0.14710
0.11368 0.54163 0.98890 -0.14858
0.11475 0.54147 0.98868 -0.15007
0.11582 0.54131 0.98845 -0.15155
0.11689 0.54115 0.98822 -0.15304
0.11795 0.54098 0.98799 -0.15452
0.11902 0.54081 0.98776 -0.15601
0.12009 0.54064 0.98752 -0.15750
0.12115 0.54047 0.98728 -0.15899
0.12222 0.54030 0.98704 -0.16049
0.12328 0.54013 0.98679 -0.16198
0.12434 0.53995 0.98655 -0.16348
0.12541 0.53977 0.98630 -0.16498
0.12647 0.53959 0.98605 -0.16648
0.12753 0.53941 0.98579 -0.16798
0.12859 0.53923 0.98553 -0.16948
0.12965 0.53905 0.98527 -0.17099
0.13071 0.53887 0.98501 -0.17250
0.13177 0.53868 0.98474 -0.17401
0.13283 0.53849 0.98448 -0.17552
0.13389 0.53830 0.98421 -0.17703
0.13494 0.53811 0.98393 -0.17855
0.13600 0.53792 0.98366 -0.18006
0.13705 0.53772 0.98338 -0.18158
0.13811 0.53753 0.98309 -0.18310
0.13916 0.53733 0.98281 -0.18462
0.14022 0.53713 0.98252 -0.18615
0.14127 0.53693 0.98223 -0.18767
0.14232 0.53673 0.98194 -0.18920
0.14337 0.53653 0.98164 -0.19073
0.14442 0.53632 0.98134 -0.19226
0.14547 0.53612 0.98104 -0.19379
0.14652 0.53591 0.98074 -0.19533
0.14757 0.53570 0.98043 -0.19686
0.14862 0.53549 0.98012 -0.19840
0.14967 0.53527 0.97981 -0.19994
0.15071 0.53506 0.97949 -0.20149
0.15176 0.53484 0.97917 -0.20303
0.15280 0.53463 0.97885 -0.20458
0.15385 0.53441 0.97853 -0.20613
0.15489 0.53419 0.97820 -0.20768
0.15593 0.53396 0.97787 -0.20923
0.15697 0.53374 0.97753 -0.21079
0.15801 0.53352 0.97720 -0.21234
0.15905 0.53329 0.97686 -0.21390
0.16009 0.53306 0.97651 -0.21546
0.16113 0.53283 0.97617 -0.21702
0.16217 0.53260 0.97582 -0.21859
0.16321 0.53237 0.97546 -0.22016
0.16424 0.53213 0.97511 -0.22173
0.16528 0.53189 0.97475 -0.22330
0.16631 0.53166 0.97439 -0.22487
0.16734 0.53142 0.97402 -0.22644
0.16838 0.53118 0.97366 -0.22802
0.16941 0.53093 0.97328 -0.22960
0.17044 0.53069 0.97291 -0.23118
0.17147 0.53044 0.97253 -0.23277
0.17250 0.53020 0.97215 -0.23435
0.17353 0.52995 0.97177 -0.23594
0.17456 0.52970 0.97138 -0.23753
0.17558 0.52945 0.97099 -0.23912
0.17661 0.52919 0.97060 -0.24071
0.17763 0.52894 0.97020 -0.24231
0.17866 0.52868 0.96980 -0.24391
0.17968 0.52842 0.96939 -0.24551
0.18070 0.52816 0.96899 -0.24711
0.18172 0.52790 0.96858 -0.24872
0.18274 0.52764 0.96816 -0.25032
0.18376 0.52737 0.96774 -0.25193
0.18478 0.52711 0.96732 -0.25354
0.18580 0.52684 0.96690 -0.25516
0.18682 0.52657 0.96647 -0.25677
0.18783 0.52630 0.96604 -0.25839
0.18885 0.52603 0.96561 -0.26001
0.18986 0.52575 0.96517 -0.26163
0.19088 0.52548 0.96473 -0.26326
0.19189 0.52520 0.96428 -0.26488
0.19290 0.52492 0.96383 -0.26651
0.19391 0.52464 0.96338 -0.26814
0.19492 0.52436 0.96292 -0.26978
0.19593 0.52408 0.96246 -0.27141
0.19693 0.52379 0.96200 -0.27305
0.19794 0.52350 0.96153 -0.27469
0.19895 0.52322 0.96106 -0.27633
0.19995 0.52293 0.96059 -0.27797
0.20095 0.52264 0.96011 -0.27962
0.20196 0.52234 0.95963 -0.28127
0.20296 0.52205 0.95914 -0.28292
0.20396 0.52175 0.95865 -0.28457
0.20496 0.52145 0.95816 -0.28623
0.20596 0.52115 0.95767 -0.28788
0.20695 0.52085 0.95717 -0.28954
0.20795 0.52055 0.95666 -0.29120
0.20895 0.52025 0.95615 -0.29287
0.20994 0.51994 0.95564 -0.29453
0.21094 0.51964 0.95513 -0.29620
0.21193 0.51933 0.95461 -0.29787
0.21292 0.51902 0.95408 -0.29954
0.21391 0.51870 0.95355 -0.30122
0.21490 0.51839 0.95302 -0.30290
0.21589 0.51808 0.95249 -0.30458
0.21687 0.51776 0.95195 -0.30626
0.21786 0.51744 0.95141 -0.30794
0.21885 0.51712 0.95086 -0.30963
0.21983 0.51680 0.95031 -0.31131
0.22081 0.51648 0.94975 -0.31300
0.22180 0.51615 0.94919 -0.31470
0.22278 0.51583 0.94863 -0.31639
0.22376 0.51550 0.94806 -0.31809
0.22474 0.51517 0.94749 -0.31978
0.22571 0.51484 0.94691 -0.32148
0.22669 0.51450 0.94633 -0.32319
0.22767 0.51417 0.94575 -0.32489
0.22864 0.51383 0.94516 -0.32660
0.22961 0.51350 0.94457 -0.32831
0.23059 0.51316 0.94397 -0.33002
0.23156 0.51282 0.94337 -0.33173
0.23253 0.51248 0.94277 -0.33345
0.23350 0.51213 0.94216 -0.33517
0.23446 0.51179 0.94155 -0.33689
0.23543 0.51144 0.94093 -0.33861
0.23640 0.51109 0.94031 -0.34033
0.23736 0.51074 0.93968 -0.34206
0.23832 0.51039 0.93905 -0.34379
0.23929 0.51004 0.93841 -0.34552
0.24025 0.50968 0.93777 -0.34725
0.24121 0.50932 0.93713 -0.34898
0.24217 0.50897 0.93648 -0.35072
0.24312 0.50861 0.93583 -0.35246
0.24408 0.50825 0.93517 -0.35420
0.24504 0.50788 0.93451 -0.35594
0.24599 0.50752 0.93384 -0.35768
0.24694 0.50715 0.93317 -0.35943
0.24789 0.50678 0.93250 -0.36118
0.24885 0.50642 0.93182 -0.36293
0.24979 0.50604 0.93113 -0.36468
0.25074 0.50567 0.93044 -0.36643
0.25169 0.50530 0.92975 -0.36819
0.25264 0.50492 0.92905 -0.36995
0.25358 0.50455 0.92835 -0.37171
0.25452 0.50417 0.92764 -0.37347
0.25547 0.50379 0.92693 -0.37523
0.25641 0.50340 0.92621 -0.37700
0.25735 0.50302 0.92549 -0.37877
0.25829 0.50264 0.92477 -0.38054
0.25922 0.50225 0.92404 -0.38231
0.26016 0.50186 0.92330 -0.38408
0.26110 0.50147 0.92256 -0.38585
0.26203 0.50108 0.92181 -0.38763
0.26296 0.50068 0.92107 -0.38941
0.26389 0.50029 0.92031 -0.39119
0.26482 0.49989 0.91955 -0.39297
0.26575 0.49950 0.91879 -0.39475
0.26668 0.49910 0.91802 -0.39654
0.26761 0.49869 0.91724 -0.39833
0.26853 0.49829 0.91647 -0.40011
0.26946 0.49789 0.91568 -0.40190
0.27038 0.49748 0.91489 -0.40370
0.27130 0.49707 0.91410 -0.40549
0.27222 0.49666 0.91330 -0.40728
0.27314 0.49625 0.91250 -0.40908
0.27406 0.49584 0.91169 -0.41088
0.27498 0.49543 0.91088 -0.41268
0.27589 0.49501 0.91006 -0.41448
0.27681 0.49459 0.90924 -0.41628
0.27772 0.49417 0.90841 -0.41809
0.27863 0.49375 0.90757 -0.41989
0.27954 0.49333 0.90674 -0.42170
0.28045 0.49291 0.90589 -0.42351
0.28136 0.49248 0.90504 -0.42532
0.28226 0.49205 0.90419 -0.42713
0.28317 0.49163 0.90333 -0.42894
0.28407 0.49120 0.90247 -0.43076
0.28497 0.49076 0.90160 -0.43257
0.28588 0.49033 0.90073 -0.43439
0.28678 0.48990 0.89985 -0.43621
0.28767 0.48946 0.89896 -0.43803
0.28857 0.48902 0.89807 -0.43985
0.28947 0.48858 0.89718 -0.44167
0.29036 0.48814 0.89628 -0.44349
0.29125 0.48770 0.89537 -0.44532
0.29215 0.48725 0.89446 -0.44714
0.29304 0.48680 0.89355 -0.44897
0.29393 0.48636 0.89263 -0.45080
0.29481 0.48591 0.89170 -0.45262
0.29570 0.48546 0.89077 -0.45445
0.29659 0.48500 0.88983 -0.45629
0.29747 0.48455 0.88889 -0.45812
0.29835 0.48409 0.88794 -0.45995
0.29923 0.48363 0.88699 -0.46178
0.30011 0.48318 0.88603 -0.46362
0.30099 0.48271 0.88507 -0.46545
0.30187 0.48225 0.88410 -0.46729
0.30275 0.48179 0.88313 -0.46913
0.30362 0.48132 0.88215 -0.47097
0.30449 0.48085 0.88117 -0.47281
0.30537 0.48039 0.88018 -0.47465
0.30624 0.47992 0.87918 -0.47649
0.30711 0.47944 0.87818 -0.47833
0.30797 0.47897 0.87718 -0.48017
0.30884 0.47849 0.87616 -0.48201
0.30971 0.47802 0.87515 -0.48385
0.31057 0.47754 0.87413 -0.48570
0.31143 0.47706 0.87310 -0.48754
0.31229 0.47658 0.87207 -0.48939
0.31315 0.47609 0.87103 -0.49123
0.31401 0.47561 0.86998 -0.49308
0.31487 0.47512 0.86894 -0.49493
0.31572 0.47463 0.86788 -0.49677
0.31658 0.47414 0.86682 -0.49862
0.31743 0.47365 0.86576 -0.50047
0.31828 0.47316 0.86468 -0.50232
0.31913 0.47266 0.86361 -0.50416
0.31998 0.47217 0.86253 -0.50601
0.32082 0.47167 0.86144 -0.50786
0.32167 0.47117 0.86035 -0.50971
0.32251 0.47067 0.85925 -0.51156
0.32336 0.47016 0.85814 -0.51341
0.32420 0.46966 0.85703 -0.51526
0.32504 0.46915 0.85592 -0.51711
0.32588 0.46864 0.85480 -0.51896
0.32671 0.46814 0.85367 -0.52081
0.32755 0.46762 0.85254 -0.52266
0.32838 0.46711 0.85141 -0.52451
0.32922 0.46660 0.85026 -0.52636
0.33005 0.46608 0.84912 -0.52821
0.33088 0.46556 0.84796 -0.53005
0.33171 0.46505 0.84680 -0.53190
0.33253 0.46452 0.84564 -0.53375
0.33336 0.46400 0.84447 -0.53560
0.33418 0.46348 0.84330 -0.53745
0.33501 0.46295 0.84212 -0.53930
0.33583 0.46243 0.84093 -0.54115
0.33665 0.46190 0.83974 -0.54299
0.33746 0.46137 0.83854 -0.54484
0.33828 0.46083 0.83734 -0.54669
0.33910 0.46030 0.83613 -0.54853
0.33991 0.45976 0.83492 -0.55038
0.34072 0.45923 0.83370 -0.55222
0.34153 0.45869 0.83247 -0.55407
0.34234 0.45815 0.83124 -0.55591
0.34315 0.45761 0.83001 -0.55775
0.34396 0.45706 0.82877 -0.55959
0.34476 0.45652 0.82752 -0.56144
0.34557 0.45597 0.82627 -0.56328
0.34637 0.45542 0.82501 -0.56512
0.34717 0.45487 0.82375 -0.56695
0.34797 0.45432 0.82248 -0.56879
0.34877 0.45377 0.82121 -0.57063
0.34957 0.45321 0.81993 -0.57247
0.35036 0.45266 0.81864 -0.57430
0.35115 0.45210 0.81736 -0.57613
0.35195 0.45154 0.81606 -0.57797
0.35274 0.45098 0.81476 -0.57980
0.35352 0.45042 0.81345 -0.58163
0.35431 0.44985 0.81214 -0.58346
0.35510 0.44929 0.81083 -0.58529
0.35588 0.44872 0.80950 -0.58711
0.35667 0.44815 0.80818 -0.58894
0.35745 0.44758 0.80684 -0.59076
0.35823 0.44701 0.80551 -0.59259
0.35901 0.44643 0.80416 -0.59441
0.35978 0.44586 0.80282 -0.59623
0.36056 0.44528 0.80146 -0.59805
0.36133 0.44470 0.80010 -0.59986
0.36211 0.44412 0.79874 -0.60168
0.36288 0.44354 0.79737 -0.60349
0.36365 0.44295 0.79599 -0.60530
0.36441 0.44237 0.79461 -0.60711
0.36518 0.44178 0.79323 -0.60892
0.36595 0.44119 0.79184 -0.61073
0.36671 0.44060 0.79044 -0.61253
0.36747 0.44001 0.78904 -0.61434
0.36823 0.43942 0.78764 -0.61614
0.36899 0.43882 0.78623 -0.61794
0.36975 0.43823 0.78481 -0.61974
0.37050 0.43763 0.78339 -0.62153
0.37126 0.43703 0.78196 -0.62332
0.37201 0.43643 0.78053 -0.62512
0.37276 0.43582 0.77910 -0.62690
0.37351 0.43522 0.77766 -0.62869
0.37426 0.43461 0.77621 -0.63048
0.37501 0.43400 0.77476 -0.63226
0.37575 0.43339 0.77330 -0.63404
0.37650 0.43278 0.77184 -0.63582
0.37724 0.43217 0.77037 -0.63759
0.37798 0.43156 0.76890 -0.63937
0.37872 0.43094 0.76743 -0.64114
0.37945 0.43032 0.76595 -0.64290
0.38019 0.42970 0.76446 -0.64467
0.38092 0.42908 0.76297 -0.64643
0.38166 0.42846 0.76148 -0.64819
0.38239 0.42784 0.75998 -0.64995
0.38312 0.42721 0.75847 -0.65171
0.38385 0.42658 0.75696 -0.65346
0.38457 0.42595 0.75545 -0.65521
0.38530 0.42532 0.75393 -0.65696
0.38602 0.42469 0.75240 -0.65870
0.38674 0.42406 0.75088 -0.66044
0.38746 0.42342 0.74934 -0.66218
0.38818 0.42279 0.74781 -0.66392
0.38890 0.42215 0.74626 -0.66565
0.38962 0.42151 0.74472 -0.66738
0.39033 0.42087 0.74317 -0.66911
0.39104 0.42022 0.74161 -0.67083
0.39176 0.41958 0.74005 -0.67255
0.39246 0.41893 0.73849 -0.67427
0.39317 0.41828 0.73692 -0.67598
0.39388 0.41763 0.73534 -0.67769
0.39458 0.41698 0.73377 -0.67940
0.39529 0.41633 0.73219 -0.68111
0.39599 0.41568 0.73060 -0.68281
0.39669 0.41502 0.72901 -0.68450
0.39739 0.41436 0.72741 -0.68620
0.39809 0.41370 0.72581 -0.68789
0.39878 0.41304 0.72421 -0.68958
0.39947 0.41238 0.72260 -0.69126
0.40017 0.41172 0.72099 -0.69294
0.40086 0.41105 0.71938 -0.69462
0.40155 0.41038 0.71776 -0.69629
0.40223 0.40972 0.71613 -0.69796
0.40292 0.40905 0.71451 -0.69963
0.40361 0.40837 0.71287 -0.70129
0.40429 0.40770 0.71124 -0.70295
0.40497 0.40703 0.70960 -0.70461
0.40565 0.40635 0.70796 -0.70626
0.40633 0.40567 0.70631 -0.70790
0.40700 0.40499 0.70466 -0.70955
0.40768 0.40431 0.70300 -0.71119
0.40835 0.40363 0.70134 -0.71282
0.40902 0.40294 0.69968 -0.71445
0.40969 0.40226 0.69802 -0.71608
0.41036 0.40157 0.69635 -0.71771
0.41103 0.40088 0.69467 -0.71933
0.41170 0.40019 0.69300 -0.72094
0.41236 0.39950 0.69132 -0.72255
0.41302 0.39880 0.68963 -0.72416
0.41368 0.39811 0.68794 -0.72576
0.41434 0.39741 0.68625 -0.72736
0.41500 0.39671 0.68456 -0.72896
0.41566 0.39601 0.68286 -0.73055
0.41631 0.39531 0.68116 -0.73213
0.41696 0.39461 0.67946 -0.73372
0.41761 0.39390 0.67775 -0.73529
0.41826 0.39320 0.67604 -0.73687
0.41891 0.39249 0.67432 -0.73844
0.41956 0.39178 0.67261 -0.74000
0.42020 0.39107 0.67088 -0.74156
0.42085 0.39035 0.66916 -0.74312
0.42149 0.38964 0.66743 -0.74467
0.42213 0.38892 0.66570 -0.74622
0.42277 0.38821 0.66397 -0.74776
0.42340 0.38749 0.66224 -0.74929
0.42404 0.38677 0.66050 -0.75083
0.42467 0.38605 0.65876 -0.75236
0.42530 0.38532 0.65701 -0.75388
0.42593 0.38460 0.65527 -0.75540
0.42656 0.38387 0.65352 -0.75691
0.42719 0.38314 0.65176 -0.75842
0.42782 0.38241 0.65001 -0.75993
0.42844 0.38168 0.64825 -0.76143
0.42906 0.38095 0.64649 -0.76292
0.42968 0.38021 0.64473 -0.76441
0.43030 0.37948 0.64296 -0.76590
0.43092 0.37874 0.64119 -0.76738
0.43154 0.37800 0.63942 -0.76886
0.43215 0.37726 0.63765 -0.77033
0.43276 0.37652 0.63587 -0.77179
0.43337 0.37578 0.63410 -0.77326
0.43398 0.37503 0.63231 -0.77471
0.43459 0.37428 0.63053 -0.77616
0.43520 0.37354 0.62875 -0.77761
0.43580 0.37279 0.62696 -0.77905
0.43641 0.37203 0.62517 -0.78049
0.43701 0.37128 0.62338 -0.78192
0.43761 0.37053 0.62159 -0.78334
0.43821 0.36977 0.61979 -0.78477
0.43880 0.36901 0.61800 -0.78618
0.43940 0.36826 0.61620 -0.78759
0.43999 0.36749 0.61439 -0.78900
0.44058 0.36673 0.61259 -0.79040
0.44117 0.36597 0.61079 -0.79180
0.44176 0.36520 0.60898 -0.79319
0.44235 0.36444 0.60717 -0.79457
0.44294 0.36367 0.60536 -0.79595
0.44352 0.36290 0.60355 -0.79733
0.44410 0.36213 0.60174 -0.79870
0.44468 0.36136 0.59992 -0.80006
0.44526 0.36058 0.59810 -0.80142
0.44584 0.35981 0.59629 -0.80277
0.44641 0.35903 0.59447 -0.80412
0.44699 0.35825 0.59264 -0.80546
0.44756 0.35747 0.59082 -0.80680
0.44813 0.35669 0.58900 -0.80814
0.44870 0.35591 0.58717 -0.80946
0.44927 0.35512 0.58534 -0.81078
0.44983 0.35434 0.58352 -0.81210
0.45040 0.35355 0.58169 -0.81341
0.45096 0.35276 0.57986 -0.81472
0.45152 0.35197 0.57803 -0.81602
0.45208 0.35118 0.57619 -0.81731
0.45264 0.35039 0.57436 -0.81860
0.45320 0.34959 0.57252 -0.81989
0.45375 0.34879 0.57069 -0.82117
0.45431 0.34800 0.56885 -0.82244
0.45486 0.34720 0.56701 -0.82371
0.45541 0.34640 0.56517 -0.82497
0.45595 0.34559 0.56333 -0.82623
0.45650 0.34479 0.56149 -0.82748
0.45705 0.34398 0.55965 -0.82873
0.45759 0.34318 0.55781 -0.82997
0.45813 0.34237 0.55597 -0.83120
0.45867 0.34156 0.55412 -0.83243
0.45921 0.34075 0.55228 -0.83366
0.45975 0.33994 0.55044 -0.83488
0.46028 0.33912 0.54859 -0.83609
0.46082 0.33831 0.54674 -0.83730
0.46135 0.33749 0.54490 -0.83850
0.46188 0.33667 0.54305 -0.83970
0.46241 0.33585 0.54120 -0.84089
0.46294 0.33503 0.53936 -0.84208
0.46346 0.33421 0.53751 -0.84326
0.46399 0.33338 0.53566 -0.84443
0.46451 0.33256 0.53381 -0.84560
0.46503 0.33173 0.53196 -0.84677
0.46555 0.33090 0.53011 -0.84793
0.46607 0.33007 0.52826 -0.84908
0.46658 0.32924 0.52642 -0.85023
0.46710 0.32841 0.52457 -0.85137
0.46761 0.32758 0.52272 -0.85251
0.46812 0.32674 0.52087 -0.85364
0.46863 0.32590 0.51902 -0.85476
0.46914 0.32506 0.51717 -0.85588
0.46964 0.32422 0.51532 -0.85700
0.47015 0.32338 0.51347 -0.85811
0.47065 0.32254 0.51162 -0.85921
0.47115 0.32170 0.50977 -0.86031
0.47165 0.32085 0.50792 -0.86140
0.47215 0.32000 0.50607 -0.86249
0.47265 0.31916 0.50422 -0.86357
0.47314 0.31831 0.50237 -0.86465
0.47363 0.31746 0.50053 -0.86572
0.47413 0.31660 0.49868 -0.86679
0.47462 0.31575 0.49683 -0.86785
0.47510 0.31489 0.49498 -0.86890
0.47559 0.31404 0.49314 -0.86995
0.47608 0.31318 0.49129 -0.87099
0.47656 0.31232 0.48945 -0.87203
0.47704 0.31146 0.48760 -0.87307
0.47752 0.31060 0.48576 -0.87409
0.47800 0.30973 0.48391 -0.87512
0.47848 0.30887 0.48207 -0.87613
0.47895 0.30800 0.48023 -0.87714
0.47943 0.30713 0.47839 -0.87815
0.47990 0.30626 0.47654 -0.87915
0.48037 0.30539 0.47470 -0.88015
0.48084 0.30452 0.47286 -0.88114
0.48131 0.30365 0.47102 -0.88212
0.48177 0.30277 0.46919 -0.88310
0.48224 0.30190 0.46735 -0.88407
0.48270 0.30102 0.46551 -0.88504
0.48316 0.30014 0.46368 -0.88600
0.48362 0.29926 0.46184 -0.88696
0.48408 0.29838 0.46001 -0.88791
0.48453 0.29750 0.45818 -0.88886
0.48499 0.29661 0.45634 -0.88980
0.48544 0.29573 0.45451 -0.89074
0.48589 0.29484 0.45268 -0.89167
0.48634 0.29395 0.45085 -0.89260
0.48679 0.29307 0.44903 -0.89352
0.48724 0.29218 0.44720 -0.89443
0.48768 0.29128 0.44537 -0.89534
0.48812 0.29039 0.44355 -0.89625
0.48857 0.28950 0.44173 -0.89715
0.48901 0.28860 0.43990 -0.89804
0.48944 0.28770 0.43808 -0.89893
0.48988 0.28680 0.43626 -0.89982
0.49032 0.28590 0.43445 -0.90070
0.49075 0.28500 0.43263 -0.90157
0.49118 0.28410 0.43081 -0.90244
0.49161 0.28320 0.42900 -0.90330
0.49204 0.28229 0.42719 -0.90416
0.49247 0.28139 0.42538 -0.90502
0.49289 0.28048 0.42357 -0.90587
0.49332 0.27957 0.42176 -0.90671
0.49374 0.27866 0.41995 -0.90755
0.49416 0.27775 0.41814 -0.90838
0.49458 0.27683 0.41634 -0.90921
0.49500 0.27592 0.41454 -0.91003
0.49541 0.27501 0.41274 -0.91085
0.49583 0.27409 0.41094 -0.91166
0.49624 0.27317 0.40914 -0.91247
0.49665 0.27225 0.40734 -0.91328
0.49706 0.27133 0.40555 -0.91407
0.49747 0.27041 0.40375 -0.91487
0.49787 0.26949 0.40196 -0.91566
0.49828 0.26856 0.40017 -0.91644
0.49868 0.26764 0.39838 -0.91722
0.49908 0.26671 0.39660 -0.91799
0.49948 0.26578 0.39481 -0.91876
0.49988 0.26485 0.39303 -0.91953
0.50028 0.26392 0.39124 -0.92029
0.50067 0.26299 0.38946 -0.92104
0.50107 0.26206 0.38769 -0.92179
0.50146 0.26113 0.38591 -0.92254
0.50185 0.26019 0.38414 -0.92328
0.50224 0.25925 0.38236 -0.92401
0.50262 0.25832 0.38059 -0.92474
0.50301 0.25738 0.37882 -0.92547
0.50339 0.25644 0.37706 -0.92619
0.50377 0.25550 0.37529 -0.92691
0.50415 0.25455 0.37353 -0.92762
0.50453 0.25361 0.37176 -0.92833
0.50491 0.25267 0.37000 -0.92903
0.50529 0.25172 0.36825 -0.92973
0.50566 0.25077 0.36649 -0.93042
0.50603 0.24983 0.36474 -0.93111
0.50640 0.24888 0.36298 -0.93180
0.50677 0.24792 0.36123 -0.93248
0.50714 0.24697 0.35949 -0.93315
0.50751 0.24602 0.35774 -0.93382
0.50787 0.24507 0.35600 -0.93449
0.50823 0.24411 0.35425 -0.93515
0.50860 0.24315 0.35251 -0.93581
0.50896 0.24220 0.35077 -0.93646
0.50931 0.24124 0.34904 -0.93711
0.50967 0.24028 0.34730 -0.93775
0.51003 0.23932 0.34557 -0.93839
0.51038 0.23835 0.34384 -0.93903
0.51073 0.23739 0.34211 -0.93966
0.51108 0.23643 0.34039 -0.94029
0.51143 0.23546 0.33866 -0.94091
0.51178 0.23449 0.33694 -0.94153
0.51212 0.23353 0.33522 -0.94214
0.51246 0.23256 0.33350 -0.94275
0.51281 0.23159 0.33179 -0.94335
0.51315 0.23062 0.33007 -0.94395
0.51349 0.22964 0.32836 -0.94455
0.51382 0.22867 0.32665 -0.94514
0.51416 0.22770 0.32495 -0.94573
0.51449 0.22672 0.32324 -0.94632
0.51483 0.22574 0.32154 -0.94690
0.51516 0.22477 0.31984 -0.94747
0.51549 0.22379 0.31814 -0.94804
0.51581 0.22281 0.31644 -0.94861
0.51614 0.22183 0.31475 -0.94917
0.51647 0.22084 0.31306 -0.94973
0.51679 0.21986 0.31137 -0.95029
0.51711 0.21888 0.30968 -0.95084
0.51743 0.21789 0.30799 -0.95139
0.51775 0.21691 0.30631 -0.95193
0.51807 0.21592 0.30463 -0.95247
0.51838 0.21493 0.30295 -0.95301
0.51869 0.21394 0.30127 -0.95354
0.51901 0.21295 0.29960 -0.95407
0.51932 0.21196 0.29793 -0.95459
0.51963 0.21097 0.29626 -0.95511
0.51993 0.20997 0.29459 -0.95562
0.52024 0.20898 0.29292 -0.95614
0.52054 0.20798 0.29126 -0.95664
0.52084 0.20699 0.28960 -0.95715
0.52115 0.20599 0.28794 -0.95765
0.52144 0.20499 0.28628 -0.95815
0.52174 0.20399 0.28462 -0.95864
0.52204 0.20299 0.28297 -0.95913
0.52233 0.20199 0.28132 -0.95961
0.52263 0.20099 0.27967 -0.96010
0.52292 0.19998 0.27803 -0.96057
0.52321 0.19898 0.27638 -0.96105
0.52350 0.19797 0.27474 -0.96152
0.52378 0.19697 0.27310 -0.96199
0.52407 0.19596 0.27146 -0.96245
0.52435 0.19495 0.26983 -0.96291
0.52463 0.19394 0.26819 -0.96336
0.52491 0.19293 0.26656 -0.96382
0.52519 0.19192 0.26494 -0.96427
0.52547 0.19091 0.26331 -0.96471
0.52574 0.18989 0.26168 -0.96515
0.52602 0.18888 0.26006 -0.96559
0.52629 0.18787 0.25844 -0.96603
0.52656 0.18685 0.25682 -0.96646
0.52683 0.18583 0.25521 -0.96689
0.52710 0.18482 0.25360 -0.96731
0.52737 0.18380 0.25198 -0.96773
0.52763 0.18278 0.25038 -0.96815
0.52789 0.18176 0.24877 -0.96856
0.52815 0.18073 0.24716 -0.96897
0.52841 0.17971 0.24556 -0.96938
0.52867 0.17869 0.24396 -0.96979
0.52893 0.17767 0.24236 -0.97019
0.52918 0.17664 0.24077 -0.97058
0.52944 0.17561 0.23917 -0.97098
0.52969 0.17459 0.23758 -0.97137
0.52994 0.17356 0.23599 -0.97176
0.53019 0.17253 0.23440 -0.97214
0.53044 0.17150 0.23282 -0.97252
0.53068 0.17047 0.23123 -0.97290
0.53093 0.16944 0.22965 -0.97327
0.53117 0.16841 0.22807 -0.97364
0.53141 0.16738 0.22649 -0.97401
0.53165 0.16634 0.22492 -0.97438
0.53189 0.16531 0.22335 -0.97474
0.53212 0.16427 0.22178 -0.97510
0.53236 0.16324 0.22021 -0.97545
0.53259 0.16220 0.21864 -0.97581
0.53282 0.16116 0.21707 -0.97616
0.53305 0.16013 0.21551 -0.97650
0.53328 0.15909 0.21395 -0.97684
0.53351 0.15805 0.21239 -0.97718
0.53373 0.15701 0.21084 -0.97752
0.53396 0.15596 0.20928 -0.97786
0.53418 0.15492 0.20773 -0.97819
0.53440 0.15388 0.20618 -0.97851
0.53462 0.15284 0.20463 -0.97884
0.53484 0.15179 0.20308 -0.97916
0.53505 0.15075 0.20154 -0.97948
0.53527 0.14970 0.19999 -0.97980
0.53548 0.14865 0.19845 -0.98011
0.53569 0.14760 0.19691 -0.98042
0.53590 0.14656 0.19538 -0.98073
0.53611 0.14551 0.19384 -0.98103
0.53632 0.14446 0.19231 -0.98133
0.53652 0.14341 0.19078 -0.98163
0.53672 0.14236 0.18925 -0.98193
0.53693 0.14130 0.18772 -0.98222
0.53713 0.14025 0.18619 -0.98251
0.53733 0.13920 0.18467 -0.98280
0.53752 0.13814 0.18315 -0.98309
0.53772 0.13709 0.18163 -0.98337
0.53791 0.13603 0.18011 -0.98365
0.53810 0.13498 0.17859 -0.98392
0.53830 0.13392 0.17708 -0.98420
0.53849 0.13286 0.17557 -0.98447
0.53867 0.13180 0.17405 -0.98474
0.53886 0.13074 0.17255 -0.98500
0.53904 0.12968 0.17104 -0.98526
0.53923 0.12862 0.16953 -0.98552
0.53941 0.12756 0.16803 -0.98578
0.53959 0.12650 0.16653 -0.98604
0.53977 0.12544 0.16503 -0.98629
0.53994 0.12438 0.16353 -0.98654
0.54012 0.12331 0.16203 -0.98679
0.54029 0.12225 0.16053 -0.98703
0.54047 0.12118 0.15904 -0.98727
0.54064 0.12012 0.15755 -0.98751
0.54081 0.11905 0.15606 -0.98775
0.54097 0.11799 0.15457 -0.98798
0.54114 0.11692 0.15308 -0.98821
0.54131 0.11585 0.15160 -0.98844
0.54147 0.11478 0.15011 -0.98867
0.54163 0.11371 0.14863 -0.98889
0.54179 0.11264 0.14715 -0.98911
0.54195 0.11157 0.14567 -0.98933
0.54210 0.11050 0.14419 -0.98955
0.54226 0.10943 0.14272 -0.98976
0.54241 0.10836 0.14124 -0.98997
0.54257 0.10729 0.13977 -0.99018
0.54272 0.10622 0.13830 -0.99039
0.54287 0.10514 0.13683 -0.99059
0.54301 0.10407 0.13536 -0.99080
0.54316 0.10299 0.13389 -0.99100
0.54330 0.10192 0.13243 -0.99119
0.54345 0.10084 0.13096 -0.99139
0.54359 0.09977 0.12950 -0.99158
0.54373 0.09869 0.12804 -0.99177
0.54387 0.09761 0.12658 -0.99196
0.54400 0.09654 0.12512 -0.99214
0.54414 0.09546 0.12367 -0.99232
0.54427 0.09438 0.12221 -0.99250
0.54440 0.09330 0.12076 -0.99268
0.54453 0.09222 0.11930 -0.99286
0.54466 0.09114 0.11785 -0.99303
0.54479 0.09006 0.11640 -0.99320
0.54492 0.08898 0.11495 -0.99337
0.54504 0.08790 0.11350 -0.99354
0.54516 0.08682 0.11206 -0.99370
0.54528 0.08573 0.11061 -0.99386
0.54540 0.08465 0.10917 -0.99402
0.54552 0.08357 0.10773 -0.99418
0.54564 0.08248 0.10628 -0.99434
0.54575 0.08140 0.10484 -0.99449
0.54587 0.08031 0.10340 -0.99464
0.54598 0.07923 0.10197 -0.99479
0.54609 0.07814 0.10053 -0.99493
0.54620 0.07706 0.09909 -0.99508
0.54631 0.07597 0.09766 -0.99522
0.54641 0.07489 0.09623 -0.99536
0.54652 0.07380 0.09479 -0.99550
0.54662 0.07271 0.09336 -0.99563
0.54672 0.07162 0.09193 -0.99577
0.54682 0.07054 0.09050 -0.99590
0.54692 0.06945 0.08907 -0.99603
0.54701 0.06836 0.08765 -0.99615
0.54711 0.06727 0.08622 -0.99628
0.54720 0.06618 0.08480 -0.99640
0.54730 0.06509 0.08337 -0.99652
0.54739 0.06400 0.08195 -0.99664
0.54747 0.06291 0.08053 -0.99675
0.54756 0.06182 0.07910 -0.99687
0.54765 0.06073 0.07768 -0.99698
0.54773 0.05964 0.07626 -0.99709
0.54781 0.05855 0.07485 -0.99720
0.54790 0.05745 0.07343 -0.99730
0.54798 0.05636 0.07201 -0.99740
0.54805 0.05527 0.07059 -0.99751
0.54813 0.05418 0.06918 -0.99760
0.54821 0.05308 0.06776 -0.99770
0.54828 0.05199 0.06635 -0.99780
0.54835 0.05089 0.06494 -0.99789
0.54842 0.04980 0.06353 -0.99798
0.54849 0.04871 0.06211 -0.99807
0.54856 0.04761 0.06070 -0.99816
0.54862 0.04652 0.05929 -0.99824
0.54869 0.04542 0.05788 -0.99832
0.54875 0.04433 0.05647 -0.99840
0.54881 0.04323 0.05507 -0.99848
0.54887 0.04214 0.05366 -0.99856
0.54893 0.04104 0.05225 -0.99863
0.54899 0.03994 0.05085 -0.99871
0.54904 0.03885 0.04944 -0.99878
0.54909 0.03775 0.04804 -0.99885
0.54915 0.03665 0.04663 -0.99891
0.54920 0.03556 0.04523 -0.99898
0.54925 0.03446 0.04382 -0.99904
0.54929 0.03336 0.04242 -0.99910
0.54934 0.03227 0.04102 -0.99916
0.54938 0.03117 0.03962 -0.99921
0.54943 0.03007 0.03822 -0.99927
0.54947 0.02897 0.03681 -0.99932
0.54951 0.02787 0.03541 -0.99937
0.54954 0.02678 0.03401 -0.99942
0.54958 0.02568 0.03261 -0.99947
0.54962 0.02458 0.03122 -0.99951
0.54965 0.02348 0.02982 -0.99956
0.54968 0.02238 0.02842 -0.99960
0.54971 0.02128 0.02702 -0.99963
0.54974 0.02018 0.02562 -0.99967
0.54977 0.01908 0.02422 -0.99971
0.54979 0.01799 0.02283 -0.99974
0.54982 0.01689 0.02143 -0.99977
0.54984 0.01579 0.02003 -0.99980
0.54986 0.01469 0.01864 -0.99983
0.54988 0.01359 0.01724 -0.99985
0.54990 0.01249 0.01584 -0.99987
0.54992 0.01139 0.01445 -0.99990
0.54993 0.01029 0.01305 -0.99991
0.54995 0.00919 0.01166 -0.99993
0.54996 0.00809 0.01026 -0.99995
0.54997 0.00699 0.00887 -0.99996
0.54998 0.00589 0.00747 -0.99997
0.54999 0.00479 0.00607 -0.99998
0.54999 0.00369 0.00468 -0.99999
0.55000 0.00259 0.00328 -0.99999
0.55000 0.00149 0.00189 -1.00000
0.55000 0.00039 0.00049 -1.00000
0.55000 -0.00071 -0.00090 -1.00000
