-0.85000 0.00000
-0.85000 0.00170
-0.85000 0.00340
-0.85000 0.00510
-0.84999 0.00680
-0.84999 0.00850
-0.84998 0.01020
-0.84998 0.01190
-0.84997 0.01360
-0.84996 0.01530
-0.84995 0.01700
-0.84994 0.01870
-0.84993 0.02040
-0.84992 0.02210
-0.84991 0.02379
-0.84989 0.02549
-0.84988 0.02719
-0.84986 0.02889
-0.84985 0.03059
-0.84983 0.03229
-0.84981 0.03398
-0.84979 0.03568
-0.84977 0.03738
-0.84975 0.03908
-0.84973 0.04077
-0.84970 0.04247
-0.84968 0.04417
-0.84966 0.04586
-0.84963 0.04756
-0.84960 0.04925
-0.84958 0.05095
-0.84955 0.05264
-0.84952 0.05434
-0.84949 0.05603
-0.84945 0.05772
-0.84942 0.05942
-0.84939 0.06111
-0.84935 0.06280
-0.84932 0.06449
-0.84928 0.06618
-0.84924 0.06788
-0.84921 0.06957
-0.84917 0.07126
-0.84913 0.07295
-0.84909 0.07463
-0.84904 0.07632
-0.84900 0.07801
-0.84896 0.07970
-0.84891 0.08138
-0.84886 0.08307
-0.84882 0.08476
-0.84877 0.08644
-0.84872 0.08813
-0.84867 0.08981
-0.84862 0.09149
-0.84857 0.09318
-0.84852 0.09486
-0.84846 0.09654
-0.84841 0.09822
-0.84835 0.09990
-0.84830 0.10158
-0.84824 0.10326
-0.84818 0.10494
-0.84812 0.10661
-0.84806 0.10829
-0.84800 0.10997
-0.84794 0.11164
-0.84787 0.11332
-0.84781 0.11499
-0.84774 0.11666
-0.84768 0.11833
-0.84761 0.12001
-0.84754 0.12168
-0.84747 0.12335
-0.84740 0.12501
-0.84733 0.12668
-0.84726 0.12835
-0.84719 0.13002
-0.84711 0.13168
-0.84704 0.13335
-0.84696 0.13501
-0.84689 0.13667
-0.84681 0.13833
-0.84673 0.13999
-0.84665 0.14165
-0.84657 0.14331
-0.84649 0.14497
-0.84641 0.14663
-0.84632 0.14828
-0.84624 0.14994
-0.84615 0.15159
-0.84607 0.15325
-0.84598 0.15490
-0.84589 0.15655
-0.84580 0.15820
-0.84571 0.15985
-0.84562 0.16149
-0.84552 0.16314
-0.84543 0.16479
-0.84534 0.16643
-0.84524 0.16807
-0.84514 0.16972
-0.84505 0.17136
-0.84495 0.17300
-0.84485 0.17464
-0.84475 0.17627
-0.84465 0.17791
-0.84455 0.17954
-0.84444 0.18118
-0.84434 0.18281
-0.84423 0.18444
-0.84413 0.18607
-0.84402 0.18770
-0.84391 0.18933
-0.84380 0.19096
-0.84369 0.19258
-0.84358 0.19421
-0.84347 0.19583
-0.84335 0.19745
-0.84324 0.19907
-0.84312 0.20069
-0.84301 0.20231
-0.84289 0.20393
-0.84277 0.20554
-0.84265 0.20715
-0.84253 0.20877
-0.84241 0.21038
-0.84228 0.21199
-0.84216 0.21359
-0.84204 0.21520
-0.84191 0.21681
-0.84178 0.21841
-0.84166 0.22001
-0.84153 0.22161
-0.84140 0.22321
-0.84127 0.22481
-0.84113 0.22641
-0.84100 0.22800
-0.84087 0.22960
-0.84073 0.23119
-0.84060 0.23278
-0.84046 0.23437
-0.84032 0.23596
-0.84018 0.23754
-0.84004 0.23913
-0.83990 0.24071
-0.83976 0.24229
-0.83961 0.24387
-0.83947 0.24545
-0.83932 0.24703
-0.83918 0.24861
-0.83903 0.25018
-0.83888 0.25175
-0.83873 0.25332
-0.83858 0.25489
-0.83843 0.25646
-0.83828 0.25802
-0.83812 0.25959
-0.83797 0.26115
-0.83781 0.26271
-0.83765 0.26427
-0.83750 0.26583
-0.83734 0.26738
-0.83718 0.26894
-0.83701 0.27049
-0.83685 0.27204
-0.83669 0.27359
-0.83652 0.27514
-0.83636 0.27668
-0.83619 0.27823
-0.83602 0.27977
-0.83585 0.28131
-0.83568 0.28285
-0.83551 0.28438
-0.83534 0.28592
-0.83517 0.28745
-0.83499 0.28898
-0.83482 0.29051
-0.83464 0.29204
-0.83446 0.29357
-0.83428 0.29509
-0.83410 0.29661
-0.83392 0.29813
-0.83374 0.29965
-0.83356 0.30117
-0.83337 0.30269
-0.83319 0.30420
-0.83300 0.30571
-0.83281 0.30722
-0.83263 0.30873
-0.83244 0.31023
-0.83224 0.31174
-0.83205 0.31324
-0.83186 0.31474
-0.83166 0.31624
-0.83147 0.31773
-0.83127 0.31923
-0.83107 0.32072
-0.83087 0.32221
-0.83067 0.32370
-0.83047 0.32518
-0.83027 0.32667
-0.83007 0.32815
-0.82986 0.32963
-0.82966 0.33111
-0.82945 0.33258
-0.82924 0.33406
-0.82903 0.33553
-0.82882 0.33700
-0.82861 0.33847
-0.82840 0.33994
-0.82818 0.34140
-0.82797 0.34286
-0.82775 0.34432
-0.82754 0.34578
-0.82732 0.34724
-0.82710 0.34869
-0.82688 0.35014
-0.82665 0.35159
-0.82643 0.35304
-0.82621 0.35449
-0.82598 0.35593
-0.82575 0.35737
-0.82553 0.35881
-0.82530 0.36025
-0.82507 0.36168
-0.82484 0.36312
-0.82460 0.36455
-0.82437 0.36598
-0.82413 0.36740
-0.82390 0.36883
-0.82366 0.37025
-0.82342 0.37167
-0.82318 0.37309
-0.82294 0.37451
-0.82270 0.37592
-0.82245 0.37733
-0.82221 0.37874
-0.82196 0.38015
-0.82172 0.38156
-0.82147 0.38296
-0.82122 0.38436
-0.82097 0.38576
-0.82071 0.38715
-0.82046 0.38855
-0.82021 0.38994
-0.81995 0.39133
-0.81969 0.39272
-0.81944 0.39410
-0.81918 0.39549
-0.81891 0.39687
-0.81865 0.39825
-0.81839 0.39962
-0.81812 0.40100
-0.81786 0.40237
-0.81759 0.40374
-0.81732 0.40511
-0.81705 0.40647
-0.81678 0.40783
-0.81651 0.40920
-0.81624 0.41055
-0.81596 0.41191
-0.81569 0.41326
-0.81541 0.41462
-0.81513 0.41597
-0.81485 0.41731
-0.81457 0.41866
-0.81429 0.42000
-0.81400 0.42134
-0.81372 0.42268
-0.81343 0.42401
-0.81315 0.42535
-0.81286 0.42668
-0.81257 0.42801
-0.81227 0.42933
-0.81198 0.43066
-0.81169 0.43198
-0.81139 0.43330
-0.81110 0.43461
-0.81080 0.43593
-0.81050 0.43724
-0.81020 0.43855
-0.80990 0.43986
-0.80959 0.44116
-0.80929 0.44247
-0.80898 0.44377
-0.80867 0.44506
-0.80837 0.44636
-0.80806 0.44765
-0.80774 0.44895
-0.80743 0.45023
-0.80712 0.45152
-0.80680 0.45280
-0.80649 0.45409
-0.80617 0.45536
-0.80585 0.45664
-0.80553 0.45792
-0.80520 0.45919
-0.80488 0.46046
-0.80456 0.46173
-0.80423 0.46299
-0.80390 0.46425
-0.80357 0.46551
-0.80324 0.46677
-0.80291 0.46803
-0.80258 0.46928
-0.80224 0.47053
-0.80191 0.47178
-0.80157 0.47302
-0.80123 0.47427
-0.80089 0.47551
-0.80055 0.47674
-0.80020 0.47798
-0.79986 0.47921
-0.79951 0.48045
-0.79917 0.48167
-0.79882 0.48290
-0.79847 0.48412
-0.79812 0.48535
-0.79776 0.48656
-0.79741 0.48778
-0.79705 0.48900
-0.79669 0.49021
-0.79634 0.49142
-0.79598 0.49262
-0.79561 0.49383
-0.79525 0.49503
-0.79489 0.49623
-0.79452 0.49743
-0.79415 0.49862
-0.79378 0.49981
-0.79341 0.50100
-0.79304 0.50219
-0.79267 0.50338
-0.79229 0.50456
-0.79192 0.50574
-0.79154 0.50691
-0.79116 0.50809
-0.79078 0.50926
-0.79040 0.51043
-0.79001 0.51160
-0.78963 0.51277
-0.78924 0.51393
-0.78885 0.51509
-0.78846 0.51625
-0.78807 0.51740
-0.78768 0.51856
-0.78728 0.51971
-0.78689 0.52085
-0.78649 0.52200
-0.78609 0.52314
-0.78569 0.52428
-0.78529 0.52542
-0.78488 0.52656
-0.78448 0.52769
-0.78407 0.52882
-0.78366 0.52995
-0.78325 0.53108
-0.78284 0.53220
-0.78243 0.53332
-0.78202 0.53444
-0.78160 0.53555
-0.78118 0.53667
-0.78076 0.53778
-0.78034 0.53889
-0.77992 0.53999
-0.77950 0.54110
-0.77907 0.54220
-0.77864 0.54330
-0.77822 0.54439
-0.77779 0.54549
-0.77735 0.54658
-0.77692 0.54767
-0.77648 0.54876
-0.77605 0.54984
-0.77561 0.55092
-0.77517 0.55200
-0.77473 0.55308
-0.77429 0.55415
-0.77384 0.55522
-0.77339 0.55629
-0.77295 0.55736
-0.77250 0.55842
-0.77205 0.55949
-0.77159 0.56055
-0.77114 0.56160
-0.77068 0.56266
-0.77023 0.56371
-0.76977 0.56476
-0.76930 0.56581
-0.76884 0.56685
-0.76838 0.56789
-0.76791 0.56893
-0.76744 0.56997
-0.76697 0.57101
-0.76650 0.57204
-0.76603 0.57307
-0.76556 0.57410
-0.76508 0.57512
-0.76460 0.57614
-0.76412 0.57716
-0.76364 0.57818
-0.76316 0.57920
-0.76267 0.58021
-0.76219 0.58122
-0.76170 0.58223
-0.76121 0.58324
-0.76072 0.58424
-0.76023 0.58524
-0.75973 0.58624
-0.75923 0.58723
-0.75874 0.58823
-0.75824 0.58922
-0.75773 0.59021
-0.75723 0.59119
-0.75673 0.59218
-0.75622 0.59316
-0.75571 0.59414
-0.75520 0.59512
-0.75469 0.59609
-0.75417 0.59706
-0.75366 0.59803
-0.75314 0.59900
-0.75262 0.59996
-0.75210 0.60093
-0.75158 0.60189
-0.75105 0.60284
-0.75052 0.60380
-0.75000 0.60475
-0.74947 0.60570
-0.74893 0.60665
-0.74840 0.60759
-0.74787 0.60854
-0.74733 0.60948
-0.74679 0.61042
-0.74625 0.61135
-0.74571 0.61228
-0.74516 0.61322
-0.74461 0.61414
-0.74407 0.61507
-0.74352 0.61599
-0.74296 0.61692
-0.74241 0.61784
-0.74186 0.61875
-0.74130 0.61967
-0.74074 0.62058
-0.74018 0.62149
-0.73961 0.62240
-0.73905 0.62330
-0.73848 0.62420
-0.73791 0.62510
-0.73734 0.62600
-0.73677 0.62690
-0.73620 0.62779
-0.73562 0.62868
-0.73504 0.62957
-0.73446 0.63046
-0.73388 0.63134
-0.73330 0.63222
-0.73271 0.63310
-0.73213 0.63398
-0.73154 0.63485
-0.73095 0.63573
-0.73035 0.63660
-0.72976 0.63746
-0.72916 0.63833
-0.72856 0.63919
-0.72796 0.64005
-0.72736 0.64091
-0.72675 0.64177
-0.72615 0.64262
-0.72554 0.64347
-0.72493 0.64432
-0.72432 0.64517
-0.72370 0.64601
-0.72308 0.64685
-0.72247 0.64769
-0.72185 0.64853
-0.72122 0.64937
-0.72060 0.65020
-0.71997 0.65103
-0.71935 0.65186
-0.71872 0.65269
-0.71808 0.65351
-0.71745 0.65433
-0.71681 0.65515
-0.71618 0.65597
-0.71554 0.65678
-0.71489 0.65759
-0.71425 0.65841
-0.71360 0.65921
-0.71296 0.66002
-0.71231 0.66082
-0.71165 0.66162
-0.71100 0.66242
-0.71034 0.66322
-0.70968 0.66401
-0.70902 0.66481
-0.70836 0.66560
-0.70770 0.66639
-0.70703 0.66717
-0.70636 0.66795
-0.70569 0.66874
-0.70502 0.66952
-0.70435 0.67029
-0.70367 0.67107
-0.70299 0.67184
-0.70231 0.67261
-0.70163 0.67338
-0.70094 0.67414
-0.70026 0.67491
-0.69957 0.67567
-0.69888 0.67643
-0.69818 0.67719
-0.69749 0.67794
-0.69679 0.67869
-0.69609 0.67944
-0.69539 0.68019
-0.69469 0.68094
-0.69398 0.68168
-0.69327 0.68242
-0.69256 0.68316
-0.69185 0.68390
-0.69114 0.68464
-0.69042 0.68537
-0.68970 0.68610
-0.68898 0.68683
-0.68826 0.68756
-0.68753 0.68828
-0.68681 0.68900
-0.68608 0.68972
-0.68535 0.69044
-0.68461 0.69116
-0.68388 0.69187
-0.68314 0.69259
-0.68240 0.69330
-0.68166 0.69400
-0.68091 0.69471
-0.68017 0.69541
-0.67942 0.69611
-0.67867 0.69681
-0.67792 0.69751
-0.67716 0.69821
-0.67640 0.69890
-0.67564 0.69959
-0.67488 0.70028
-0.67412 0.70096
-0.67335 0.70165
-0.67258 0.70233
-0.67181 0.70301
-0.67104 0.70369
-0.67027 0.70437
-0.66949 0.70504
-0.66871 0.70571
-0.66793 0.70639
-0.66715 0.70705
-0.66636 0.70772
-0.66557 0.70838
-0.66478 0.70905
-0.66399 0.70971
-0.66319 0.71036
-0.66240 0.71102
-0.66160 0.71167
-0.66080 0.71233
-0.65999 0.71298
-0.65919 0.71362
-0.65838 0.71427
-0.65757 0.71491
-0.65676 0.71556
-0.65594 0.71620
-0.65512 0.71683
-0.65430 0.71747
-0.65348 0.71810
-0.65266 0.71874
-0.65183 0.71937
-0.65100 0.71999
-0.65017 0.72062
-0.64934 0.72124
-0.64850 0.72187
-0.64767 0.72249
-0.64683 0.72310
-0.64598 0.72372
-0.64514 0.72434
-0.64429 0.72495
-0.64344 0.72556
-0.64259 0.72617
-0.64174 0.72677
-0.64088 0.72738
-0.64002 0.72798
-0.63916 0.72858
-0.63830 0.72918
-0.63743 0.72978
-0.63657 0.73037
-0.63570 0.73096
-0.63482 0.73156
-0.63395 0.73214
-0.63307 0.73273
-0.63219 0.73332
-0.63131 0.73390
-0.63043 0.73448
-0.62954 0.73506
-0.62865 0.73564
-0.62776 0.73622
-0.62687 0.73679
-0.62597 0.73736
-0.62508 0.73793
-0.62417 0.73850
-0.62327 0.73907
-0.62237 0.73963
-0.62146 0.74020
-0.62055 0.74076
-0.61964 0.74132
-0.61872 0.74187
-0.61781 0.74243
-0.61689 0.74298
-0.61597 0.74353
-0.61504 0.74408
-0.61411 0.74463
-0.61319 0.74518
-0.61225 0.74572
-0.61132 0.74627
-0.61039 0.74681
-0.60945 0.74735
-0.60851 0.74788
-0.60756 0.74842
-0.60662 0.74895
-0.60567 0.74948
-0.60472 0.75001
-0.60377 0.75054
-0.60281 0.75107
-0.60185 0.75159
-0.60089 0.75212
-0.59993 0.75264
-0.59897 0.75316
-0.59800 0.75367
-0.59703 0.75419
-0.59606 0.75470
-0.59508 0.75522
-0.59411 0.75573
-0.59313 0.75623
-0.59215 0.75674
-0.59116 0.75725
-0.59018 0.75775
-0.58919 0.75825
-0.58820 0.75875
-0.58720 0.75925
-0.58621 0.75975
-0.58521 0.76024
-0.58421 0.76073
-0.58320 0.76123
-0.58220 0.76172
-0.58119 0.76220
-0.58018 0.76269
-0.57917 0.76317
-0.57815 0.76366
-0.57713 0.76414
-0.57611 0.76462
-0.57509 0.76510
-0.57406 0.76557
-0.57304 0.76605
-0.57201 0.76652
-0.57097 0.76699
-0.56994 0.76746
-0.56890 0.76793
-0.56786 0.76839
-0.56682 0.76886
-0.56577 0.76932
-0.56473 0.76978
-0.56368 0.77024
-0.56262 0.77070
-0.56157 0.77115
-0.56051 0.77161
-0.55945 0.77206
-0.55839 0.77251
-0.55733 0.77296
-0.55626 0.77341
-0.55519 0.77386
-0.55412 0.77430
-0.55304 0.77474
-0.55197 0.77518
-0.55089 0.77562
-0.54980 0.77606
-0.54872 0.77650
-0.54763 0.77693
-0.54654 0.77737
-0.54545 0.77780
-0.54436 0.77823
-0.54326 0.77866
-0.54216 0.77908
-0.54106 0.77951
-0.53996 0.77993
-0.53885 0.78036
-0.53774 0.78078
-0.53663 0.78120
-0.53552 0.78161
-0.53440 0.78203
-0.53328 0.78244
-0.53216 0.78286
-0.53104 0.78327
-0.52991 0.78368
-0.52878 0.78409
-0.52765 0.78449
-0.52652 0.78490
-0.52538 0.78530
-0.52425 0.78570
-0.52311 0.78610
-0.52196 0.78650
-0.52082 0.78690
-0.51967 0.78730
-0.51852 0.78769
-0.51736 0.78808
-0.51621 0.78847
-0.51505 0.78886
-0.51389 0.78925
-0.51273 0.78964
-0.51156 0.79002
-0.51040 0.79041
-0.50922 0.79079
-0.50805 0.79117
-0.50688 0.79155
-0.50570 0.79193
-0.50452 0.79230
-0.50334 0.79268
-0.50215 0.79305
-0.50096 0.79342
-0.49977 0.79380
-0.49858 0.79416
-0.49739 0.79453
-0.49619 0.79490
-0.49499 0.79526
-0.49379 0.79563
-0.49258 0.79599
-0.49138 0.79635
-0.49017 0.79671
-0.48896 0.79706
-0.48774 0.79742
-0.48653 0.79777
-0.48531 0.79813
-0.48408 0.79848
-0.48286 0.79883
-0.48163 0.79918
-0.48041 0.79953
-0.47917 0.79987
-0.47794 0.80022
-0.47670 0.80056
-0.47547 0.80090
-0.47423 0.80124
-0.47298 0.80158
-0.47174 0.80192
-0.47049 0.80225
-0.46924 0.80259
-0.46798 0.80292
-0.46673 0.80325
-0.46547 0.80358
-0.46421 0.80391
-0.46295 0.80424
-0.46168 0.80457
-0.46042 0.80489
-0.45915 0.80521
-0.45787 0.80554
-0.45660 0.80586
-0.45532 0.80618
-0.45404 0.80650
-0.45276 0.80681
-0.45148 0.80713
-0.45019 0.80744
-0.44890 0.80775
-0.44761 0.80807
-0.44632 0.80838
-0.44502 0.80868
-0.44372 0.80899
-0.44242 0.80930
-0.44112 0.80960
-0.43982 0.80991
-0.43851 0.81021
-0.43720 0.81051
-0.43589 0.81081
-0.43457 0.81111
-0.43325 0.81140
-0.43193 0.81170
-0.43061 0.81199
-0.42929 0.81228
-0.42796 0.81258
-0.42663 0.81287
-0.42530 0.81315
-0.42397 0.81344
-0.42263 0.81373
-0.42130 0.81401
-0.41996 0.81430
-0.41861 0.81458
-0.41727 0.81486
-0.41592 0.81514
-0.41457 0.81542
-0.41322 0.81570
-0.41187 0.81597
-0.41051 0.81625
-0.40915 0.81652
-0.40779 0.81679
-0.40643 0.81706
-0.40506 0.81733
-0.40369 0.81760
-0.40233 0.81787
-0.40095 0.81813
-0.39958 0.81840
-0.39820 0.81866
-0.39682 0.81892
-0.39544 0.81918
-0.39406 0.81944
-0.39267 0.81970
-0.39129 0.81996
-0.38990 0.82021
-0.38850 0.82047
-0.38711 0.82072
-0.38571 0.82097
-0.38431 0.82123
-0.38291 0.82148
-0.38151 0.82172
-0.38010 0.82197
-0.37870 0.82222
-0.37729 0.82246
-0.37588 0.82271
-0.37446 0.82295
-0.37305 0.82319
-0.37163 0.82343
-0.37021 0.82367
-0.36878 0.82390
-0.36736 0.82414
-0.36593 0.82438
-0.36450 0.82461
-0.36307 0.82484
-0.36164 0.82507
-0.36020 0.82530
-0.35877 0.82553
-0.35733 0.82576
-0.35588 0.82599
-0.35444 0.82621
-0.35299 0.82644
-0.35155 0.82666
-0.35010 0.82688
-0.34864 0.82710
-0.34719 0.82732
-0.34573 0.82754
-0.34428 0.82776
-0.34282 0.82798
-0.34135 0.82819
-0.33989 0.82840
-0.33842 0.82862
-0.33695 0.82883
-0.33548 0.82904
-0.33401 0.82925
-0.33254 0.82946
-0.33106 0.82966
-0.32958 0.82987
-0.32810 0.83007
-0.32662 0.83028
-0.32513 0.83048
-0.32365 0.83068
-0.32216 0.83088
-0.32067 0.83108
-0.31918 0.83128
-0.31768 0.83147
-0.31619 0.83167
-0.31469 0.83186
-0.31319 0.83206
-0.31169 0.83225
-0.31018 0.83244
-0.30868 0.83263
-0.30717 0.83282
-0.30566 0.83301
-0.30415 0.83319
-0.30264 0.83338
-0.30112 0.83356
-0.29960 0.83375
-0.29809 0.83393
-0.29657 0.83411
-0.29504 0.83429
-0.29352 0.83447
-0.29199 0.83465
-0.29046 0.83482
-0.28893 0.83500
-0.28740 0.83517
-0.28587 0.83535
-0.28434 0.83552
-0.28280 0.83569
-0.28126 0.83586
-0.27972 0.83603
-0.27818 0.83620
-0.27663 0.83636
-0.27509 0.83653
-0.27354 0.83669
-0.27199 0.83686
-0.27044 0.83702
-0.26889 0.83718
-0.26733 0.83734
-0.26578 0.83750
-0.26422 0.83766
-0.26266 0.83782
-0.26110 0.83797
-0.25954 0.83813
-0.25797 0.83828
-0.25641 0.83843
-0.25484 0.83859
-0.25327 0.83874
-0.25170 0.83889
-0.25013 0.83903
-0.24855 0.83918
-0.24698 0.83933
-0.24540 0.83947
-0.24382 0.83962
-0.24224 0.83976
-0.24066 0.83990
-0.23908 0.84005
-0.23749 0.84019
-0.23591 0.84033
-0.23432 0.84046
-0.23273 0.84060
-0.23114 0.84074
-0.22955 0.84087
-0.22795 0.84101
-0.22636 0.84114
-0.22476 0.84127
-0.22316 0.84140
-0.22156 0.84153
-0.21996 0.84166
-0.21836 0.84179
-0.21676 0.84191
-0.21515 0.84204
-0.21354 0.84216
-0.21193 0.84229
-0.21032 0.84241
-0.20871 0.84253
-0.20710 0.84265
-0.20549 0.84277
-0.20387 0.84289
-0.20226 0.84301
-0.20064 0.84313
-0.19902 0.84324
-0.19740 0.84336
-0.19578 0.84347
-0.19415 0.84358
-0.19253 0.84369
-0.19091 0.84380
-0.18928 0.84391
-0.18765 0.84402
-0.18602 0.84413
-0.18439 0.84424
-0.18276 0.84434
-0.18113 0.84444
-0.17949 0.84455
-0.17786 0.84465
-0.17622 0.84475
-0.17458 0.84485
-0.17294 0.84495
-0.17130 0.84505
-0.16966 0.84515
-0.16802 0.84524
-0.16638 0.84534
-0.16473 0.84543
-0.16309 0.84553
-0.16144 0.84562
-0.15979 0.84571
-0.15814 0.84580
-0.15649 0.84589
-0.15484 0.84598
-0.15319 0.84607
-0.15154 0.84615
-0.14988 0.84624
-0.14823 0.84632
-0.14657 0.84641
-0.14492 0.84649
-0.14326 0.84657
-0.14160 0.84665
-0.13994 0.84673
-0.13828 0.84681
-0.13662 0.84689
-0.13496 0.84697
-0.13329 0.84704
-0.13163 0.84712
-0.12996 0.84719
-0.12830 0.84726
-0.12663 0.84734
-0.12496 0.84741
-0.12329 0.84748
-0.12162 0.84755
-0.11995 0.84761
-0.11828 0.84768
-0.11661 0.84775
-0.11494 0.84781
-0.11326 0.84788
-0.11159 0.84794
-0.10991 0.84800
-0.10824 0.84806
-0.10656 0.84812
-0.10488 0.84818
-0.10320 0.84824
-0.10153 0.84830
-0.09985 0.84835
-0.09817 0.84841
-0.09649 0.84846
-0.09480 0.84852
-0.09312 0.84857
-0.09144 0.84862
-0.08976 0.84867
-0.08807 0.84872
-0.08639 0.84877
-0.08470 0.84882
-0.08302 0.84887
-0.08133 0.84891
-0.07964 0.84896
-0.07796 0.84900
-0.07627 0.84904
-0.07458 0.84909
-0.07289 0.84913
-0.07120 0.84917
-0.06951 0.84921
-0.06782 0.84925
-0.06613 0.84928
-0.06444 0.84932
-0.06275 0.84935
-0.06105 0.84939
-0.05936 0.84942
-0.05767 0.84946
-0.05598 0.84949
-0.05428 0.84952
-0.05259 0.84955
-0.05089 0.84958
-0.04920 0.84960
-0.04750 0.84963
-0.04581 0.84966
-0.04411 0.84968
-0.04241 0.84971
-0.04072 0.84973
-0.03902 0.84975
-0.03732 0.84977
-0.03563 0.84979
-0.03393 0.84981
-0.03223 0.84983
-0.03053 0.84985
-0.02884 0.84986
-0.02714 0.84988
-0.02544 0.84989
-0.02374 0.84991
-0.02204 0.84992
-0.02034 0.84993
-0.01864 0.84994
-0.01694 0.84995
-0.01524 0.84996
-0.01354 0.84997
-0.01184 0.84998
-0.01014 0.84998
-0.00844 0.84999
-0.00675 0.84999
-0.00505 0.85000
-0.00335 0.85000
-0.00165 0.85000
0.00005 0.85000
0.00175 0.85000
0.00345 0.85000
0.00515 0.85000
0.00685 0.84999
0.00855 0.84999
0.01025 0.84998
0.01195 0.84998
0.01365 0.84997
0.01535 0.84996
0.01705 0.84995
0.01875 0.84994
0.02045 0.84993
0.02215 0.84992
0.02385 0.84991
0.02555 0.84989
0.02725 0.84988
0.02895 0.84986
0.03064 0.84985
0.03234 0.84983
0.03404 0.84981
0.03574 0.84979
0.03743 0.84977
0.03913 0.84975
0.04083 0.84973
0.04252 0.84970
0.04422 0.84968
0.04592 0.84966
0.04761 0.84963
0.04931 0.84960
0.05100 0.84957
0.05270 0.84955
0.05439 0.84952
0.05608 0.84948
0.05778 0.84945
0.05947 0.84942
0.06116 0.84939
0.06286 0.84935
0.06455 0.84932
0.06624 0.84928
0.06793 0.84924
0.06962 0.84920
0.07131 0.84917
0.07300 0.84913
0.07469 0.84908
0.07638 0.84904
0.07806 0.84900
0.07975 0.84895
0.08144 0.84891
0.08313 0.84886
0.08481 0.84882
0.08650 0.84877
0.08818 0.84872
0.08986 0.84867
0.09155 0.84862
0.09323 0.84857
0.09491 0.84851
0.09659 0.84846
0.09828 0.84841
0.09996 0.84835
0.10163 0.84829
0.10331 0.84824
0.10499 0.84818
0.10667 0.84812
0.10835 0.84806
0.11002 0.84800
0.11170 0.84794
0.11337 0.84787
0.11504 0.84781
0.11672 0.84774
0.11839 0.84768
0.12006 0.84761
0.12173 0.84754
0.12340 0.84747
0.12507 0.84740
0.12674 0.84733
0.12840 0.84726
0.13007 0.84719
0.13173 0.84711
0.13340 0.84704
0.13506 0.84696
0.13673 0.84688
0.13839 0.84681
0.14005 0.84673
0.14171 0.84665
0.14337 0.84657
0.14502 0.84649
0.14668 0.84640
0.14834 0.84632
0.14999 0.84623
0.15165 0.84615
0.15330 0.84606
0.15495 0.84597
0.15660 0.84589
0.15825 0.84580
0.15990 0.84571
0.16155 0.84561
0.16319 0.84552
0.16484 0.84543
0.16648 0.84533
0.16813 0.84524
0.16977 0.84514
0.17141 0.84504
0.17305 0.84495
0.17469 0.84485
0.17633 0.84475
0.17796 0.84464
0.17960 0.84454
0.18123 0.84444
0.18286 0.84433
0.18450 0.84423
0.18613 0.84412
0.18776 0.84401
0.18938 0.84391
0.19101 0.84380
0.19264 0.84369
0.19426 0.84357
0.19588 0.84346
0.19750 0.84335
0.19912 0.84323
0.20074 0.84312
0.20236 0.84300
0.20398 0.84288
0.20559 0.84277
0.20721 0.84265
0.20882 0.84252
0.21043 0.84240
0.21204 0.84228
0.21365 0.84216
0.21525 0.84203
0.21686 0.84191
0.21846 0.84178
0.22006 0.84165
0.22167 0.84152
0.22327 0.84139
0.22486 0.84126
0.22646 0.84113
0.22806 0.84100
0.22965 0.84086
0.23124 0.84073
0.23283 0.84059
0.23442 0.84045
0.23601 0.84032
0.23760 0.84018
0.23918 0.84004
0.24076 0.83990
0.24235 0.83975
0.24393 0.83961
0.24550 0.83947
0.24708 0.83932
0.24866 0.83917
0.25023 0.83903
0.25180 0.83888
0.25337 0.83873
0.25494 0.83858
0.25651 0.83842
0.25808 0.83827
0.25964 0.83812
0.26120 0.83796
0.26276 0.83781
0.26432 0.83765
0.26588 0.83749
0.26743 0.83733
0.26899 0.83717
0.27054 0.83701
0.27209 0.83685
0.27364 0.83668
0.27519 0.83652
0.27673 0.83635
0.27828 0.83619
0.27982 0.83602
0.28136 0.83585
0.28290 0.83568
0.28443 0.83551
0.28597 0.83534
0.28750 0.83516
0.28903 0.83499
0.29056 0.83481
0.29209 0.83464
0.29362 0.83446
0.29514 0.83428
0.29666 0.83410
0.29818 0.83392
0.29970 0.83374
0.30122 0.83355
0.30273 0.83337
0.30425 0.83318
0.30576 0.83300
0.30727 0.83281
0.30878 0.83262
0.31028 0.83243
0.31178 0.83224
0.31329 0.83205
0.31479 0.83185
0.31628 0.83166
0.31778 0.83146
0.31927 0.83127
0.32077 0.83107
0.32226 0.83087
0.32374 0.83067
0.32523 0.83047
0.32671 0.83026
0.32820 0.83006
0.32968 0.82986
0.33116 0.82965
0.33263 0.82944
0.33411 0.82924
0.33558 0.82903
0.33705 0.82882
0.33852 0.82860
0.33998 0.82839
0.34145 0.82818
0.34291 0.82796
0.34437 0.82775
0.34583 0.82753
0.34728 0.82731
0.34874 0.82709
0.35019 0.82687
0.35164 0.82665
0.35309 0.82642
0.35453 0.82620
0.35598 0.82597
0.35742 0.82575
0.35886 0.82552
0.36030 0.82529
0.36173 0.82506
0.36316 0.82483
0.36460 0.82459
0.36602 0.82436
0.36745 0.82413
0.36888 0.82389
0.37030 0.82365
0.37172 0.82341
0.37314 0.82317
0.37455 0.82293
0.37597 0.82269
0.37738 0.82245
0.37879 0.82220
0.38020 0.82195
0.38160 0.82171
0.38300 0.82146
0.38440 0.82121
0.38580 0.82096
0.38720 0.82071
0.38859 0.82045
0.38999 0.82020
0.39138 0.81994
0.39276 0.81969
0.39415 0.81943
0.39553 0.81917
0.39691 0.81891
0.39829 0.81864
0.39967 0.81838
0.40104 0.81812
0.40241 0.81785
0.40378 0.81758
0.40515 0.81731
0.40652 0.81705
0.40788 0.81677
0.40924 0.81650
0.41060 0.81623
0.41195 0.81595
0.41331 0.81568
0.41466 0.81540
0.41601 0.81512
0.41736 0.81484
0.41870 0.81456
0.42004 0.81428
0.42138 0.81400
0.42272 0.81371
0.42406 0.81342
0.42539 0.81314
0.42672 0.81285
0.42805 0.81256
0.42937 0.81227
0.43070 0.81197
0.43202 0.81168
0.43334 0.81138
0.43466 0.81109
0.43597 0.81079
0.43728 0.81049
0.43859 0.81019
0.43990 0.80989
0.44121 0.80958
0.44251 0.80928
0.44381 0.80897
0.44511 0.80866
0.44640 0.80836
0.44770 0.80805
0.44899 0.80773
0.45028 0.80742
0.45156 0.80711
0.45285 0.80679
0.45413 0.80648
0.45541 0.80616
0.45668 0.80584
0.45796 0.80552
0.45923 0.80519
0.46050 0.80487
0.46177 0.80455
0.46303 0.80422
0.46429 0.80389
0.46555 0.80356
0.46681 0.80323
0.46807 0.80290
0.46932 0.80257
0.47057 0.80223
0.47182 0.80190
0.47306 0.80156
0.47431 0.80122
0.47555 0.80088
0.47678 0.80054
0.47802 0.80019
0.47925 0.79985
0.48049 0.79950
0.48171 0.79916
0.48294 0.79881
0.48416 0.79846
0.48539 0.79810
0.48660 0.79775
0.48782 0.79740
0.48903 0.79704
0.49025 0.79668
0.49146 0.79632
0.49266 0.79596
0.49387 0.79560
0.49507 0.79524
0.49627 0.79487
0.49746 0.79451
0.49866 0.79414
0.49985 0.79377
0.50104 0.79340
0.50223 0.79303
0.50341 0.79266
0.50460 0.79228
0.50578 0.79190
0.50695 0.79153
0.50813 0.79115
0.50930 0.79077
0.51047 0.79038
0.51164 0.79000
0.51280 0.78961
0.51397 0.78923
0.51513 0.78884
0.51628 0.78845
0.51744 0.78806
0.51859 0.78766
0.51974 0.78727
0.52089 0.78687
0.52204 0.78648
0.52318 0.78608
0.52432 0.78568
0.52546 0.78527
0.52659 0.78487
0.52773 0.78447
0.52886 0.78406
0.52999 0.78365
0.53111 0.78324
0.53224 0.78283
0.53336 0.78242
0.53447 0.78200
0.53559 0.78159
0.53670 0.78117
0.53782 0.78075
0.53892 0.78033
0.54003 0.77991
0.54113 0.77948
0.54223 0.77906
0.54333 0.77863
0.54443 0.77820
0.54552 0.77777
0.54662 0.77734
0.54770 0.77691
0.54879 0.77647
0.54987 0.77603
0.55096 0.77560
0.55204 0.77516
0.55311 0.77471
0.55419 0.77427
0.55526 0.77383
0.55633 0.77338
0.55739 0.77293
0.55846 0.77248
0.55952 0.77203
0.56058 0.77158
0.56164 0.77112
0.56269 0.77067
0.56374 0.77021
0.56479 0.76975
0.56584 0.76929
0.56688 0.76883
0.56793 0.76836
0.56897 0.76790
0.57000 0.76743
0.57104 0.76696
0.57207 0.76649
0.57310 0.76602
0.57413 0.76554
0.57515 0.76506
0.57618 0.76459
0.57720 0.76411
0.57822 0.76363
0.57923 0.76314
0.58024 0.76266
0.58125 0.76217
0.58226 0.76168
0.58327 0.76119
0.58427 0.76070
0.58527 0.76021
0.58627 0.75971
0.58727 0.75922
0.58826 0.75872
0.58925 0.75822
0.59024 0.75772
0.59123 0.75721
0.59221 0.75671
0.59319 0.75620
0.59417 0.75569
0.59515 0.75518
0.59612 0.75467
0.59709 0.75416
0.59806 0.75364
0.59903 0.75312
0.59999 0.75260
0.60096 0.75208
0.60192 0.75156
0.60287 0.75103
0.60383 0.75051
0.60478 0.74998
0.60573 0.74945
0.60668 0.74892
0.60762 0.74838
0.60857 0.74785
0.60951 0.74731
0.61045 0.74677
0.61138 0.74623
0.61231 0.74569
0.61325 0.74514
0.61417 0.74460
0.61510 0.74405
0.61602 0.74350
0.61695 0.74295
0.61787 0.74239
0.61878 0.74184
0.61970 0.74128
0.62061 0.74072
0.62152 0.74016
0.62243 0.73960
0.62333 0.73903
0.62423 0.73846
0.62513 0.73790
0.62603 0.73733
0.62693 0.73675
0.62782 0.73618
0.62871 0.73560
0.62960 0.73503
0.63049 0.73445
0.63137 0.73386
0.63225 0.73328
0.63313 0.73269
0.63401 0.73211
0.63488 0.73152
0.63575 0.73093
0.63662 0.73033
0.63749 0.72974
0.63836 0.72914
0.63922 0.72854
0.64008 0.72794
0.64094 0.72734
0.64179 0.72673
0.64265 0.72613
0.64350 0.72552
0.64435 0.72491
0.64519 0.72430
0.64604 0.72368
0.64688 0.72306
0.64772 0.72245
0.64856 0.72183
0.64939 0.72120
0.65023 0.72058
0.65106 0.71995
0.65189 0.71933
0.65271 0.71870
0.65354 0.71806
0.65436 0.71743
0.65518 0.71679
0.65599 0.71615
0.65681 0.71551
0.65762 0.71487
0.65843 0.71423
0.65924 0.71358
0.66005 0.71293
0.66085 0.71228
0.66165 0.71163
0.66245 0.71098
0.66325 0.71032
0.66404 0.70966
0.66483 0.70900
0.66562 0.70834
0.66641 0.70768
0.66720 0.70701
0.66798 0.70634
0.66876 0.70567
0.66954 0.70500
0.67032 0.70432
0.67109 0.70365
0.67186 0.70297
0.67263 0.70229
0.67340 0.70161
0.67417 0.70092
0.67493 0.70023
0.67569 0.69954
0.67645 0.69885
0.67721 0.69816
0.67796 0.69747
0.67872 0.69677
0.67947 0.69607
0.68022 0.69537
0.68096 0.69466
0.68171 0.69396
0.68245 0.69325
0.68319 0.69254
0.68393 0.69183
0.68466 0.69111
0.68539 0.69040
0.68612 0.68968
0.68685 0.68896
0.68758 0.68824
0.68831 0.68751
0.68903 0.68678
0.68975 0.68605
0.69047 0.68532
0.69118 0.68459
0.69190 0.68385
0.69261 0.68312
0.69332 0.68238
0.69403 0.68163
0.69473 0.68089
0.69543 0.68014
0.69614 0.67939
0.69684 0.67864
0.69753 0.67789
0.69823 0.67714
0.69892 0.67638
0.69961 0.67562
0.70030 0.67486
0.70099 0.67409
0.70167 0.67333
0.70235 0.67256
0.70303 0.67179
0.70371 0.67102
0.70439 0.67024
0.70506 0.66947
0.70574 0.66869
0.70641 0.66790
0.70707 0.66712
0.70774 0.66633
0.70841 0.66555
0.70907 0.66476
0.70973 0.66396
0.71039 0.66317
0.71104 0.66237
0.71170 0.66157
0.71235 0.66077
0.71300 0.65997
0.71365 0.65916
0.71429 0.65835
0.71493 0.65754
0.71558 0.65673
0.71622 0.65591
0.71685 0.65510
0.71749 0.65428
0.71812 0.65346
0.71876 0.65263
0.71939 0.65181
0.72001 0.65098
0.72064 0.65015
0.72126 0.64931
0.72189 0.64848
0.72251 0.64764
0.72312 0.64680
0.72374 0.64596
0.72436 0.64511
0.72497 0.64427
0.72558 0.64342
0.72619 0.64256
0.72679 0.64171
0.72740 0.64085
0.72800 0.64000
0.72860 0.63914
0.72920 0.63827
0.72980 0.63741
0.73039 0.63654
0.73098 0.63567
0.73157 0.63480
0.73216 0.63392
0.73275 0.63304
0.73334 0.63217
0.73392 0.63128
0.73450 0.63040
0.73508 0.62951
0.73566 0.62862
0.73623 0.62773
0.73681 0.62684
0.73738 0.62594
0.73795 0.62505
0.73852 0.62415
0.73909 0.62324
0.73965 0.62234
0.74021 0.62143
0.74077 0.62052
0.74133 0.61961
0.74189 0.61869
0.74245 0.61778
0.74300 0.61686
0.74355 0.61594
0.74410 0.61501
0.74465 0.61408
0.74520 0.61316
0.74574 0.61222
0.74628 0.61129
0.74682 0.61035
0.74736 0.60942
0.74790 0.60848
0.74844 0.60753
0.74897 0.60659
0.74950 0.60564
0.75003 0.60469
0.75056 0.60374
0.75108 0.60278
0.75161 0.60182
0.75213 0.60086
0.75265 0.59990
0.75317 0.59894
0.75369 0.59797
0.75421 0.59700
0.75472 0.59603
0.75523 0.59505
0.75574 0.59408
0.75625 0.59310
0.75676 0.59212
0.75726 0.59113
0.75777 0.59014
0.75827 0.58916
0.75877 0.58816
0.75927 0.58717
0.75976 0.58617
0.76026 0.58518
0.76075 0.58417
0.76124 0.58317
0.76173 0.58217
0.76222 0.58116
0.76271 0.58015
0.76319 0.57913
0.76367 0.57812
0.76415 0.57710
0.76463 0.57608
0.76511 0.57506
0.76559 0.57403
0.76606 0.57300
0.76653 0.57197
0.76700 0.57094
0.76747 0.56990
0.76794 0.56887
0.76841 0.56783
0.76887 0.56678
0.76933 0.56574
0.76980 0.56469
0.77025 0.56364
0.77071 0.56259
0.77117 0.56153
0.77162 0.56048
0.77208 0.55942
0.77253 0.55836
0.77298 0.55729
0.77342 0.55622
0.77387 0.55515
0.77431 0.55408
0.77476 0.55301
0.77520 0.55193
0.77564 0.55085
0.77608 0.54977
0.77651 0.54869
0.77695 0.54760
0.77738 0.54651
0.77781 0.54542
0.77824 0.54432
0.77867 0.54323
0.77910 0.54213
0.77952 0.54103
0.77995 0.53992
0.78037 0.53882
0.78079 0.53771
0.78121 0.53660
0.78163 0.53548
0.78204 0.53437
0.78246 0.53325
0.78287 0.53213
0.78328 0.53100
0.78369 0.52988
0.78410 0.52875
0.78451 0.52762
0.78491 0.52648
0.78531 0.52535
0.78572 0.52421
0.78612 0.52307
0.78652 0.52193
0.78691 0.52078
0.78731 0.51963
0.78770 0.51848
0.78810 0.51733
0.78849 0.51617
0.78888 0.51501
0.78926 0.51385
0.78965 0.51269
0.79004 0.51153
0.79042 0.51036
0.79080 0.50919
0.79118 0.50801
0.79156 0.50684
0.79194 0.50566
0.79232 0.50448
0.79269 0.50330
0.79306 0.50211
0.79344 0.50093
0.79381 0.49974
0.79418 0.49854
0.79454 0.49735
0.79491 0.49615
0.79527 0.49495
0.79564 0.49375
0.79600 0.49255
0.79636 0.49134
0.79672 0.49013
0.79708 0.48892
0.79743 0.48770
0.79779 0.48649
0.79814 0.48527
0.79849 0.48405
0.79884 0.48282
0.79919 0.48160
0.79954 0.48037
0.79988 0.47913
0.80023 0.47790
0.80057 0.47666
0.80091 0.47543
0.80125 0.47419
0.80159 0.47294
0.80193 0.47170
0.80226 0.47045
0.80260 0.46920
0.80293 0.46794
0.80326 0.46669
0.80359 0.46543
0.80392 0.46417
0.80425 0.46291
0.80458 0.46164
0.80490 0.46038
0.80523 0.45911
0.80555 0.45783
0.80587 0.45656
0.80619 0.45528
0.80651 0.45400
0.80682 0.45272
0.80714 0.45144
0.80745 0.45015
0.80776 0.44886
0.80808 0.44757
0.80839 0.44628
0.80869 0.44498
0.80900 0.44368
0.80931 0.44238
0.80961 0.44108
0.80992 0.43977
0.81022 0.43847
0.81052 0.43716
0.81082 0.43584
0.81112 0.43453
0.81141 0.43321
0.81171 0.43189
0.81200 0.43057
0.81229 0.42925
0.81259 0.42792
0.81288 0.42659
0.81316 0.42526
0.81345 0.42393
0.81374 0.42259
0.81402 0.42125
0.81431 0.41991
0.81459 0.41857
0.81487 0.41723
0.81515 0.41588
0.81543 0.41453
0.81570 0.41318
0.81598 0.41182
0.81626 0.41047
0.81653 0.40911
0.81680 0.40775
0.81707 0.40638
0.81734 0.40502
0.81761 0.40365
0.81788 0.40228
0.81814 0.40091
0.81841 0.39953
0.81867 0.39816
0.81893 0.39678
0.81919 0.39540
0.81945 0.39401
0.81971 0.39263
0.81997 0.39124
0.82022 0.38985
0.82048 0.38846
0.82073 0.38706
0.82098 0.38567
0.82123 0.38427
0.82148 0.38287
0.82173 0.38146
0.82198 0.38006
0.82222 0.37865
0.82247 0.37724
0.82271 0.37583
0.82296 0.37442
0.82320 0.37300
0.82344 0.37158
0.82367 0.37016
0.82391 0.36874
0.82415 0.36731
0.82438 0.36589
0.82462 0.36446
0.82485 0.36303
0.82508 0.36159
0.82531 0.36016
0.82554 0.35872
0.82577 0.35728
0.82600 0.35584
0.82622 0.35439
0.82645 0.35295
0.82667 0.35150
0.82689 0.35005
0.82711 0.34860
0.82733 0.34714
0.82755 0.34569
0.82777 0.34423
0.82798 0.34277
0.82820 0.34131
0.82841 0.33984
0.82862 0.33838
0.82884 0.33691
0.82905 0.33544
0.82926 0.33396
0.82946 0.33249
0.82967 0.33101
0.82988 0.32953
0.83008 0.32805
0.83028 0.32657
0.83049 0.32509
0.83069 0.32360
0.83089 0.32211
0.83109 0.32062
0.83128 0.31913
0.83148 0.31763
0.83168 0.31614
0.83187 0.31464
0.83206 0.31314
0.83226 0.31164
0.83245 0.31013
0.83264 0.30863
0.83283 0.30712
0.83301 0.30561
0.83320 0.30410
0.83339 0.30259
0.83357 0.30107
0.83375 0.29956
0.83394 0.29804
0.83412 0.29652
0.83430 0.29499
0.83447 0.29347
0.83465 0.29194
0.83483 0.29042
0.83500 0.28889
0.83518 0.28735
0.83535 0.28582
0.83552 0.28429
0.83570 0.28275
0.83587 0.28121
0.83603 0.27967
0.83620 0.27813
0.83637 0.27658
0.83653 0.27504
0.83670 0.27349
0.83686 0.27194
0.83703 0.27039
0.83719 0.26884
0.83735 0.26728
0.83751 0.26573
0.83766 0.26417
0.83782 0.26261
0.83798 0.26105
0.83813 0.25949
0.83829 0.25792
0.83844 0.25636
0.83859 0.25479
0.83874 0.25322
0.83889 0.25165
0.83904 0.25008
0.83919 0.24850
0.83933 0.24693
0.83948 0.24535
0.83962 0.24377
0.83977 0.24219
0.83991 0.24061
0.84005 0.23903
0.84019 0.23744
0.84033 0.23586
0.84047 0.23427
0.84060 0.23268
0.84074 0.23109
0.84088 0.22950
0.84101 0.22790
0.84114 0.22631
0.84127 0.22471
0.84141 0.22311
0.84154 0.22151
0.84166 0.21991
0.84179 0.21831
0.84192 0.21670
0.84204 0.21510
0.84217 0.21349
0.84229 0.21188
0.84241 0.21027
0.84254 0.20866
0.84266 0.20705
0.84278 0.20544
0.84290 0.20382
0.84301 0.20220
0.84313 0.20059
0.84324 0.19897
0.84336 0.19735
0.84347 0.19573
0.84358 0.19410
0.84370 0.19248
0.84381 0.19085
0.84392 0.18923
0.84402 0.18760
0.84413 0.18597
0.84424 0.18434
0.84434 0.18271
0.84445 0.18107
0.84455 0.17944
0.84465 0.17780
0.84476 0.17617
0.84486 0.17453
0.84496 0.17289
0.84505 0.17125
0.84515 0.16961
0.84525 0.16797
0.84534 0.16632
0.84544 0.16468
0.84553 0.16303
0.84562 0.16139
0.84571 0.15974
0.84581 0.15809
0.84589 0.15644
0.84598 0.15479
0.84607 0.15314
0.84616 0.15149
0.84624 0.14983
0.84633 0.14818
0.84641 0.14652
0.84649 0.14486
0.84658 0.14321
0.84666 0.14155
0.84674 0.13989
0.84681 0.13823
0.84689 0.13656
0.84697 0.13490
0.84704 0.13324
0.84712 0.13157
0.84719 0.12991
0.84727 0.12824
0.84734 0.12658
0.84741 0.12491
0.84748 0.12324
0.84755 0.12157
0.84762 0.11990
0.84768 0.11823
0.84775 0.11655
0.84781 0.11488
0.84788 0.11321
0.84794 0.11153
0.84800 0.10986
0.84806 0.10818
0.84813 0.10651
0.84818 0.10483
0.84824 0.10315
0.84830 0.10147
0.84836 0.09979
0.84841 0.09811
0.84847 0.09643
0.84852 0.09475
0.84857 0.09307
0.84862 0.09139
0.84867 0.08970
0.84872 0.08802
0.84877 0.08633
0.84882 0.08465
0.84887 0.08296
0.84891 0.08128
0.84896 0.07959
0.84900 0.07790
0.84905 0.07621
0.84909 0.07453
0.84913 0.07284
0.84917 0.07115
0.84921 0.06946
0.84925 0.06777
0.84928 0.06608
0.84932 0.06438
0.84936 0.06269
0.84939 0.06100
0.84942 0.05931
0.84946 0.05761
0.84949 0.05592
0.84952 0.05423
0.84955 0.05253
0.84958 0.05084
0.84960 0.04914
0.84963 0.04745
0.84966 0.04575
0.84968 0.04406
0.84971 0.04236
0.84973 0.04066
0.84975 0.03897
0.84977 0.03727
0.84979 0.03557
0.84981 0.03387
0.84983 0.03218
0.84985 0.03048
0.84986 0.02878
0.84988 0.02708
0.84989 0.02538
0.84991 0.02369
0.84992 0.02199
0.84993 0.02029
0.84994 0.01859
0.84995 0.01689
0.84996 0.01519
0.84997 0.01349
0.84998 0.01179
0.84998 0.01009
0.84999 0.00839
0.84999 0.00669
0.85000 0.00499
0.85000 0.00329
0.85000 0.00159
0.85000 -0.00011
