-0.90000 0.00000 0.00000 1.00000
-0.90000 0.00180 0.00038 1.00000
-0.90000 0.00360 0.00076 1.00000
-0.90000 0.00540 0.00114 1.00000
-0.89999 0.00720 0.00152 1.00000
-0.89999 0.00900 0.00190 1.00000
-0.89999 0.01080 0.00228 1.00000
-0.89998 0.01260 0.00266 1.00000
-0.89998 0.01440 0.00304 1.00000
-0.89997 0.01620 0.00342 0.99999
-0.89997 0.01800 0.00380 0.99999
-0.89996 0.01980 0.00418 0.99999
-0.89995 0.02160 0.00456 0.99999
-0.89994 0.02340 0.00494 0.99999
-0.89993 0.02519 0.00533 0.99999
-0.89992 0.02699 0.00571 0.99998
-0.89991 0.02879 0.00609 0.99998
-0.89990 0.03059 0.00647 0.99998
-0.89989 0.03239 0.00685 0.99998
-0.89988 0.03419 0.00723 0.99997
-0.89986 0.03598 0.00762 0.99997
-0.89985 0.03778 0.00800 0.99997
-0.89983 0.03958 0.00838 0.99996
-0.89982 0.04137 0.00877 0.99996
-0.89980 0.04317 0.00915 0.99996
-0.89979 0.04497 0.00953 0.99995
-0.89977 0.04676 0.00992 0.99995
-0.89975 0.04856 0.01030 0.99995
-0.89973 0.05035 0.01069 0.99994
-0.89971 0.05215 0.01107 0.99994
-0.89969 0.05394 0.01146 0.99993
-0.89967 0.05574 0.01184 0.99993
-0.89965 0.05753 0.01223 0.99993
-0.89963 0.05932 0.01262 0.99992
-0.89960 0.06111 0.01300 0.99992
-0.89958 0.06291 0.01339 0.99991
-0.89956 0.06470 0.01378 0.99991
-0.89953 0.06649 0.01417 0.99990
-0.89951 0.06828 0.01456 0.99989
-0.89948 0.07007 0.01495 0.99989
-0.89945 0.07186 0.01534 0.99988
-0.89942 0.07365 0.01573 0.99988
-0.89940 0.07544 0.01612 0.99987
-0.89937 0.07723 0.01651 0.99986
-0.89934 0.07902 0.01690 0.99986
-0.89931 0.08080 0.01729 0.99985
-0.89927 0.08259 0.01769 0.99984
-0.89924 0.08438 0.01808 0.99984
-0.89921 0.08616 0.01848 0.99983
-0.89918 0.08795 0.01887 0.99982
-0.89914 0.08973 0.01927 0.99981
-0.89911 0.09151 0.01966 0.99981
-0.89907 0.09330 0.02006 0.99980
-0.89904 0.09508 0.02046 0.99979
-0.89900 0.09686 0.02086 0.99978
-0.89896 0.09864 0.02125 0.99977
-0.89892 0.10042 0.02165 0.99977
-0.89889 0.10220 0.02206 0.99976
-0.89885 0.10398 0.02246 0.99975
-0.89881 0.10576 0.02286 0.99974
-0.89876 0.10753 0.02326 0.99973
-0.89872 0.10931 0.02366 0.99972
-0.89868 0.11109 0.02407 0.99971
-0.89864 0.11286 0.02447 0.99970
-0.89859 0.11463 0.02488 0.99969
-0.89855 0.11641 0.02529 0.99968
-0.89850 0.11818 0.02570 0.99967
-0.89846 0.11995 0.02610 0.99966
-0.89841 0.12172 0.02651 0.99965
-0.89836 0.12349 0.02692 0.99964
-0.89832 0.12526 0.02733 0.99963
-0.89827 0.12703 0.02775 0.99961
-0.89822 0.12880 0.02816 0.99960
-0.89817 0.13056 0.02857 0.99959
-0.89812 0.13233 0.02899 0.99958
-0.89807 0.13409 0.02940 0.99957
-0.89801 0.13585 0.02982 0.99956
-0.89796 0.13762 0.03024 0.99954
-0.89791 0.13938 0.03066 0.99953
-0.89785 0.14114 0.03108 0.99952
-0.89780 0.14290 0.03150 0.99950
-0.89774 0.14466 0.03192 0.99949
-0.89768 0.14641 0.03235 0.99948
-0.89763 0.14817 0.03277 0.99946
-0.89757 0.14993 0.03319 0.99945
-0.89751 0.15168 0.03362 0.99943
-0.89745 0.15343 0.03405 0.99942
-0.89739 0.15519 0.03448 0.99941
-0.89733 0.15694 0.03491 0.99939
-0.89727 0.15869 0.03534 0.99938
-0.89721 0.16043 0.03577 0.99936
-0.89714 0.16218 0.03620 0.99934
-0.89708 0.16393 0.03664 0.99933
-0.89702 0.16567 0.03708 0.99931
-0.89695 0.16742 0.03751 0.99930
-0.89689 0.16916 0.03795 0.99928
-0.89682 0.17090 0.03839 0.99926
-0.89675 0.17264 0.03883 0.99925
-0.89668 0.17438 0.03927 0.99923
-0.89661 0.17612 0.03972 0.99921
-0.89655 0.17786 0.04016 0.99919
-0.89648 0.17959 0.04061 0.99918
-0.89640 0.18133 0.04106 0.99916
-0.89633 0.18306 0.04151 0.99914
-0.89626 0.18479 0.04196 0.99912
-0.89619 0.18652 0.04241 0.99910
-0.89611 0.18825 0.04286 0.99908
-0.89604 0.18998 0.04332 0.99906
-0.89596 0.19171 0.04377 0.99904
-0.89589 0.19343 0.04423 0.99902
-0.89581 0.19516 0.04469 0.99900
-0.89573 0.19688 0.04515 0.99898
-0.89566 0.19860 0.04561 0.99896
-0.89558 0.20032 0.04608 0.99894
-0.89550 0.20204 0.04654 0.99892
-0.89542 0.20376 0.04701 0.99889
-0.89533 0.20547 0.04748 0.99887
-0.89525 0.20719 0.04795 0.99885
-0.89517 0.20890 0.04842 0.99883
-0.89509 0.21061 0.04889 0.99880
-0.89500 0.21232 0.04937 0.99878
-0.89492 0.21403 0.04985 0.99876
-0.89483 0.21574 0.05033 0.99873
-0.89475 0.21744 0.05081 0.99871
-0.89466 0.21915 0.05129 0.99868
-0.89457 0.22085 0.05177 0.99866
-0.89448 0.22255 0.05226 0.99863
-0.89439 0.22425 0.05274 0.99861
-0.89430 0.22595 0.05323 0.99858
-0.89421 0.22765 0.05372 0.99856
-0.89412 0.22934 0.05422 0.99853
-0.89403 0.23103 0.05471 0.99850
-0.89394 0.23273 0.05521 0.99847
-0.89384 0.23442 0.05571 0.99845
-0.89375 0.23611 0.05621 0.99842
-0.89365 0.23779 0.05671 0.99839
-0.89356 0.23948 0.05721 0.99836
-0.89346 0.24116 0.05772 0.99833
-0.89336 0.24284 0.05823 0.99830
-0.89326 0.24452 0.05874 0.99827
-0.89316 0.24620 0.05925 0.99824
-0.89306 0.24788 0.05976 0.99821
-0.89296 0.24956 0.06028 0.99818
-0.89286 0.25123 0.06079 0.99815
-0.89276 0.25290 0.06131 0.99812
-0.89266 0.25457 0.06184 0.99809
-0.89255 0.25624 0.06236 0.99805
-0.89245 0.25791 0.06289 0.99802
-0.89234 0.25957 0.06342 0.99799
-0.89224 0.26124 0.06395 0.99795
-0.89213 0.26290 0.06448 0.99792
-0.89202 0.26456 0.06501 0.99788
-0.89191 0.26622 0.06555 0.99785
-0.89180 0.26787 0.06609 0.99781
-0.89169 0.26953 0.06663 0.99778
-0.89158 0.27118 0.06718 0.99774
-0.89147 0.27283 0.06772 0.99770
-0.89136 0.27448 0.06827 0.99767
-0.89124 0.27613 0.06882 0.99763
-0.89113 0.27777 0.06938 0.99759
-0.89102 0.27942 0.06993 0.99755
-0.89090 0.28106 0.07049 0.99751
-0.89078 0.28270 0.07105 0.99747
-0.89067 0.28434 0.07161 0.99743
-0.89055 0.28598 0.07218 0.99739
-0.89043 0.28761 0.07274 0.99735
-0.89031 0.28924 0.07331 0.99731
-0.89019 0.29087 0.07389 0.99727
-0.89007 0.29250 0.07446 0.99722
-0.88995 0.29413 0.07504 0.99718
-0.88982 0.29575 0.07562 0.99714
-0.88970 0.29738 0.07620 0.99709
-0.88958 0.29900 0.07679 0.99705
-0.88945 0.30062 0.07738 0.99700
-0.88933 0.30223 0.07797 0.99696
-0.88920 0.30385 0.07856 0.99691
-0.88907 0.30546 0.07916 0.99686
-0.88894 0.30707 0.07976 0.99681
-0.88881 0.30868 0.08036 0.99677
-0.88868 0.31029 0.08096 0.99672
-0.88855 0.31190 0.08157 0.99667
-0.88842 0.31350 0.08218 0.99662
-0.88829 0.31510 0.08279 0.99657
-0.88815 0.31670 0.08341 0.99652
-0.88802 0.31830 0.08402 0.99646
-0.88789 0.31989 0.08465 0.99641
-0.88775 0.32148 0.08527 0.99636
-0.88761 0.32308 0.08590 0.99630
-0.88748 0.32466 0.08653 0.99625
-0.88734 0.32625 0.08716 0.99619
-0.88720 0.32784 0.08779 0.99614
-0.88706 0.32942 0.08843 0.99608
-0.88692 0.33100 0.08908 0.99602
-0.88678 0.33258 0.08972 0.99597
-0.88663 0.33415 0.09037 0.99591
-0.88649 0.33573 0.09102 0.99585
-0.88635 0.33730 0.09167 0.99579
-0.88620 0.33887 0.09233 0.99573
-0.88605 0.34044 0.09299 0.99567
-0.88591 0.34200 0.09365 0.99560
-0.88576 0.34357 0.09432 0.99554
-0.88561 0.34513 0.09499 0.99548
-0.88546 0.34669 0.09566 0.99541
-0.88531 0.34824 0.09634 0.99535
-0.88516 0.34980 0.09702 0.99528
-0.88501 0.35135 0.09770 0.99522
-0.88486 0.35290 0.09839 0.99515
-0.88470 0.35445 0.09908 0.99508
-0.88455 0.35600 0.09977 0.99501
-0.88439 0.35754 0.10047 0.99494
-0.88424 0.35908 0.10117 0.99487
-0.88408 0.36062 0.10187 0.99480
-0.88392 0.36216 0.10258 0.99472
-0.88376 0.36369 0.10329 0.99465
-0.88360 0.36523 0.10400 0.99458
-0.88344 0.36676 0.10472 0.99450
-0.88328 0.36828 0.10544 0.99443
-0.88312 0.36981 0.10617 0.99435
-0.88296 0.37133 0.10689 0.99427
-0.88279 0.37285 0.10763 0.99419
-0.88263 0.37437 0.10836 0.99411
-0.88246 0.37589 0.10910 0.99403
-0.88229 0.37740 0.10984 0.99395
-0.88213 0.37892 0.11059 0.99387
-0.88196 0.38043 0.11134 0.99378
-0.88179 0.38193 0.11210 0.99370
-0.88162 0.38344 0.11285 0.99361
-0.88145 0.38494 0.11362 0.99352
-0.88127 0.38644 0.11438 0.99344
-0.88110 0.38794 0.11515 0.99335
-0.88093 0.38944 0.11592 0.99326
-0.88075 0.39093 0.11670 0.99317
-0.88058 0.39242 0.11748 0.99307
-0.88040 0.39391 0.11827 0.99298
-0.88022 0.39540 0.11906 0.99289
-0.88004 0.39688 0.11985 0.99279
-0.87986 0.39836 0.12065 0.99270
-0.87968 0.39984 0.12145 0.99260
-0.87950 0.40132 0.12226 0.99250
-0.87932 0.40279 0.12307 0.99240
-0.87914 0.40426 0.12388 0.99230
-0.87895 0.40573 0.12470 0.99219
-0.87877 0.40720 0.12552 0.99209
-0.87858 0.40867 0.12635 0.99199
-0.87840 0.41013 0.12718 0.99188
-0.87821 0.41159 0.12801 0.99177
-0.87802 0.41305 0.12885 0.99166
-0.87783 0.41450 0.12970 0.99155
-0.87764 0.41596 0.13055 0.99144
-0.87745 0.41741 0.13140 0.99133
-0.87725 0.41885 0.13226 0.99122
-0.87706 0.42030 0.13312 0.99110
-0.87687 0.42174 0.13398 0.99098
-0.87667 0.42318 0.13485 0.99087
-0.87647 0.42462 0.13573 0.99075
-0.87628 0.42606 0.13661 0.99063
-0.87608 0.42749 0.13749 0.99050
-0.87588 0.42892 0.13838 0.99038
-0.87568 0.43035 0.13927 0.99025
-0.87548 0.43177 0.14017 0.99013
-0.87528 0.43320 0.14108 0.99000
-0.87507 0.43462 0.14198 0.98987
-0.87487 0.43604 0.14290 0.98974
-0.87466 0.43745 0.14381 0.98960
-0.87446 0.43887 0.14474 0.98947
-0.87425 0.44028 0.14566 0.98933
-0.87404 0.44168 0.14659 0.98920
-0.87383 0.44309 0.14753 0.98906
-0.87362 0.44449 0.14847 0.98892
-0.87341 0.44589 0.14942 0.98877
-0.87320 0.44729 0.15037 0.98863
-0.87299 0.44869 0.15133 0.98848
-0.87277 0.45008 0.15229 0.98834
-0.87256 0.45147 0.15326 0.98819
-0.87234 0.45286 0.15423 0.98804
-0.87213 0.45425 0.15520 0.98788
-0.87191 0.45563 0.15619 0.98773
-0.87169 0.45701 0.15717 0.98757
-0.87147 0.45839 0.15817 0.98741
-0.87125 0.45976 0.15916 0.98725
-0.87103 0.46114 0.16017 0.98709
-0.87080 0.46251 0.16117 0.98693
-0.87058 0.46387 0.16219 0.98676
-0.87035 0.46524 0.16321 0.98659
-0.87013 0.46660 0.16423 0.98642
-0.86990 0.46796 0.16526 0.98625
-0.86967 0.46932 0.16630 0.98608
-0.86944 0.47067 0.16734 0.98590
-0.86921 0.47203 0.16838 0.98572
-0.86898 0.47338 0.16943 0.98554
-0.86875 0.47472 0.17049 0.98536
-0.86852 0.47607 0.17155 0.98517
-0.86828 0.47741 0.17262 0.98499
-0.86805 0.47875 0.17369 0.98480
-0.86781 0.48009 0.17477 0.98461
-0.86757 0.48142 0.17586 0.98442
-0.86733 0.48275 0.17695 0.98422
-0.86709 0.48408 0.17805 0.98402
-0.86685 0.48541 0.17915 0.98382
-0.86661 0.48673 0.18026 0.98362
-0.86637 0.48805 0.18137 0.98341
-0.86612 0.48937 0.18249 0.98321
-0.86588 0.49069 0.18362 0.98300
-0.86563 0.49200 0.18475 0.98279
-0.86538 0.49331 0.18589 0.98257
-0.86514 0.49462 0.18703 0.98235
-0.86489 0.49593 0.18818 0.98213
-0.86464 0.49723 0.18934 0.98191
-0.86438 0.49853 0.19050 0.98169
-0.86413 0.49983 0.19167 0.98146
-0.86388 0.50112 0.19284 0.98123
-0.86362 0.50242 0.19402 0.98100
-0.86337 0.50371 0.19521 0.98076
-0.86311 0.50499 0.19640 0.98052
-0.86285 0.50628 0.19760 0.98028
-0.86259 0.50756 0.19880 0.98004
-0.86233 0.50884 0.20001 0.97979
-0.86207 0.51012 0.20123 0.97954
-0.86181 0.51139 0.20246 0.97929
-0.86155 0.51266 0.20369 0.97904
-0.86128 0.51393 0.20492 0.97878
-0.86101 0.51520 0.20617 0.97852
-0.86075 0.51646 0.20742 0.97825
-0.86048 0.51772 0.20867 0.97799
-0.86021 0.51898 0.20993 0.97772
-0.85994 0.52024 0.21120 0.97744
-0.85967 0.52149 0.21248 0.97717
-0.85939 0.52274 0.21376 0.97689
-0.85912 0.52399 0.21505 0.97660
-0.85885 0.52523 0.21634 0.97632
-0.85857 0.52648 0.21765 0.97603
-0.85829 0.52771 0.21896 0.97573
-0.85801 0.52895 0.22027 0.97544
-0.85773 0.53019 0.22159 0.97514
-0.85745 0.53142 0.22292 0.97484
-0.85717 0.53265 0.22426 0.97453
-0.85689 0.53387 0.22560 0.97422
-0.85660 0.53510 0.22695 0.97391
-0.85632 0.53632 0.22831 0.97359
-0.85603 0.53754 0.22967 0.97327
-0.85574 0.53875 0.23104 0.97294
-0.85545 0.53997 0.23242 0.97262
-0.85516 0.54118 0.23380 0.97228
-0.85487 0.54239 0.23519 0.97195
-0.85458 0.54359 0.23659 0.97161
-0.85429 0.54480 0.23799 0.97127
-0.85399 0.54600 0.23941 0.97092
-0.85370 0.54719 0.24082 0.97057
-0.85340 0.54839 0.24225 0.97021
-0.85310 0.54958 0.24368 0.96985
-0.85280 0.55077 0.24512 0.96949
-0.85250 0.55196 0.24657 0.96912
-0.85220 0.55314 0.24803 0.96875
-0.85189 0.55432 0.24949 0.96838
-0.85159 0.55550 0.25096 0.96800
-0.85128 0.55668 0.25243 0.96761
-0.85098 0.55785 0.25392 0.96723
-0.85067 0.55902 0.25541 0.96683
-0.85036 0.56019 0.25691 0.96644
-0.85005 0.56136 0.25841 0.96603
-0.84973 0.56252 0.25993 0.96563
-0.84942 0.56368 0.26145 0.96522
-0.84911 0.56484 0.26297 0.96480
-0.84879 0.56599 0.26451 0.96438
-0.84847 0.56714 0.26605 0.96396
-0.84816 0.56829 0.26760 0.96353
-0.84784 0.56944 0.26916 0.96310
-0.84751 0.57059 0.27072 0.96266
-0.84719 0.57173 0.27229 0.96221
-0.84687 0.57287 0.27387 0.96177
-0.84654 0.57400 0.27546 0.96131
-0.84622 0.57514 0.27706 0.96085
-0.84589 0.57627 0.27866 0.96039
-0.84556 0.57740 0.28027 0.95992
-0.84523 0.57852 0.28188 0.95945
-0.84490 0.57965 0.28351 0.95897
-0.84457 0.58077 0.28514 0.95849
-0.84424 0.58189 0.28678 0.95800
-0.84390 0.58300 0.28843 0.95750
-0.84356 0.58411 0.29008 0.95700
-0.84323 0.58522 0.29175 0.95650
-0.84289 0.58633 0.29342 0.95598
-0.84255 0.58744 0.29509 0.95547
-0.84221 0.58854 0.29678 0.95495
-0.84186 0.58964 0.29847 0.95442
-0.84152 0.59074 0.30017 0.95388
-0.84117 0.59183 0.30188 0.95334
-0.84083 0.59292 0.30360 0.95280
-0.84048 0.59401 0.30532 0.95225
-0.84013 0.59510 0.30705 0.95169
-0.83978 0.59618 0.30879 0.95113
-0.83943 0.59726 0.31054 0.95056
-0.83907 0.59834 0.31230 0.94999
-0.83872 0.59942 0.31406 0.94940
-0.83836 0.60049 0.31583 0.94882
-0.83800 0.60156 0.31761 0.94822
-0.83765 0.60263 0.31939 0.94762
-0.83729 0.60370 0.32118 0.94702
-0.83692 0.60476 0.32298 0.94640
-0.83656 0.60582 0.32479 0.94579
-0.83620 0.60688 0.32661 0.94516
-0.83583 0.60793 0.32843 0.94453
-0.83546 0.60898 0.33026 0.94389
-0.83510 0.61003 0.33210 0.94324
-0.83473 0.61108 0.33395 0.94259
-0.83435 0.61213 0.33580 0.94193
-0.83398 0.61317 0.33766 0.94127
-0.83361 0.61421 0.33953 0.94059
-0.83323 0.61524 0.34141 0.93991
-0.83285 0.61628 0.34330 0.93923
-0.83248 0.61731 0.34519 0.93853
-0.83210 0.61834 0.34709 0.93783
-0.83172 0.61937 0.34900 0.93712
-0.83133 0.62039 0.35091 0.93641
-0.83095 0.62141 0.35283 0.93569
-0.83056 0.62243 0.35476 0.93496
-0.83018 0.62345 0.35670 0.93422
-0.82979 0.62446 0.35865 0.93347
-0.82940 0.62547 0.36060 0.93272
-0.82901 0.62648 0.36256 0.93196
-0.82862 0.62749 0.36452 0.93119
-0.82822 0.62849 0.36650 0.93042
-0.82783 0.62949 0.36848 0.92964
-0.82743 0.63049 0.37047 0.92884
-0.82703 0.63149 0.37247 0.92805
-0.82663 0.63248 0.37447 0.92724
-0.82623 0.63347 0.37648 0.92642
-0.82583 0.63446 0.37850 0.92560
-0.82542 0.63544 0.38053 0.92477
-0.82502 0.63643 0.38256 0.92393
-0.82461 0.63741 0.38460 0.92308
-0.82420 0.63838 0.38665 0.92223
-0.82379 0.63936 0.38870 0.92136
-0.82338 0.64033 0.39076 0.92049
-0.82297 0.64130 0.39283 0.91961
-0.82255 0.64227 0.39491 0.91872
-0.82213 0.64324 0.39699 0.91782
-0.82172 0.64420 0.39908 0.91692
-0.82130 0.64516 0.40117 0.91600
-0.82088 0.64612 0.40327 0.91508
-0.82045 0.64707 0.40538 0.91415
-0.82003 0.64802 0.40750 0.91321
-0.81961 0.64897 0.40962 0.91225
-0.81918 0.64992 0.41175 0.91130
-0.81875 0.65087 0.41389 0.91033
-0.81832 0.65181 0.41603 0.90935
-0.81789 0.65275 0.41818 0.90836
-0.81746 0.65369 0.42034 0.90737
-0.81702 0.65462 0.42250 0.90636
-0.81659 0.65555 0.42467 0.90535
-0.81615 0.65648 0.42684 0.90433
-0.81571 0.65741 0.42902 0.90329
-0.81527 0.65834 0.43121 0.90225
-0.81483 0.65926 0.43340 0.90120
-0.81438 0.66018 0.43560 0.90014
-0.81394 0.66110 0.43781 0.89907
-0.81349 0.66201 0.44002 0.89799
-0.81304 0.66292 0.44223 0.89690
-0.81259 0.66384 0.44446 0.89580
-0.81214 0.66474 0.44668 0.89469
-0.81169 0.66565 0.44892 0.89357
-0.81123 0.66655 0.45116 0.89244
-0.81077 0.66745 0.45340 0.89131
-0.81032 0.66835 0.45565 0.89016
-0.80986 0.66924 0.45791 0.88900
-0.80939 0.67014 0.46017 0.88783
-0.80893 0.67103 0.46244 0.88665
-0.80847 0.67192 0.46471 0.88546
-0.80800 0.67280 0.46698 0.88427
-0.80753 0.67369 0.46927 0.88306
-0.80706 0.67457 0.47155 0.88184
-0.80659 0.67544 0.47384 0.88061
-0.80612 0.67632 0.47614 0.87937
-0.80564 0.67719 0.47844 0.87812
-0.80517 0.67807 0.48075 0.87686
-0.80469 0.67893 0.48306 0.87559
-0.80421 0.67980 0.48537 0.87431
-0.80373 0.68066 0.48769 0.87302
-0.80325 0.68153 0.49001 0.87172
-0.80276 0.68239 0.49234 0.87040
-0.80228 0.68324 0.49467 0.86908
-0.80179 0.68410 0.49701 0.86775
-0.80130 0.68495 0.49934 0.86640
-0.80081 0.68580 0.50169 0.86505
-0.80032 0.68664 0.50403 0.86368
-0.79982 0.68749 0.50638 0.86231
-0.79932 0.68833 0.50874 0.86092
-0.79883 0.68917 0.51109 0.85953
-0.79833 0.69001 0.51345 0.85812
-0.79783 0.69085 0.51582 0.85670
-0.79732 0.69168 0.51818 0.85527
-0.79682 0.69251 0.52055 0.85383
-0.79631 0.69334 0.52292 0.85238
-0.79580 0.69416 0.52530 0.85092
-0.79529 0.69499 0.52768 0.84945
-0.79478 0.69581 0.53006 0.84796
-0.79427 0.69663 0.53244 0.84647
-0.79375 0.69744 0.53482 0.84496
-0.79324 0.69826 0.53721 0.84345
-0.79272 0.69907 0.53960 0.84192
-0.79220 0.69988 0.54199 0.84039
-0.79167 0.70069 0.54438 0.83884
-0.79115 0.70149 0.54678 0.83728
-0.79062 0.70229 0.54917 0.83571
-0.79010 0.70309 0.55157 0.83413
-0.78957 0.70389 0.55397 0.83254
-0.78904 0.70469 0.55637 0.83094
-0.78850 0.70548 0.55877 0.82932
-0.78797 0.70627 0.56117 0.82770
-0.78743 0.70706 0.56358 0.82606
-0.78690 0.70785 0.56598 0.82442
-0.78636 0.70863 0.56838 0.82276
-0.78581 0.70941 0.57079 0.82110
-0.78527 0.71019 0.57320 0.81942
-0.78472 0.71097 0.57560 0.81773
-0.78418 0.71174 0.57801 0.81603
-0.78363 0.71252 0.58041 0.81432
-0.78308 0.71329 0.58282 0.81260
-0.78252 0.71405 0.58523 0.81087
-0.78197 0.71482 0.58763 0.80913
-0.78141 0.71558 0.59004 0.80738
-0.78086 0.71635 0.59244 0.80561
-0.78030 0.71710 0.59484 0.80384
-0.77973 0.71786 0.59725 0.80206
-0.77917 0.71862 0.59965 0.80026
-0.77860 0.71937 0.60205 0.79846
-0.77804 0.72012 0.60445 0.79664
-0.77747 0.72087 0.60685 0.79482
-0.77690 0.72161 0.60924 0.79298
-0.77632 0.72236 0.61164 0.79114
-0.77575 0.72310 0.61403 0.78928
-0.77517 0.72384 0.61642 0.78742
-0.77459 0.72457 0.61881 0.78554
-0.77401 0.72531 0.62120 0.78365
-0.77343 0.72604 0.62358 0.78176
-0.77284 0.72677 0.62596 0.77985
-0.77226 0.72750 0.62834 0.77794
-0.77167 0.72823 0.63072 0.77601
-0.77108 0.72895 0.63310 0.77407
-0.77049 0.72967 0.63547 0.77213
-0.76989 0.73039 0.63783 0.77017
-0.76930 0.73111 0.64020 0.76821
-0.76870 0.73182 0.64256 0.76623
-0.76810 0.73254 0.64492 0.76425
-0.76750 0.73325 0.64727 0.76226
-0.76690 0.73396 0.64962 0.76026
-0.76629 0.73466 0.65197 0.75824
-0.76568 0.73537 0.65431 0.75622
-0.76507 0.73607 0.65665 0.75419
-0.76446 0.73677 0.65899 0.75215
-0.76385 0.73747 0.66132 0.75011
-0.76323 0.73816 0.66364 0.74805
-0.76262 0.73886 0.66596 0.74598
-0.76200 0.73955 0.66828 0.74391
-0.76138 0.74024 0.67059 0.74183
-0.76075 0.74092 0.67290 0.73974
-0.76013 0.74161 0.67520 0.73764
-0.75950 0.74229 0.67749 0.73553
-0.75887 0.74297 0.67978 0.73341
-0.75824 0.74365 0.68207 0.73129
-0.75761 0.74433 0.68435 0.72916
-0.75697 0.74500 0.68662 0.72702
-0.75633 0.74568 0.68889 0.72487
-0.75569 0.74635 0.69115 0.72271
-0.75505 0.74702 0.69341 0.72055
-0.75441 0.74768 0.69565 0.71838
-0.75376 0.74835 0.69790 0.71620
-0.75312 0.74901 0.70013 0.71401
-0.75247 0.74967 0.70236 0.71182
-0.75182 0.75033 0.70459 0.70962
-0.75116 0.75098 0.70680 0.70741
-0.75051 0.75164 0.70901 0.70520
-0.74985 0.75229 0.71121 0.70297
-0.74919 0.75294 0.71341 0.70075
-0.74853 0.75359 0.71560 0.69851
-0.74786 0.75423 0.71778 0.69627
-0.74720 0.75488 0.71995 0.69402
-0.74653 0.75552 0.72212 0.69177
-0.74586 0.75616 0.72428 0.68951
-0.74519 0.75680 0.72643 0.68724
-0.74451 0.75743 0.72857 0.68497
-0.74384 0.75807 0.73070 0.68269
-0.74316 0.75870 0.73283 0.68041
-0.74248 0.75933 0.73495 0.67812
-0.74180 0.75995 0.73706 0.67583
-0.74111 0.76058 0.73916 0.67353
-0.74043 0.76120 0.74125 0.67122
-0.73974 0.76183 0.74334 0.66891
-0.73905 0.76245 0.74542 0.66660
-0.73835 0.76306 0.74748 0.66428
-0.73766 0.76368 0.74954 0.66196
-0.73696 0.76429 0.75159 0.65963
-0.73626 0.76491 0.75363 0.65729
-0.73556 0.76552 0.75567 0.65496
-0.73486 0.76612 0.75769 0.65261
-0.73415 0.76673 0.75970 0.65027
-0.73344 0.76733 0.76171 0.64792
-0.73273 0.76794 0.76370 0.64557
-0.73202 0.76854 0.76569 0.64321
-0.73130 0.76913 0.76767 0.64085
-0.73059 0.76973 0.76963 0.63848
-0.72987 0.77033 0.77159 0.63612
-0.72915 0.77092 0.77354 0.63375
-0.72842 0.77151 0.77548 0.63137
-0.72770 0.77210 0.77741 0.62900
-0.72697 0.77268 0.77933 0.62662
-0.72624 0.77327 0.78124 0.62424
-0.72551 0.77385 0.78313 0.62185
-0.72478 0.77443 0.78502 0.61947
-0.72404 0.77501 0.78690 0.61708
-0.72330 0.77559 0.78877 0.61469
-0.72256 0.77617 0.79063 0.61229
-0.72182 0.77674 0.79248 0.60990
-0.72107 0.77731 0.79432 0.60750
-0.72032 0.77788 0.79614 0.60511
-0.71958 0.77845 0.79796 0.60271
-0.71882 0.77901 0.79977 0.60031
-0.71807 0.77958 0.80157 0.59791
-0.71731 0.78014 0.80335 0.59550
-0.71655 0.78070 0.80513 0.59310
-0.71579 0.78126 0.80689 0.59070
-0.71503 0.78182 0.80865 0.58829
-0.71427 0.78237 0.81039 0.58589
-0.71350 0.78293 0.81213 0.58348
-0.71273 0.78348 0.81385 0.58107
-0.71196 0.78403 0.81556 0.57867
-0.71118 0.78457 0.81727 0.57626
-0.71040 0.78512 0.81896 0.57386
-0.70963 0.78566 0.82064 0.57145
-0.70884 0.78621 0.82231 0.56904
-0.70806 0.78675 0.82397 0.56664
-0.70728 0.78729 0.82561 0.56424
-0.70649 0.78782 0.82725 0.56183
-0.70570 0.78836 0.82888 0.55943
-0.70490 0.78889 0.83049 0.55703
-0.70411 0.78942 0.83210 0.55463
-0.70331 0.78995 0.83369 0.55223
-0.70251 0.79048 0.83528 0.54983
-0.70171 0.79101 0.83685 0.54743
-0.70091 0.79153 0.83841 0.54504
-0.70010 0.79205 0.83996 0.54265
-0.69929 0.79257 0.84150 0.54025
-0.69848 0.79309 0.84303 0.53786
-0.69767 0.79361 0.84455 0.53548
-0.69685 0.79413 0.84606 0.53309
-0.69603 0.79464 0.84755 0.53071
-0.69521 0.79515 0.84904 0.52833
-0.69439 0.79566 0.85052 0.52595
-0.69356 0.79617 0.85198 0.52357
-0.69274 0.79668 0.85343 0.52120
-0.69191 0.79718 0.85488 0.51883
-0.69107 0.79769 0.85631 0.51647
-0.69024 0.79819 0.85773 0.51410
-0.68940 0.79869 0.85914 0.51174
-0.68856 0.79919 0.86054 0.50938
-0.68772 0.79968 0.86193 0.50703
-0.68688 0.80018 0.86331 0.50468
-0.68603 0.80067 0.86468 0.50233
-0.68518 0.80116 0.86603 0.49999
-0.68433 0.80165 0.86738 0.49765
-0.68348 0.80214 0.86872 0.49531
-0.68262 0.80263 0.87004 0.49298
-0.68176 0.80311 0.87136 0.49065
-0.68090 0.80360 0.87266 0.48833
-0.68004 0.80408 0.87395 0.48601
-0.67917 0.80456 0.87524 0.48369
-0.67830 0.80504 0.87651 0.48138
-0.67743 0.80551 0.87777 0.47907
-0.67656 0.80599 0.87903 0.47677
-0.67569 0.80646 0.88027 0.47447
-0.67481 0.80693 0.88150 0.47218
-0.67393 0.80740 0.88272 0.46989
-0.67305 0.80787 0.88393 0.46761
-0.67216 0.80834 0.88514 0.46533
-0.67127 0.80880 0.88633 0.46306
-0.67038 0.80927 0.88751 0.46079
-0.66949 0.80973 0.88868 0.45853
-0.66860 0.81019 0.88984 0.45627
-0.66770 0.81065 0.89099 0.45402
-0.66680 0.81111 0.89213 0.45177
-0.66590 0.81156 0.89326 0.44953
-0.66499 0.81201 0.89439 0.44730
-0.66408 0.81247 0.89550 0.44507
-0.66318 0.81292 0.89660 0.44284
-0.66226 0.81337 0.89769 0.44062
-0.66135 0.81381 0.89877 0.43841
-0.66043 0.81426 0.89985 0.43621
-0.65951 0.81470 0.90091 0.43400
-0.65859 0.81515 0.90196 0.43181
-0.65767 0.81559 0.90301 0.42962
-0.65674 0.81603 0.90404 0.42744
-0.65581 0.81647 0.90507 0.42526
-0.65488 0.81690 0.90609 0.42309
-0.65394 0.81734 0.90709 0.42093
-0.65301 0.81777 0.90809 0.41877
-0.65207 0.81820 0.90908 0.41662
-0.65113 0.81863 0.91006 0.41448
-0.65018 0.81906 0.91103 0.41234
-0.64923 0.81949 0.91199 0.41021
-0.64828 0.81991 0.91295 0.40808
-0.64733 0.82034 0.91389 0.40596
-0.64638 0.82076 0.91482 0.40385
-0.64542 0.82118 0.91575 0.40175
-0.64446 0.82160 0.91667 0.39965
-0.64350 0.82202 0.91758 0.39756
-0.64254 0.82244 0.91848 0.39548
-0.64157 0.82285 0.91937 0.39340
-0.64060 0.82327 0.92025 0.39133
-0.63963 0.82368 0.92113 0.38927
-0.63865 0.82409 0.92199 0.38721
-0.63767 0.82450 0.92285 0.38516
-0.63669 0.82490 0.92370 0.38312
-0.63571 0.82531 0.92454 0.38108
-0.63473 0.82572 0.92537 0.37906
-0.63374 0.82612 0.92620 0.37704
-0.63275 0.82652 0.92702 0.37502
-0.63176 0.82692 0.92782 0.37302
-0.63076 0.82732 0.92863 0.37102
-0.62977 0.82772 0.92942 0.36903
-0.62877 0.82811 0.93020 0.36704
-0.62776 0.82851 0.93098 0.36507
-0.62676 0.82890 0.93175 0.36310
-0.62575 0.82929 0.93251 0.36113
-0.62474 0.82968 0.93327 0.35918
-0.62373 0.83007 0.93402 0.35723
-0.62271 0.83046 0.93475 0.35529
-0.62169 0.83084 0.93549 0.35336
-0.62067 0.83123 0.93621 0.35144
-0.61965 0.83161 0.93693 0.34952
-0.61862 0.83199 0.93764 0.34761
-0.61759 0.83237 0.93834 0.34571
-0.61656 0.83275 0.93904 0.34381
-0.61553 0.83313 0.93973 0.34193
-0.61449 0.83350 0.94041 0.34005
-0.61345 0.83388 0.94108 0.33818
-0.61241 0.83425 0.94175 0.33631
-0.61137 0.83462 0.94241 0.33446
-0.61032 0.83499 0.94306 0.33261
-0.60927 0.83536 0.94371 0.33077
-0.60822 0.83573 0.94435 0.32893
-0.60717 0.83610 0.94499 0.32711
-0.60611 0.83646 0.94561 0.32529
-0.60505 0.83682 0.94624 0.32348
-0.60399 0.83719 0.94685 0.32168
-0.60292 0.83755 0.94746 0.31988
-0.60186 0.83791 0.94806 0.31809
-0.60078 0.83826 0.94865 0.31631
-0.59971 0.83862 0.94924 0.31454
-0.59864 0.83898 0.94983 0.31278
-0.59756 0.83933 0.95040 0.31102
-0.59648 0.83968 0.95097 0.30927
-0.59540 0.84003 0.95154 0.30753
-0.59431 0.84038 0.95210 0.30580
-0.59322 0.84073 0.95265 0.30407
-0.59213 0.84108 0.95320 0.30235
-0.59104 0.84143 0.95374 0.30064
-0.58994 0.84177 0.95427 0.29894
-0.58884 0.84211 0.95480 0.29724
-0.58774 0.84245 0.95533 0.29556
-0.58664 0.84280 0.95584 0.29388
-0.58553 0.84313 0.95636 0.29220
-0.58442 0.84347 0.95686 0.29054
-0.58331 0.84381 0.95736 0.28888
-0.58219 0.84414 0.95786 0.28723
-0.58107 0.84448 0.95835 0.28559
-0.57995 0.84481 0.95884 0.28396
-0.57883 0.84514 0.95932 0.28233
-0.57771 0.84547 0.95979 0.28071
-0.57658 0.84580 0.96026 0.27910
-0.57545 0.84613 0.96073 0.27749
-0.57432 0.84646 0.96119 0.27590
-0.57318 0.84678 0.96164 0.27431
-0.57204 0.84710 0.96209 0.27273
-0.57090 0.84743 0.96254 0.27115
-0.56976 0.84775 0.96298 0.26959
-0.56861 0.84807 0.96341 0.26803
-0.56746 0.84839 0.96384 0.26648
-0.56631 0.84870 0.96427 0.26493
-0.56515 0.84902 0.96469 0.26339
-0.56400 0.84933 0.96510 0.26186
-0.56284 0.84965 0.96552 0.26034
-0.56168 0.84996 0.96592 0.25883
-0.56051 0.85027 0.96633 0.25732
-0.55934 0.85058 0.96672 0.25582
-0.55817 0.85089 0.96712 0.25433
-0.55700 0.85120 0.96751 0.25284
-0.55582 0.85150 0.96789 0.25136
-0.55465 0.85181 0.96827 0.24989
-0.55347 0.85211 0.96865 0.24843
-0.55228 0.85242 0.96902 0.24697
-0.55110 0.85272 0.96939 0.24552
-0.54991 0.85302 0.96976 0.24408
-0.54872 0.85332 0.97012 0.24264
-0.54752 0.85361 0.97047 0.24122
-0.54632 0.85391 0.97082 0.23979
-0.54512 0.85421 0.97117 0.23838
-0.54392 0.85450 0.97152 0.23697
-0.54272 0.85479 0.97186 0.23557
-0.54151 0.85508 0.97219 0.23418
-0.54030 0.85538 0.97253 0.23280
-0.53909 0.85566 0.97285 0.23142
-0.53787 0.85595 0.97318 0.23004
-0.53665 0.85624 0.97350 0.22868
-0.53543 0.85653 0.97382 0.22732
-0.53421 0.85681 0.97413 0.22597
-0.53298 0.85709 0.97445 0.22463
-0.53176 0.85738 0.97475 0.22329
-0.53053 0.85766 0.97506 0.22196
-0.52929 0.85794 0.97536 0.22063
-0.52805 0.85822 0.97565 0.21932
-0.52682 0.85849 0.97595 0.21801
-0.52557 0.85877 0.97624 0.21670
-0.52433 0.85905 0.97652 0.21540
-0.52308 0.85932 0.97681 0.21411
-0.52183 0.85959 0.97709 0.21283
-0.52058 0.85986 0.97737 0.21155
-0.51933 0.86014 0.97764 0.21028
-0.51807 0.86041 0.97791 0.20902
-0.51681 0.86067 0.97818 0.20776
-0.51554 0.86094 0.97844 0.20651
-0.51428 0.86121 0.97871 0.20526
-0.51301 0.86147 0.97897 0.20403
-0.51174 0.86174 0.97922 0.20279
-0.51047 0.86200 0.97947 0.20157
-0.50919 0.86226 0.97972 0.20035
-0.50791 0.86252 0.97997 0.19913
-0.50663 0.86278 0.98022 0.19793
-0.50535 0.86304 0.98046 0.19673
-0.50406 0.86330 0.98070 0.19553
-0.50277 0.86355 0.98093 0.19435
-0.50148 0.86381 0.98117 0.19316
-0.50018 0.86406 0.98140 0.19199
-0.49889 0.86432 0.98163 0.19082
-0.49759 0.86457 0.98185 0.18966
-0.49629 0.86482 0.98207 0.18850
-0.49498 0.86507 0.98229 0.18735
-0.49367 0.86532 0.98251 0.18620
-0.49236 0.86556 0.98273 0.18506
-0.49105 0.86581 0.98294 0.18393
-0.48973 0.86606 0.98315 0.18280
-0.48842 0.86630 0.98336 0.18168
-0.48710 0.86654 0.98356 0.18056
-0.48577 0.86679 0.98377 0.17945
-0.48445 0.86703 0.98397 0.17835
-0.48312 0.86727 0.98417 0.17725
-0.48179 0.86751 0.98436 0.17616
-0.48045 0.86774 0.98456 0.17507
-0.47912 0.86798 0.98475 0.17399
-0.47778 0.86822 0.98494 0.17292
-0.47644 0.86845 0.98512 0.17185
-0.47509 0.86868 0.98531 0.17078
-0.47375 0.86892 0.98549 0.16972
-0.47240 0.86915 0.98567 0.16867
-0.47105 0.86938 0.98585 0.16762
-0.46969 0.86961 0.98603 0.16658
-0.46834 0.86984 0.98620 0.16554
-0.46698 0.87006 0.98637 0.16451
-0.46561 0.87029 0.98655 0.16349
-0.46425 0.87052 0.98671 0.16247
-0.46288 0.87074 0.98688 0.16145
-0.46151 0.87096 0.98705 0.16044
-0.46014 0.87119 0.98721 0.15944
-0.45877 0.87141 0.98737 0.15844
-0.45739 0.87163 0.98753 0.15744
-0.45601 0.87185 0.98768 0.15646
-0.45463 0.87207 0.98784 0.15547
-0.45324 0.87228 0.98799 0.15449
-0.45185 0.87250 0.98815 0.15352
-0.45046 0.87271 0.98830 0.15255
-0.44907 0.87293 0.98844 0.15159
-0.44768 0.87314 0.98859 0.15063
-0.44628 0.87335 0.98873 0.14968
-0.44488 0.87357 0.98888 0.14873
-0.44348 0.87378 0.98902 0.14779
-0.44207 0.87399 0.98916 0.14685
-0.44066 0.87419 0.98930 0.14592
-0.43925 0.87440 0.98943 0.14499
-0.43784 0.87461 0.98957 0.14407
-0.43643 0.87481 0.98970 0.14315
-0.43501 0.87502 0.98983 0.14223
-0.43359 0.87522 0.98996 0.14132
-0.43217 0.87542 0.99009 0.14042
-0.43074 0.87562 0.99022 0.13952
-0.42931 0.87582 0.99034 0.13863
-0.42788 0.87602 0.99047 0.13774
-0.42645 0.87622 0.99059 0.13685
-0.42502 0.87642 0.99071 0.13597
-0.42358 0.87662 0.99083 0.13509
-0.42214 0.87681 0.99095 0.13422
-0.42070 0.87701 0.99107 0.13335
-0.41925 0.87720 0.99118 0.13249
-0.41780 0.87739 0.99130 0.13163
-0.41635 0.87759 0.99141 0.13078
-0.41490 0.87778 0.99152 0.12993
-0.41345 0.87797 0.99163 0.12908
-0.41199 0.87816 0.99174 0.12824
-0.41053 0.87834 0.99185 0.12741
-0.40907 0.87853 0.99196 0.12657
-0.40760 0.87872 0.99206 0.12575
-0.40614 0.87890 0.99217 0.12492
-0.40467 0.87909 0.99227 0.12410
-0.40320 0.87927 0.99237 0.12329
-0.40172 0.87945 0.99247 0.12248
-0.40025 0.87963 0.99257 0.12167
-0.39877 0.87981 0.99267 0.12087
-0.39729 0.87999 0.99277 0.12007
-0.39580 0.88017 0.99286 0.11928
-0.39432 0.88035 0.99296 0.11848
-0.39283 0.88053 0.99305 0.11770
-0.39134 0.88070 0.99314 0.11692
-0.38985 0.88088 0.99323 0.11614
-0.38835 0.88105 0.99332 0.11536
-0.38685 0.88123 0.99341 0.11459
-0.38535 0.88140 0.99350 0.11383
-0.38385 0.88157 0.99359 0.11306
-0.38235 0.88174 0.99367 0.11230
-0.38084 0.88191 0.99376 0.11155
-0.37933 0.88208 0.99384 0.11080
-0.37782 0.88225 0.99393 0.11005
-0.37631 0.88242 0.99401 0.10930
-0.37479 0.88258 0.99409 0.10856
-0.37327 0.88275 0.99417 0.10783
-0.37175 0.88291 0.99425 0.10710
-0.37023 0.88307 0.99433 0.10637
-0.36870 0.88324 0.99440 0.10564
-0.36718 0.88340 0.99448 0.10492
-0.36565 0.88356 0.99456 0.10420
-0.36411 0.88372 0.99463 0.10349
-0.36258 0.88388 0.99470 0.10277
-0.36104 0.88404 0.99478 0.10207
-0.35950 0.88419 0.99485 0.10136
-0.35796 0.88435 0.99492 0.10066
-0.35642 0.88451 0.99499 0.09996
-0.35488 0.88466 0.99506 0.09927
-0.35333 0.88481 0.99513 0.09858
-0.35178 0.88497 0.99520 0.09789
-0.35023 0.88512 0.99526 0.09721
-0.34867 0.88527 0.99533 0.09653
-0.34712 0.88542 0.99540 0.09585
-0.34556 0.88557 0.99546 0.09518
-0.34400 0.88572 0.99552 0.09450
-0.34243 0.88587 0.99559 0.09384
-0.34087 0.88601 0.99565 0.09317
-0.33930 0.88616 0.99571 0.09251
-0.33773 0.88631 0.99577 0.09185
-0.33616 0.88645 0.99583 0.09120
-0.33459 0.88659 0.99589 0.09055
-0.33301 0.88674 0.99595 0.08990
-0.33143 0.88688 0.99601 0.08925
-0.32985 0.88702 0.99607 0.08861
-0.32827 0.88716 0.99612 0.08797
-0.32669 0.88730 0.99618 0.08733
-0.32510 0.88744 0.99623 0.08670
-0.32351 0.88758 0.99629 0.08607
-0.32192 0.88771 0.99634 0.08544
-0.32033 0.88785 0.99640 0.08482
-0.31873 0.88798 0.99645 0.08419
-0.31714 0.88812 0.99650 0.08358
-0.31554 0.88825 0.99655 0.08296
-0.31394 0.88838 0.99660 0.08235
-0.31234 0.88852 0.99665 0.08174
-0.31073 0.88865 0.99670 0.08113
-0.30912 0.88878 0.99675 0.08052
-0.30752 0.88891 0.99680 0.07992
-0.30591 0.88904 0.99685 0.07932
-0.30429 0.88916 0.99690 0.07872
-0.30268 0.88929 0.99694 0.07813
-0.30106 0.88942 0.99699 0.07754
-0.29944 0.88954 0.99703 0.07695
-0.29782 0.88967 0.99708 0.07636
-0.29620 0.88979 0.99712 0.07578
-0.29458 0.88991 0.99717 0.07520
-0.29295 0.89004 0.99721 0.07462
-0.29132 0.89016 0.99725 0.07405
-0.28969 0.89028 0.99730 0.07347
-0.28806 0.89040 0.99734 0.07290
-0.28642 0.89052 0.99738 0.07233
-0.28479 0.89063 0.99742 0.07177
-0.28315 0.89075 0.99746 0.07120
-0.28151 0.89087 0.99750 0.07064
-0.27987 0.89098 0.99754 0.07008
-0.27823 0.89110 0.99758 0.06953
-0.27658 0.89121 0.99762 0.06897
-0.27493 0.89133 0.99766 0.06842
-0.27329 0.89144 0.99769 0.06787
-0.27163 0.89155 0.99773 0.06733
-0.26998 0.89166 0.99777 0.06678
-0.26833 0.89177 0.99780 0.06624
-0.26667 0.89188 0.99784 0.06570
-0.26501 0.89199 0.99787 0.06516
-0.26335 0.89210 0.99791 0.06463
-0.26169 0.89221 0.99794 0.06409
-0.26003 0.89231 0.99798 0.06356
-0.25837 0.89242 0.99801 0.06303
-0.25670 0.89252 0.99804 0.06251
-0.25503 0.89263 0.99808 0.06198
-0.25336 0.89273 0.99811 0.06146
-0.25169 0.89283 0.99814 0.06094
-0.25002 0.89293 0.99817 0.06042
-0.24834 0.89304 0.99820 0.05990
-0.24666 0.89314 0.99823 0.05939
-0.24499 0.89323 0.99827 0.05888
-0.24331 0.89333 0.99830 0.05837
-0.24162 0.89343 0.99832 0.05786
-0.23994 0.89353 0.99835 0.05735
-0.23826 0.89362 0.99838 0.05685
-0.23657 0.89372 0.99841 0.05634
-0.23488 0.89382 0.99844 0.05584
-0.23319 0.89391 0.99847 0.05534
-0.23150 0.89400 0.99849 0.05485
-0.22981 0.89410 0.99852 0.05435
-0.22811 0.89419 0.99855 0.05386
-0.22642 0.89428 0.99857 0.05337
-0.22472 0.89437 0.99860 0.05288
-0.22302 0.89446 0.99863 0.05239
-0.22132 0.89455 0.99865 0.05190
-0.21962 0.89463 0.99868 0.05142
-0.21791 0.89472 0.99870 0.05094
-0.21621 0.89481 0.99873 0.05046
-0.21450 0.89489 0.99875 0.04998
-0.21279 0.89498 0.99877 0.04950
-0.21108 0.89506 0.99880 0.04903
-0.20937 0.89515 0.99882 0.04855
-0.20766 0.89523 0.99884 0.04808
-0.20594 0.89531 0.99887 0.04761
-0.20423 0.89539 0.99889 0.04714
-0.20251 0.89547 0.99891 0.04667
-0.20079 0.89555 0.99893 0.04621
-0.19907 0.89563 0.99895 0.04574
-0.19735 0.89571 0.99897 0.04528
-0.19563 0.89579 0.99900 0.04482
-0.19391 0.89587 0.99902 0.04436
-0.19218 0.89594 0.99904 0.04390
-0.19046 0.89602 0.99906 0.04344
-0.18873 0.89609 0.99908 0.04299
-0.18700 0.89617 0.99910 0.04253
-0.18527 0.89624 0.99911 0.04208
-0.18354 0.89631 0.99913 0.04163
-0.18180 0.89638 0.99915 0.04118
-0.18007 0.89646 0.99917 0.04073
-0.17834 0.89653 0.99919 0.04029
-0.17660 0.89660 0.99921 0.03984
-0.17486 0.89666 0.99922 0.03940
-0.17312 0.89673 0.99924 0.03895
-0.17138 0.89680 0.99926 0.03851
-0.16964 0.89687 0.99928 0.03807
-0.16790 0.89693 0.99929 0.03763
-0.16615 0.89700 0.99931 0.03720
-0.16441 0.89706 0.99932 0.03676
-0.16266 0.89713 0.99934 0.03632
-0.16091 0.89719 0.99936 0.03589
-0.15917 0.89725 0.99937 0.03546
-0.15742 0.89731 0.99939 0.03503
-0.15567 0.89737 0.99940 0.03460
-0.15391 0.89744 0.99942 0.03417
-0.15216 0.89749 0.99943 0.03374
-0.15041 0.89755 0.99945 0.03331
-0.14865 0.89761 0.99946 0.03289
-0.14690 0.89767 0.99947 0.03246
-0.14514 0.89773 0.99949 0.03204
-0.14338 0.89778 0.99950 0.03162
-0.14162 0.89784 0.99951 0.03119
-0.13986 0.89789 0.99953 0.03077
-0.13810 0.89795 0.99954 0.03035
-0.13634 0.89800 0.99955 0.02994
-0.13458 0.89805 0.99956 0.02952
-0.13281 0.89810 0.99958 0.02910
-0.13105 0.89815 0.99959 0.02869
-0.12928 0.89820 0.99960 0.02827
-0.12751 0.89825 0.99961 0.02786
-0.12575 0.89830 0.99962 0.02745
-0.12398 0.89835 0.99963 0.02704
-0.12221 0.89840 0.99965 0.02663
-0.12044 0.89845 0.99966 0.02622
-0.11867 0.89849 0.99967 0.02581
-0.11689 0.89854 0.99968 0.02540
-0.11512 0.89858 0.99969 0.02499
-0.11335 0.89863 0.99970 0.02459
-0.11157 0.89867 0.99971 0.02418
-0.10980 0.89871 0.99972 0.02378
-0.10802 0.89875 0.99973 0.02337
-0.10624 0.89879 0.99974 0.02297
-0.10447 0.89883 0.99975 0.02257
-0.10269 0.89887 0.99975 0.02217
-0.10091 0.89891 0.99976 0.02176
-0.09913 0.89895 0.99977 0.02136
-0.09735 0.89899 0.99978 0.02097
-0.09557 0.89903 0.99979 0.02057
-0.09379 0.89906 0.99980 0.02017
-0.09200 0.89910 0.99980 0.01977
-0.09022 0.89913 0.99981 0.01938
-0.08844 0.89917 0.99982 0.01898
-0.08665 0.89920 0.99983 0.01858
-0.08487 0.89923 0.99983 0.01819
-0.08308 0.89927 0.99984 0.01780
-0.08129 0.89930 0.99985 0.01740
-0.07951 0.89933 0.99986 0.01701
-0.07772 0.89936 0.99986 0.01662
-0.07593 0.89939 0.99987 0.01623
-0.07414 0.89942 0.99987 0.01583
-0.07235 0.89944 0.99988 0.01544
-0.07056 0.89947 0.99989 0.01505
-0.06877 0.89950 0.99989 0.01466
-0.06698 0.89952 0.99990 0.01427
-0.06519 0.89955 0.99990 0.01389
-0.06340 0.89957 0.99991 0.01350
-0.06161 0.89960 0.99991 0.01311
-0.05981 0.89962 0.99992 0.01272
-0.05802 0.89964 0.99992 0.01234
-0.05623 0.89967 0.99993 0.01195
-0.05443 0.89969 0.99993 0.01156
-0.05264 0.89971 0.99994 0.01118
-0.05085 0.89973 0.99994 0.01079
-0.04905 0.89975 0.99995 0.01041
-0.04725 0.89976 0.99995 0.01002
-0.04546 0.89978 0.99995 0.00964
-0.04366 0.89980 0.99996 0.00925
-0.04187 0.89981 0.99996 0.00887
-0.04007 0.89983 0.99996 0.00849
-0.03827 0.89985 0.99997 0.00810
-0.03648 0.89986 0.99997 0.00772
-0.03468 0.89987 0.99997 0.00734
-0.03288 0.89989 0.99998 0.00696
-0.03108 0.89990 0.99998 0.00658
-0.02928 0.89991 0.99998 0.00619
-0.02749 0.89992 0.99998 0.00581
-0.02569 0.89993 0.99999 0.00543
-0.02389 0.89994 0.99999 0.00505
-0.02209 0.89995 0.99999 0.00467
-0.02029 0.89996 0.99999 0.00429
-0.01849 0.89996 0.99999 0.00391
-0.01669 0.89997 0.99999 0.00353
-0.01489 0.89998 1.00000 0.00315
-0.01309 0.89998 1.00000 0.00277
-0.01129 0.89999 1.00000 0.00238
-0.00949 0.89999 1.00000 0.00200
-0.00769 0.89999 1.00000 0.00162
-0.00589 0.90000 1.00000 0.00124
-0.00409 0.90000 1.00000 0.00086
-0.00229 0.90000 1.00000 0.00048
-0.00049 0.90000 1.00000 0.00010
0.00131 0.90000 1.00000 -0.00028
0.00311 0.90000 1.00000 -0.00066
0.00491 0.90000 1.00000 -0.00104
0.00671 0.90000 1.00000 -0.00142
0.00851 0.89999 1.00000 -0.00180
0.01031 0.89999 1.00000 -0.00218
0.01211 0.89998 1.00000 -0.00256
0.01390 0.89998 1.00000 -0.00294
0.01570 0.89997 0.99999 -0.00332
0.01750 0.89997 0.99999 -0.00370
0.01930 0.89996 0.99999 -0.00408
0.02110 0.89995 0.99999 -0.00446
0.02290 0.89994 0.99999 -0.00484
0.02470 0.89994 0.99999 -0.00522
0.02650 0.89993 0.99998 -0.00560
0.02830 0.89992 0.99998 -0.00598
0.03010 0.89990 0.99998 -0.00637
0.03189 0.89989 0.99998 -0.00675
0.03369 0.89988 0.99997 -0.00713
0.03549 0.89987 0.99997 -0.00751
0.03729 0.89985 0.99997 -0.00789
0.03908 0.89984 0.99997 -0.00828
0.04088 0.89982 0.99996 -0.00866
0.04268 0.89981 0.99996 -0.00904
0.04447 0.89979 0.99996 -0.00943
0.04627 0.89977 0.99995 -0.00981
0.04806 0.89976 0.99995 -0.01020
0.04986 0.89974 0.99994 -0.01058
0.05165 0.89972 0.99994 -0.01097
0.05345 0.89970 0.99994 -0.01135
0.05524 0.89968 0.99993 -0.01174
0.05704 0.89966 0.99993 -0.01212
0.05883 0.89963 0.99992 -0.01251
0.06062 0.89961 0.99992 -0.01290
0.06241 0.89959 0.99991 -0.01328
0.06421 0.89956 0.99991 -0.01367
0.06600 0.89954 0.99990 -0.01406
0.06779 0.89951 0.99990 -0.01445
0.06958 0.89949 0.99989 -0.01484
0.07137 0.89946 0.99988 -0.01523
0.07316 0.89943 0.99988 -0.01562
0.07495 0.89940 0.99987 -0.01601
0.07674 0.89937 0.99987 -0.01640
0.07852 0.89934 0.99986 -0.01679
0.08031 0.89931 0.99985 -0.01719
0.08210 0.89928 0.99985 -0.01758
0.08388 0.89925 0.99984 -0.01797
0.08567 0.89922 0.99983 -0.01837
0.08746 0.89919 0.99982 -0.01876
0.08924 0.89915 0.99982 -0.01916
0.09102 0.89912 0.99981 -0.01955
0.09281 0.89908 0.99980 -0.01995
0.09459 0.89905 0.99979 -0.02035
0.09637 0.89901 0.99978 -0.02075
0.09815 0.89897 0.99978 -0.02115
0.09993 0.89893 0.99977 -0.02154
0.10171 0.89890 0.99976 -0.02195
0.10349 0.89886 0.99975 -0.02235
0.10527 0.89882 0.99974 -0.02275
0.10705 0.89878 0.99973 -0.02315
0.10882 0.89873 0.99972 -0.02355
0.11060 0.89869 0.99971 -0.02396
0.11237 0.89865 0.99970 -0.02436
0.11415 0.89861 0.99969 -0.02477
0.11592 0.89856 0.99968 -0.02518
0.11769 0.89852 0.99967 -0.02558
0.11946 0.89847 0.99966 -0.02599
0.12124 0.89842 0.99965 -0.02640
0.12301 0.89838 0.99964 -0.02681
0.12477 0.89833 0.99963 -0.02722
0.12654 0.89828 0.99962 -0.02763
0.12831 0.89823 0.99961 -0.02805
0.13008 0.89818 0.99959 -0.02846
0.13184 0.89813 0.99958 -0.02887
0.13361 0.89808 0.99957 -0.02929
0.13537 0.89803 0.99956 -0.02971
0.13713 0.89797 0.99955 -0.03012
0.13889 0.89792 0.99953 -0.03054
0.14066 0.89787 0.99952 -0.03096
0.14242 0.89781 0.99951 -0.03138
0.14417 0.89776 0.99949 -0.03181
0.14593 0.89770 0.99948 -0.03223
0.14769 0.89764 0.99947 -0.03265
0.14944 0.89759 0.99945 -0.03308
0.15120 0.89753 0.99944 -0.03350
0.15295 0.89747 0.99942 -0.03393
0.15470 0.89741 0.99941 -0.03436
0.15646 0.89735 0.99939 -0.03479
0.15821 0.89729 0.99938 -0.03522
0.15995 0.89722 0.99936 -0.03565
0.16170 0.89716 0.99935 -0.03609
0.16345 0.89710 0.99933 -0.03652
0.16520 0.89703 0.99932 -0.03696
0.16694 0.89697 0.99930 -0.03739
0.16868 0.89690 0.99928 -0.03783
0.17043 0.89684 0.99927 -0.03827
0.17217 0.89677 0.99925 -0.03871
0.17391 0.89670 0.99923 -0.03915
0.17564 0.89663 0.99922 -0.03960
0.17738 0.89656 0.99920 -0.04004
0.17912 0.89649 0.99918 -0.04049
0.18085 0.89642 0.99916 -0.04093
0.18259 0.89635 0.99914 -0.04138
0.18432 0.89628 0.99912 -0.04183
0.18605 0.89621 0.99911 -0.04228
0.18778 0.89613 0.99909 -0.04274
0.18951 0.89606 0.99907 -0.04319
0.19123 0.89598 0.99905 -0.04365
0.19296 0.89591 0.99903 -0.04411
0.19469 0.89583 0.99901 -0.04456
0.19641 0.89575 0.99899 -0.04503
0.19813 0.89568 0.99896 -0.04549
0.19985 0.89560 0.99894 -0.04595
0.20157 0.89552 0.99892 -0.04642
0.20329 0.89544 0.99890 -0.04688
0.20500 0.89536 0.99888 -0.04735
0.20672 0.89528 0.99886 -0.04782
0.20843 0.89519 0.99883 -0.04829
0.21014 0.89511 0.99881 -0.04876
0.21185 0.89503 0.99879 -0.04924
0.21356 0.89494 0.99876 -0.04972
0.21527 0.89486 0.99874 -0.05019
0.21698 0.89477 0.99872 -0.05067
0.21868 0.89468 0.99869 -0.05116
0.22038 0.89460 0.99867 -0.05164
0.22209 0.89451 0.99864 -0.05212
0.22379 0.89442 0.99862 -0.05261
0.22548 0.89433 0.99859 -0.05310
0.22718 0.89424 0.99856 -0.05359
0.22888 0.89415 0.99854 -0.05408
0.23057 0.89405 0.99851 -0.05457
0.23226 0.89396 0.99848 -0.05507
0.23395 0.89387 0.99845 -0.05557
0.23564 0.89377 0.99843 -0.05607
0.23733 0.89368 0.99840 -0.05657
0.23902 0.89358 0.99837 -0.05707
0.24070 0.89348 0.99834 -0.05758
0.24238 0.89339 0.99831 -0.05809
0.24406 0.89329 0.99828 -0.05860
0.24574 0.89319 0.99825 -0.05911
0.24742 0.89309 0.99822 -0.05962
0.24910 0.89299 0.99819 -0.06013
0.25077 0.89289 0.99816 -0.06065
0.25244 0.89279 0.99813 -0.06117
0.25411 0.89268 0.99810 -0.06169
0.25578 0.89258 0.99806 -0.06222
0.25745 0.89248 0.99803 -0.06274
0.25912 0.89237 0.99800 -0.06327
0.26078 0.89226 0.99796 -0.06380
0.26244 0.89216 0.99793 -0.06433
0.26410 0.89205 0.99789 -0.06487
0.26576 0.89194 0.99786 -0.06540
0.26742 0.89183 0.99782 -0.06594
0.26907 0.89172 0.99779 -0.06648
0.27073 0.89161 0.99775 -0.06703
0.27238 0.89150 0.99771 -0.06757
0.27403 0.89139 0.99768 -0.06812
0.27568 0.89128 0.99764 -0.06867
0.27732 0.89116 0.99760 -0.06922
0.27897 0.89105 0.99756 -0.06978
0.28061 0.89093 0.99752 -0.07034
0.28225 0.89082 0.99748 -0.07089
0.28389 0.89070 0.99744 -0.07146
0.28553 0.89058 0.99740 -0.07202
0.28716 0.89046 0.99736 -0.07259
0.28879 0.89034 0.99732 -0.07316
0.29043 0.89022 0.99728 -0.07373
0.29206 0.89010 0.99724 -0.07430
0.29368 0.88998 0.99719 -0.07488
0.29531 0.88986 0.99715 -0.07546
0.29693 0.88973 0.99710 -0.07604
0.29855 0.88961 0.99706 -0.07663
0.30017 0.88949 0.99701 -0.07722
0.30179 0.88936 0.99697 -0.07781
0.30341 0.88923 0.99692 -0.07840
0.30502 0.88911 0.99688 -0.07899
0.30663 0.88898 0.99683 -0.07959
0.30824 0.88885 0.99678 -0.08019
0.30985 0.88872 0.99673 -0.08080
0.31146 0.88859 0.99668 -0.08140
0.31306 0.88846 0.99663 -0.08201
0.31466 0.88832 0.99658 -0.08262
0.31626 0.88819 0.99653 -0.08324
0.31786 0.88806 0.99648 -0.08385
0.31945 0.88792 0.99643 -0.08447
0.32105 0.88779 0.99637 -0.08510
0.32264 0.88765 0.99632 -0.08572
0.32423 0.88751 0.99626 -0.08635
0.32582 0.88738 0.99621 -0.08699
0.32740 0.88724 0.99615 -0.08762
0.32898 0.88710 0.99610 -0.08826
0.33057 0.88696 0.99604 -0.08890
0.33214 0.88681 0.99598 -0.08954
0.33372 0.88667 0.99592 -0.09019
0.33530 0.88653 0.99587 -0.09084
0.33687 0.88639 0.99581 -0.09149
0.33844 0.88624 0.99575 -0.09215
0.34001 0.88609 0.99568 -0.09281
0.34157 0.88595 0.99562 -0.09347
0.34314 0.88580 0.99556 -0.09414
0.34470 0.88565 0.99550 -0.09481
0.34626 0.88550 0.99543 -0.09548
0.34782 0.88535 0.99537 -0.09615
0.34937 0.88520 0.99530 -0.09683
0.35093 0.88505 0.99523 -0.09752
0.35248 0.88490 0.99517 -0.09820
0.35403 0.88475 0.99510 -0.09889
0.35557 0.88459 0.99503 -0.09958
0.35712 0.88444 0.99496 -0.10028
0.35866 0.88428 0.99489 -0.10098
0.36020 0.88412 0.99482 -0.10168
0.36174 0.88397 0.99474 -0.10238
0.36327 0.88381 0.99467 -0.10309
0.36481 0.88365 0.99460 -0.10381
0.36634 0.88349 0.99452 -0.10452
0.36786 0.88333 0.99445 -0.10524
0.36939 0.88316 0.99437 -0.10597
0.37092 0.88300 0.99429 -0.10669
0.37244 0.88284 0.99421 -0.10743
0.37396 0.88267 0.99413 -0.10816
0.37547 0.88251 0.99405 -0.10890
0.37699 0.88234 0.99397 -0.10964
0.37850 0.88217 0.99389 -0.11039
0.38001 0.88200 0.99381 -0.11113
0.38152 0.88183 0.99372 -0.11189
0.38303 0.88166 0.99364 -0.11264
0.38453 0.88149 0.99355 -0.11341
0.38603 0.88132 0.99346 -0.11417
0.38753 0.88115 0.99337 -0.11494
0.38903 0.88098 0.99328 -0.11571
0.39052 0.88080 0.99319 -0.11649
0.39201 0.88062 0.99310 -0.11727
0.39350 0.88045 0.99301 -0.11805
0.39499 0.88027 0.99291 -0.11884
0.39647 0.88009 0.99282 -0.11963
0.39796 0.87991 0.99272 -0.12043
0.39944 0.87973 0.99262 -0.12123
0.40091 0.87955 0.99253 -0.12203
0.40239 0.87937 0.99243 -0.12284
0.40386 0.87919 0.99233 -0.12366
0.40533 0.87900 0.99222 -0.12447
0.40680 0.87882 0.99212 -0.12529
0.40826 0.87863 0.99202 -0.12612
0.40973 0.87845 0.99191 -0.12695
0.41119 0.87826 0.99180 -0.12778
0.41265 0.87807 0.99169 -0.12862
0.41410 0.87788 0.99158 -0.12946
0.41556 0.87769 0.99147 -0.13031
0.41701 0.87750 0.99136 -0.13116
0.41846 0.87731 0.99125 -0.13202
0.41990 0.87711 0.99113 -0.13288
0.42135 0.87692 0.99102 -0.13374
0.42279 0.87672 0.99090 -0.13461
0.42423 0.87653 0.99078 -0.13549
0.42566 0.87633 0.99066 -0.13637
0.42710 0.87613 0.99054 -0.13725
0.42853 0.87593 0.99041 -0.13814
0.42996 0.87573 0.99029 -0.13903
0.43138 0.87553 0.99016 -0.13993
0.43281 0.87533 0.99003 -0.14083
0.43423 0.87513 0.98990 -0.14173
0.43565 0.87492 0.98977 -0.14265
0.43706 0.87472 0.98964 -0.14356
0.43848 0.87451 0.98951 -0.14448
0.43989 0.87431 0.98937 -0.14541
0.44130 0.87410 0.98923 -0.14634
0.44270 0.87389 0.98910 -0.14727
0.44411 0.87368 0.98896 -0.14821
0.44551 0.87347 0.98881 -0.14916
0.44691 0.87326 0.98867 -0.15011
0.44831 0.87305 0.98852 -0.15106
0.44970 0.87283 0.98838 -0.15202
0.45109 0.87262 0.98823 -0.15299
0.45248 0.87240 0.98808 -0.15396
0.45387 0.87219 0.98792 -0.15494
0.45525 0.87197 0.98777 -0.15592
0.45663 0.87175 0.98761 -0.15690
0.45801 0.87153 0.98746 -0.15789
0.45939 0.87131 0.98730 -0.15889
0.46076 0.87109 0.98713 -0.15989
0.46213 0.87086 0.98697 -0.16090
0.46350 0.87064 0.98681 -0.16191
0.46487 0.87042 0.98664 -0.16293
0.46623 0.87019 0.98647 -0.16395
0.46759 0.86996 0.98630 -0.16498
0.46895 0.86973 0.98612 -0.16601
0.47030 0.86951 0.98595 -0.16705
0.47166 0.86928 0.98577 -0.16809
0.47301 0.86904 0.98559 -0.16914
0.47435 0.86881 0.98541 -0.17020
0.47570 0.86858 0.98523 -0.17126
0.47704 0.86835 0.98504 -0.17233
0.47838 0.86811 0.98485 -0.17340
0.47972 0.86787 0.98466 -0.17448
0.48106 0.86764 0.98447 -0.17556
0.48239 0.86740 0.98427 -0.17665
0.48372 0.86716 0.98408 -0.17775
0.48504 0.86692 0.98388 -0.17885
0.48637 0.86668 0.98368 -0.17995
0.48769 0.86643 0.98347 -0.18107
0.48901 0.86619 0.98326 -0.18218
0.49033 0.86595 0.98306 -0.18331
0.49164 0.86570 0.98284 -0.18444
0.49295 0.86545 0.98263 -0.18557
0.49426 0.86520 0.98241 -0.18672
0.49557 0.86496 0.98219 -0.18786
0.49687 0.86471 0.98197 -0.18902
0.49817 0.86445 0.98175 -0.19018
0.49947 0.86420 0.98152 -0.19135
0.50077 0.86395 0.98129 -0.19252
0.50206 0.86369 0.98106 -0.19370
0.50335 0.86344 0.98083 -0.19488
0.50464 0.86318 0.98059 -0.19607
0.50593 0.86292 0.98035 -0.19727
0.50721 0.86266 0.98011 -0.19847
0.50849 0.86240 0.97986 -0.19968
0.50977 0.86214 0.97961 -0.20090
0.51104 0.86188 0.97936 -0.20212
0.51231 0.86162 0.97911 -0.20335
0.51358 0.86135 0.97885 -0.20458
0.51485 0.86109 0.97859 -0.20582
0.51611 0.86082 0.97833 -0.20707
0.51738 0.86055 0.97806 -0.20833
0.51864 0.86028 0.97779 -0.20959
0.51989 0.86001 0.97752 -0.21085
0.52115 0.85974 0.97724 -0.21213
0.52240 0.85947 0.97696 -0.21341
0.52365 0.85920 0.97668 -0.21469
0.52489 0.85892 0.97640 -0.21599
0.52613 0.85865 0.97611 -0.21729
0.52737 0.85837 0.97582 -0.21860
0.52861 0.85809 0.97552 -0.21991
0.52985 0.85781 0.97522 -0.22123
0.53108 0.85753 0.97492 -0.22256
0.53231 0.85725 0.97461 -0.22389
0.53354 0.85697 0.97431 -0.22523
0.53476 0.85668 0.97399 -0.22658
0.53598 0.85640 0.97368 -0.22793
0.53720 0.85611 0.97336 -0.22929
0.53842 0.85582 0.97303 -0.23066
0.53964 0.85553 0.97271 -0.23204
0.54085 0.85524 0.97238 -0.23342
0.54206 0.85495 0.97204 -0.23481
0.54326 0.85466 0.97170 -0.23620
0.54447 0.85437 0.97136 -0.23761
0.54567 0.85407 0.97102 -0.23902
0.54686 0.85378 0.97067 -0.24043
0.54806 0.85348 0.97031 -0.24186
0.54925 0.85318 0.96995 -0.24329
0.55044 0.85288 0.96959 -0.24473
0.55163 0.85258 0.96923 -0.24617
0.55282 0.85228 0.96886 -0.24763
0.55400 0.85198 0.96848 -0.24909
0.55518 0.85167 0.96810 -0.25055
0.55635 0.85137 0.96772 -0.25203
0.55753 0.85106 0.96733 -0.25351
0.55870 0.85075 0.96694 -0.25500
0.55987 0.85044 0.96655 -0.25649
0.56104 0.85013 0.96615 -0.25800
0.56220 0.84982 0.96574 -0.25951
0.56336 0.84951 0.96533 -0.26103
0.56452 0.84919 0.96492 -0.26255
0.56568 0.84888 0.96450 -0.26409
0.56683 0.84856 0.96408 -0.26563
0.56798 0.84824 0.96365 -0.26717
0.56913 0.84792 0.96322 -0.26873
0.57027 0.84760 0.96278 -0.27029
0.57141 0.84728 0.96234 -0.27186
0.57255 0.84696 0.96189 -0.27344
0.57369 0.84663 0.96144 -0.27502
0.57483 0.84631 0.96098 -0.27662
0.57596 0.84598 0.96052 -0.27822
0.57709 0.84565 0.96005 -0.27982
0.57821 0.84532 0.95958 -0.28144
0.57934 0.84499 0.95910 -0.28306
0.58046 0.84466 0.95862 -0.28469
0.58158 0.84433 0.95813 -0.28633
0.58270 0.84399 0.95764 -0.28798
0.58381 0.84366 0.95714 -0.28963
0.58492 0.84332 0.95664 -0.29129
0.58603 0.84298 0.95613 -0.29296
0.58713 0.84264 0.95561 -0.29463
0.58824 0.84230 0.95509 -0.29632
0.58934 0.84196 0.95456 -0.29801
0.59043 0.84161 0.95403 -0.29971
0.59153 0.84127 0.95349 -0.30141
0.59262 0.84092 0.95295 -0.30313
0.59371 0.84058 0.95240 -0.30485
0.59480 0.84023 0.95185 -0.30658
0.59588 0.83988 0.95128 -0.30832
0.59697 0.83952 0.95072 -0.31006
0.59805 0.83917 0.95014 -0.31181
0.59912 0.83882 0.94956 -0.31357
0.60020 0.83846 0.94898 -0.31534
0.60127 0.83810 0.94839 -0.31712
0.60234 0.83774 0.94779 -0.31890
0.60340 0.83738 0.94718 -0.32069
0.60447 0.83702 0.94657 -0.32249
0.60553 0.83666 0.94596 -0.32430
0.60659 0.83630 0.94533 -0.32611
0.60764 0.83593 0.94470 -0.32793
0.60870 0.83556 0.94406 -0.32976
0.60975 0.83520 0.94342 -0.33160
0.61079 0.83483 0.94277 -0.33344
0.61184 0.83446 0.94211 -0.33529
0.61288 0.83408 0.94145 -0.33715
0.61392 0.83371 0.94078 -0.33902
0.61496 0.83334 0.94010 -0.34090
0.61600 0.83296 0.93942 -0.34278
0.61703 0.83258 0.93872 -0.34467
0.61806 0.83220 0.93803 -0.34657
0.61909 0.83182 0.93732 -0.34847
0.62011 0.83144 0.93661 -0.35038
0.62113 0.83105 0.93589 -0.35230
0.62215 0.83067 0.93516 -0.35423
0.62317 0.83028 0.93442 -0.35617
0.62418 0.82990 0.93368 -0.35811
0.62519 0.82951 0.93293 -0.36006
0.62620 0.82912 0.93217 -0.36202
0.62721 0.82872 0.93141 -0.36398
0.62821 0.82833 0.93063 -0.36596
0.62922 0.82793 0.92985 -0.36794
0.63022 0.82754 0.92906 -0.36992
0.63121 0.82714 0.92827 -0.37192
0.63221 0.82674 0.92746 -0.37392
0.63320 0.82634 0.92665 -0.37593
0.63419 0.82594 0.92583 -0.37795
0.63517 0.82553 0.92500 -0.37997
0.63616 0.82513 0.92416 -0.38200
0.63714 0.82472 0.92332 -0.38404
0.63812 0.82431 0.92246 -0.38608
0.63909 0.82390 0.92160 -0.38814
0.64007 0.82349 0.92073 -0.39019
0.64104 0.82308 0.91985 -0.39226
0.64200 0.82266 0.91897 -0.39433
0.64297 0.82225 0.91807 -0.39641
0.64393 0.82183 0.91717 -0.39850
0.64489 0.82141 0.91625 -0.40060
0.64585 0.82099 0.91533 -0.40270
0.64681 0.82057 0.91440 -0.40480
0.64776 0.82015 0.91346 -0.40692
0.64871 0.81972 0.91252 -0.40904
0.64966 0.81930 0.91156 -0.41117
0.65061 0.81887 0.91059 -0.41330
0.65155 0.81844 0.90962 -0.41544
0.65249 0.81801 0.90864 -0.41759
0.65343 0.81758 0.90764 -0.41974
0.65436 0.81714 0.90664 -0.42190
0.65530 0.81671 0.90563 -0.42407
0.65623 0.81627 0.90461 -0.42624
0.65716 0.81583 0.90358 -0.42842
0.65808 0.81539 0.90254 -0.43061
0.65901 0.81495 0.90149 -0.43280
0.65993 0.81450 0.90043 -0.43500
0.66085 0.81406 0.89936 -0.43720
0.66176 0.81361 0.89829 -0.43941
0.66267 0.81316 0.89720 -0.44162
0.66359 0.81271 0.89610 -0.44384
0.66449 0.81226 0.89500 -0.44607
0.66540 0.81181 0.89388 -0.44830
0.66630 0.81136 0.89276 -0.45054
0.66720 0.81090 0.89162 -0.45279
0.66810 0.81044 0.89047 -0.45503
0.66900 0.80998 0.88932 -0.45729
0.66989 0.80952 0.88815 -0.45955
0.67078 0.80906 0.88698 -0.46181
0.67167 0.80859 0.88579 -0.46408
0.67256 0.80813 0.88460 -0.46636
0.67344 0.80766 0.88339 -0.46864
0.67432 0.80719 0.88217 -0.47092
0.67520 0.80672 0.88095 -0.47321
0.67608 0.80625 0.87971 -0.47551
0.67695 0.80577 0.87846 -0.47781
0.67783 0.80530 0.87721 -0.48011
0.67870 0.80482 0.87594 -0.48242
0.67956 0.80434 0.87466 -0.48473
0.68043 0.80386 0.87337 -0.48705
0.68129 0.80338 0.87207 -0.48937
0.68215 0.80290 0.87076 -0.49170
0.68301 0.80241 0.86944 -0.49403
0.68386 0.80192 0.86811 -0.49636
0.68471 0.80143 0.86677 -0.49870
0.68556 0.80094 0.86542 -0.50104
0.68641 0.80045 0.86406 -0.50339
0.68726 0.79996 0.86269 -0.50574
0.68810 0.79946 0.86130 -0.50809
0.68894 0.79896 0.85991 -0.51045
0.68978 0.79846 0.85851 -0.51280
0.69062 0.79796 0.85709 -0.51517
0.69145 0.79746 0.85566 -0.51753
0.69228 0.79696 0.85423 -0.51990
0.69311 0.79645 0.85278 -0.52227
0.69394 0.79594 0.85132 -0.52465
0.69476 0.79543 0.84985 -0.52702
0.69558 0.79492 0.84837 -0.52940
0.69640 0.79441 0.84688 -0.53178
0.69722 0.79389 0.84538 -0.53417
0.69803 0.79338 0.84387 -0.53655
0.69885 0.79286 0.84234 -0.53894
0.69966 0.79234 0.84081 -0.54133
0.70046 0.79182 0.83926 -0.54372
0.70127 0.79129 0.83771 -0.54612
0.70207 0.79077 0.83614 -0.54851
0.70287 0.79024 0.83456 -0.55091
0.70367 0.78971 0.83298 -0.55331
0.70447 0.78918 0.83138 -0.55571
0.70526 0.78865 0.82977 -0.55811
0.70605 0.78812 0.82815 -0.56051
0.70684 0.78758 0.82651 -0.56292
0.70763 0.78704 0.82487 -0.56532
0.70841 0.78650 0.82322 -0.56772
0.70920 0.78596 0.82156 -0.57013
0.70998 0.78542 0.81988 -0.57253
0.71075 0.78487 0.81820 -0.57494
0.71153 0.78433 0.81650 -0.57735
0.71230 0.78378 0.81479 -0.57975
0.71308 0.78323 0.81308 -0.58216
0.71384 0.78268 0.81135 -0.58456
0.71461 0.78212 0.80961 -0.58697
0.71537 0.78157 0.80786 -0.58938
0.71614 0.78101 0.80610 -0.59178
0.71690 0.78045 0.80433 -0.59418
0.71765 0.77989 0.80255 -0.59659
0.71841 0.77932 0.80076 -0.59899
0.71916 0.77876 0.79896 -0.60139
0.71991 0.77819 0.79714 -0.60379
0.72066 0.77762 0.79532 -0.60619
0.72141 0.77705 0.79349 -0.60858
0.72215 0.77648 0.79165 -0.61098
0.72289 0.77591 0.78979 -0.61337
0.72363 0.77533 0.78793 -0.61577
0.72437 0.77475 0.78606 -0.61816
0.72511 0.77417 0.78417 -0.62054
0.72584 0.77359 0.78228 -0.62293
0.72657 0.77301 0.78038 -0.62531
0.72730 0.77242 0.77846 -0.62769
0.72803 0.77183 0.77654 -0.63007
0.72875 0.77124 0.77461 -0.63244
0.72947 0.77065 0.77266 -0.63482
0.73019 0.77006 0.77071 -0.63718
0.73091 0.76946 0.76875 -0.63955
0.73163 0.76886 0.76678 -0.64191
0.73234 0.76827 0.76480 -0.64427
0.73305 0.76766 0.76281 -0.64663
0.73376 0.76706 0.76081 -0.64898
0.73447 0.76646 0.75880 -0.65133
0.73517 0.76585 0.75678 -0.65367
0.73588 0.76524 0.75475 -0.65601
0.73658 0.76463 0.75272 -0.65835
0.73728 0.76402 0.75067 -0.66068
0.73797 0.76340 0.74862 -0.66300
0.73867 0.76279 0.74655 -0.66533
0.73936 0.76217 0.74448 -0.66764
0.74005 0.76155 0.74240 -0.66996
0.74074 0.76092 0.74031 -0.67226
0.74142 0.76030 0.73821 -0.67457
0.74211 0.75967 0.73611 -0.67686
0.74279 0.75904 0.73399 -0.67915
0.74347 0.75841 0.73187 -0.68144
0.74414 0.75778 0.72974 -0.68372
0.74482 0.75715 0.72760 -0.68600
0.74549 0.75651 0.72546 -0.68827
0.74616 0.75587 0.72330 -0.69053
0.74683 0.75523 0.72114 -0.69279
0.74750 0.75459 0.71897 -0.69504
0.74816 0.75394 0.71680 -0.69728
0.74883 0.75329 0.71461 -0.69952
0.74949 0.75265 0.71242 -0.70175
0.75015 0.75200 0.71022 -0.70398
0.75080 0.75134 0.70802 -0.70620
0.75146 0.75069 0.70580 -0.70841
0.75211 0.75003 0.70359 -0.71061
0.75276 0.74937 0.70136 -0.71281
0.75341 0.74871 0.69913 -0.71500
0.75406 0.74805 0.69689 -0.71718
0.75470 0.74738 0.69464 -0.71936
0.75534 0.74671 0.69239 -0.72152
0.75598 0.74604 0.69013 -0.72368
0.75662 0.74537 0.68787 -0.72584
0.75726 0.74470 0.68560 -0.72798
0.75789 0.74402 0.68332 -0.73012
0.75852 0.74335 0.68104 -0.73225
0.75915 0.74267 0.67875 -0.73437
0.75978 0.74198 0.67646 -0.73648
0.76041 0.74130 0.67416 -0.73858
0.76103 0.74061 0.67186 -0.74068
0.76166 0.73993 0.66955 -0.74277
0.76228 0.73924 0.66724 -0.74485
0.76289 0.73854 0.66492 -0.74692
0.76351 0.73785 0.66259 -0.74898
0.76413 0.73715 0.66027 -0.75103
0.76474 0.73645 0.65793 -0.75307
0.76535 0.73575 0.65560 -0.75511
0.76596 0.73505 0.65326 -0.75714
0.76656 0.73434 0.65091 -0.75915
0.76717 0.73364 0.64856 -0.76116
0.76777 0.73293 0.64621 -0.76316
0.76837 0.73221 0.64386 -0.76515
0.76897 0.73150 0.64150 -0.76713
0.76957 0.73078 0.63913 -0.76910
0.77016 0.73007 0.63677 -0.77106
0.77076 0.72935 0.63440 -0.77301
0.77135 0.72862 0.63203 -0.77495
0.77194 0.72790 0.62965 -0.77688
0.77252 0.72717 0.62727 -0.77880
0.77311 0.72644 0.62489 -0.78071
0.77369 0.72571 0.62251 -0.78261
0.77427 0.72498 0.62012 -0.78451
0.77485 0.72424 0.61773 -0.78639
0.77543 0.72350 0.61534 -0.78826
0.77601 0.72276 0.61295 -0.79012
0.77658 0.72202 0.61056 -0.79197
0.77715 0.72128 0.60816 -0.79381
0.77772 0.72053 0.60577 -0.79564
0.77829 0.71978 0.60337 -0.79746
0.77886 0.71903 0.60097 -0.79927
0.77942 0.71828 0.59857 -0.80107
0.77999 0.71752 0.59616 -0.80286
0.78055 0.71676 0.59376 -0.80464
0.78111 0.71600 0.59136 -0.80641
0.78166 0.71524 0.58895 -0.80817
0.78222 0.71448 0.58655 -0.80992
0.78277 0.71371 0.58414 -0.81165
0.78333 0.71294 0.58173 -0.81338
0.78388 0.71217 0.57933 -0.81509
0.78442 0.71139 0.57692 -0.81680
0.78497 0.71062 0.57452 -0.81849
0.78552 0.70984 0.57211 -0.82018
0.78606 0.70906 0.56971 -0.82185
0.78660 0.70828 0.56730 -0.82351
0.78714 0.70749 0.56490 -0.82516
0.78768 0.70670 0.56249 -0.82680
0.78821 0.70591 0.56009 -0.82843
0.78874 0.70512 0.55769 -0.83005
0.78928 0.70433 0.55529 -0.83166
0.78981 0.70353 0.55289 -0.83326
0.79034 0.70273 0.55049 -0.83484
0.79086 0.70193 0.54809 -0.83642
0.79139 0.70113 0.54570 -0.83798
0.79191 0.70032 0.54330 -0.83954
0.79243 0.69951 0.54091 -0.84108
0.79295 0.69870 0.53852 -0.84261
0.79347 0.69789 0.53613 -0.84413
0.79399 0.69707 0.53375 -0.84564
0.79450 0.69626 0.53136 -0.84714
0.79501 0.69544 0.52898 -0.84863
0.79552 0.69462 0.52660 -0.85011
0.79603 0.69379 0.52423 -0.85158
0.79654 0.69296 0.52185 -0.85304
0.79705 0.69213 0.51948 -0.85448
0.79755 0.69130 0.51711 -0.85592
0.79805 0.69047 0.51475 -0.85734
0.79855 0.68963 0.51239 -0.85875
0.79905 0.68879 0.51003 -0.86016
0.79955 0.68795 0.50767 -0.86155
0.80004 0.68711 0.50532 -0.86293
0.80054 0.68626 0.50297 -0.86430
0.80103 0.68542 0.50063 -0.86566
0.80152 0.68456 0.49829 -0.86701
0.80201 0.68371 0.49595 -0.86835
0.80250 0.68286 0.49362 -0.86968
0.80298 0.68200 0.49129 -0.87100
0.80347 0.68114 0.48896 -0.87230
0.80395 0.68028 0.48664 -0.87360
0.80443 0.67941 0.48433 -0.87489
0.80491 0.67854 0.48201 -0.87616
0.80538 0.67767 0.47971 -0.87743
0.80586 0.67680 0.47740 -0.87868
0.80633 0.67593 0.47510 -0.87993
0.80680 0.67505 0.47281 -0.88116
0.80727 0.67417 0.47052 -0.88239
0.80774 0.67329 0.46824 -0.88360
0.80821 0.67240 0.46596 -0.88481
0.80868 0.67152 0.46368 -0.88600
0.80914 0.67063 0.46141 -0.88718
0.80960 0.66974 0.45915 -0.88836
0.81006 0.66884 0.45689 -0.88952
0.81052 0.66794 0.45464 -0.89068
0.81098 0.66705 0.45239 -0.89182
0.81144 0.66614 0.45015 -0.89295
0.81189 0.66524 0.44791 -0.89408
0.81234 0.66433 0.44568 -0.89519
0.81279 0.66343 0.44345 -0.89630
0.81324 0.66251 0.44123 -0.89739
0.81369 0.66160 0.43902 -0.89848
0.81414 0.66068 0.43681 -0.89955
0.81458 0.65976 0.43461 -0.90062
0.81503 0.65884 0.43241 -0.90168
0.81547 0.65792 0.43022 -0.90272
0.81591 0.65699 0.42804 -0.90376
0.81635 0.65606 0.42586 -0.90479
0.81678 0.65513 0.42369 -0.90581
0.81722 0.65420 0.42152 -0.90682
0.81765 0.65326 0.41936 -0.90782
0.81808 0.65233 0.41721 -0.90881
0.81851 0.65138 0.41506 -0.90979
0.81894 0.65044 0.41292 -0.91077
0.81937 0.64949 0.41079 -0.91173
0.81980 0.64855 0.40867 -0.91268
0.82022 0.64759 0.40655 -0.91363
0.82065 0.64664 0.40443 -0.91457
0.82107 0.64568 0.40233 -0.91550
0.82149 0.64473 0.40023 -0.91642
0.82191 0.64376 0.39813 -0.91733
0.82232 0.64280 0.39605 -0.91823
0.82274 0.64183 0.39397 -0.91912
0.82315 0.64087 0.39190 -0.92001
0.82356 0.63989 0.38983 -0.92089
0.82398 0.63892 0.38777 -0.92175
0.82439 0.63794 0.38572 -0.92261
0.82479 0.63696 0.38368 -0.92347
0.82520 0.63598 0.38164 -0.92431
0.82560 0.63500 0.37961 -0.92515
0.82601 0.63401 0.37759 -0.92597
0.82641 0.63302 0.37557 -0.92679
0.82681 0.63203 0.37357 -0.92760
0.82721 0.63104 0.37157 -0.92841
0.82761 0.63004 0.36957 -0.92920
0.82800 0.62904 0.36759 -0.92999
0.82840 0.62804 0.36561 -0.93077
0.82879 0.62703 0.36364 -0.93154
0.82918 0.62603 0.36167 -0.93231
0.82957 0.62502 0.35972 -0.93306
0.82996 0.62400 0.35777 -0.93381
0.83035 0.62299 0.35583 -0.93455
0.83074 0.62197 0.35389 -0.93529
0.83112 0.62095 0.35197 -0.93601
0.83151 0.61993 0.35005 -0.93673
0.83189 0.61890 0.34813 -0.93744
0.83227 0.61788 0.34623 -0.93815
0.83265 0.61685 0.34433 -0.93885
0.83302 0.61581 0.34245 -0.93954
0.83340 0.61478 0.34056 -0.94022
0.83378 0.61374 0.33869 -0.94090
0.83415 0.61270 0.33682 -0.94157
0.83452 0.61166 0.33497 -0.94223
0.83489 0.61061 0.33312 -0.94289
0.83526 0.60956 0.33127 -0.94354
0.83563 0.60851 0.32944 -0.94418
0.83600 0.60746 0.32761 -0.94481
0.83636 0.60640 0.32579 -0.94544
0.83672 0.60534 0.32398 -0.94607
0.83709 0.60428 0.32217 -0.94668
0.83745 0.60322 0.32037 -0.94729
0.83781 0.60215 0.31858 -0.94789
0.83817 0.60108 0.31680 -0.94849
0.83852 0.60001 0.31503 -0.94908
0.83888 0.59893 0.31326 -0.94967
0.83923 0.59786 0.31150 -0.95025
0.83959 0.59678 0.30975 -0.95082
0.83994 0.59569 0.30801 -0.95138
0.84029 0.59461 0.30627 -0.95194
0.84064 0.59352 0.30455 -0.95250
0.84098 0.59243 0.30282 -0.95305
0.84133 0.59134 0.30111 -0.95359
0.84168 0.59024 0.29941 -0.95413
0.84202 0.58914 0.29771 -0.95466
0.84236 0.58804 0.29602 -0.95518
0.84270 0.58694 0.29434 -0.95570
0.84304 0.58583 0.29266 -0.95622
0.84338 0.58472 0.29100 -0.95672
0.84372 0.58361 0.28934 -0.95723
0.84405 0.58250 0.28769 -0.95773
0.84439 0.58138 0.28604 -0.95822
0.84472 0.58026 0.28440 -0.95870
0.84505 0.57914 0.28278 -0.95919
0.84538 0.57802 0.28115 -0.95966
0.84571 0.57689 0.27954 -0.96013
0.84604 0.57576 0.27793 -0.96060
0.84637 0.57463 0.27634 -0.96106
0.84669 0.57349 0.27474 -0.96152
0.84702 0.57235 0.27316 -0.96197
0.84734 0.57121 0.27158 -0.96241
0.84766 0.57007 0.27002 -0.96286
0.84798 0.56892 0.26845 -0.96329
0.84830 0.56778 0.26690 -0.96372
0.84862 0.56663 0.26535 -0.96415
0.84893 0.56547 0.26381 -0.96457
0.84925 0.56432 0.26228 -0.96499
0.84956 0.56316 0.26076 -0.96540
0.84988 0.56199 0.25924 -0.96581
0.85019 0.56083 0.25773 -0.96622
0.85050 0.55966 0.25623 -0.96662
0.85081 0.55849 0.25474 -0.96701
0.85111 0.55732 0.25325 -0.96740
0.85142 0.55615 0.25177 -0.96779
0.85173 0.55497 0.25029 -0.96817
0.85203 0.55379 0.24883 -0.96855
0.85233 0.55261 0.24737 -0.96892
0.85263 0.55142 0.24592 -0.96929
0.85294 0.55023 0.24447 -0.96966
0.85323 0.54904 0.24304 -0.97002
0.85353 0.54785 0.24161 -0.97037
0.85383 0.54665 0.24018 -0.97073
0.85412 0.54545 0.23877 -0.97108
0.85442 0.54425 0.23736 -0.97142
0.85471 0.54305 0.23596 -0.97176
0.85500 0.54184 0.23456 -0.97210
0.85530 0.54063 0.23318 -0.97243
0.85559 0.53942 0.23179 -0.97276
0.85587 0.53821 0.23042 -0.97309
0.85616 0.53699 0.22905 -0.97341
0.85645 0.53577 0.22769 -0.97373
0.85673 0.53455 0.22634 -0.97405
0.85702 0.53332 0.22499 -0.97436
0.85730 0.53209 0.22365 -0.97467
0.85758 0.53086 0.22232 -0.97497
0.85786 0.52963 0.22100 -0.97527
0.85814 0.52839 0.21968 -0.97557
0.85842 0.52716 0.21836 -0.97587
0.85869 0.52592 0.21706 -0.97616
0.85897 0.52467 0.21576 -0.97645
0.85924 0.52343 0.21447 -0.97673
0.85952 0.52218 0.21318 -0.97701
0.85979 0.52092 0.21190 -0.97729
0.86006 0.51967 0.21063 -0.97757
0.86033 0.51841 0.20936 -0.97784
0.86060 0.51715 0.20810 -0.97811
0.86087 0.51589 0.20685 -0.97837
0.86113 0.51463 0.20560 -0.97864
0.86140 0.51336 0.20436 -0.97889
0.86166 0.51209 0.20313 -0.97915
0.86193 0.51082 0.20190 -0.97941
0.86219 0.50954 0.20068 -0.97966
0.86245 0.50826 0.19947 -0.97990
0.86271 0.50698 0.19826 -0.98015
0.86297 0.50570 0.19706 -0.98039
0.86323 0.50441 0.19586 -0.98063
0.86348 0.50312 0.19467 -0.98087
0.86374 0.50183 0.19349 -0.98110
0.86399 0.50054 0.19231 -0.98133
0.86425 0.49924 0.19114 -0.98156
0.86450 0.49794 0.18997 -0.98179
0.86475 0.49664 0.18881 -0.98201
0.86500 0.49534 0.18766 -0.98223
0.86525 0.49403 0.18651 -0.98245
0.86550 0.49272 0.18537 -0.98267
0.86574 0.49141 0.18424 -0.98288
0.86599 0.49010 0.18311 -0.98309
0.86623 0.48878 0.18199 -0.98330
0.86648 0.48746 0.18087 -0.98351
0.86672 0.48614 0.17976 -0.98371
0.86696 0.48481 0.17865 -0.98391
0.86720 0.48348 0.17755 -0.98411
0.86744 0.48215 0.17646 -0.98431
0.86768 0.48082 0.17537 -0.98450
0.86792 0.47948 0.17429 -0.98469
0.86815 0.47815 0.17321 -0.98488
0.86839 0.47681 0.17214 -0.98507
0.86862 0.47546 0.17107 -0.98526
0.86885 0.47412 0.17001 -0.98544
0.86909 0.47277 0.16896 -0.98562
0.86932 0.47142 0.16791 -0.98580
0.86955 0.47006 0.16687 -0.98598
0.86977 0.46871 0.16583 -0.98615
0.87000 0.46735 0.16480 -0.98633
0.87023 0.46599 0.16377 -0.98650
0.87045 0.46462 0.16275 -0.98667
0.87068 0.46326 0.16173 -0.98684
0.87090 0.46189 0.16072 -0.98700
0.87113 0.46052 0.15971 -0.98716
0.87135 0.45914 0.15871 -0.98732
0.87157 0.45777 0.15772 -0.98748
0.87179 0.45639 0.15673 -0.98764
0.87201 0.45501 0.15574 -0.98780
0.87222 0.45362 0.15476 -0.98795
0.87244 0.45224 0.15379 -0.98810
0.87266 0.45085 0.15282 -0.98825
0.87287 0.44945 0.15185 -0.98840
0.87308 0.44806 0.15090 -0.98855
0.87330 0.44666 0.14994 -0.98869
0.87351 0.44526 0.14899 -0.98884
0.87372 0.44386 0.14805 -0.98898
0.87393 0.44246 0.14711 -0.98912
0.87414 0.44105 0.14617 -0.98926
0.87434 0.43964 0.14524 -0.98940
0.87455 0.43823 0.14432 -0.98953
0.87476 0.43681 0.14340 -0.98966
0.87496 0.43540 0.14248 -0.98980
0.87516 0.43398 0.14157 -0.98993
0.87537 0.43256 0.14067 -0.99006
0.87557 0.43113 0.13977 -0.99018
0.87577 0.42970 0.13887 -0.99031
0.87597 0.42828 0.13798 -0.99044
0.87617 0.42684 0.13709 -0.99056
0.87637 0.42541 0.13621 -0.99068
0.87656 0.42397 0.13533 -0.99080
0.87676 0.42253 0.13446 -0.99092
0.87695 0.42109 0.13359 -0.99104
0.87715 0.41965 0.13273 -0.99115
0.87734 0.41820 0.13187 -0.99127
0.87753 0.41675 0.13101 -0.99138
0.87772 0.41530 0.13016 -0.99149
0.87791 0.41385 0.12932 -0.99160
0.87810 0.41239 0.12847 -0.99171
0.87829 0.41093 0.12764 -0.99182
0.87848 0.40947 0.12680 -0.99193
0.87867 0.40801 0.12597 -0.99203
0.87885 0.40654 0.12515 -0.99214
0.87904 0.40507 0.12433 -0.99224
0.87922 0.40360 0.12351 -0.99234
0.87940 0.40213 0.12270 -0.99244
0.87958 0.40065 0.12189 -0.99254
0.87977 0.39917 0.12109 -0.99264
0.87995 0.39769 0.12029 -0.99274
0.88012 0.39621 0.11949 -0.99284
0.88030 0.39473 0.11870 -0.99293
0.88048 0.39324 0.11791 -0.99302
0.88066 0.39175 0.11713 -0.99312
0.88083 0.39026 0.11635 -0.99321
0.88101 0.38876 0.11557 -0.99330
0.88118 0.38727 0.11480 -0.99339
0.88135 0.38577 0.11404 -0.99348
0.88152 0.38426 0.11327 -0.99356
0.88169 0.38276 0.11251 -0.99365
0.88186 0.38125 0.11175 -0.99374
0.88203 0.37975 0.11100 -0.99382
0.88220 0.37824 0.11025 -0.99390
0.88237 0.37672 0.10951 -0.99399
0.88254 0.37521 0.10877 -0.99407
0.88270 0.37369 0.10803 -0.99415
0.88287 0.37217 0.10730 -0.99423
0.88303 0.37065 0.10657 -0.99431
0.88319 0.36912 0.10584 -0.99438
0.88335 0.36760 0.10512 -0.99446
0.88352 0.36607 0.10440 -0.99454
0.88368 0.36453 0.10368 -0.99461
0.88383 0.36300 0.10297 -0.99468
0.88399 0.36147 0.10226 -0.99476
0.88415 0.35993 0.10155 -0.99483
0.88431 0.35839 0.10085 -0.99490
0.88446 0.35684 0.10015 -0.99497
0.88462 0.35530 0.09946 -0.99504
0.88477 0.35375 0.09877 -0.99511
0.88493 0.35220 0.09808 -0.99518
0.88508 0.35065 0.09740 -0.99525
0.88523 0.34910 0.09671 -0.99531
0.88538 0.34754 0.09604 -0.99538
0.88553 0.34598 0.09536 -0.99544
0.88568 0.34442 0.09469 -0.99551
0.88583 0.34286 0.09402 -0.99557
0.88597 0.34130 0.09335 -0.99563
0.88612 0.33973 0.09269 -0.99569
0.88627 0.33816 0.09203 -0.99576
0.88641 0.33659 0.09138 -0.99582
0.88655 0.33502 0.09073 -0.99588
0.88670 0.33344 0.09008 -0.99593
0.88684 0.33187 0.08943 -0.99599
0.88698 0.33029 0.08879 -0.99605
0.88712 0.32871 0.08815 -0.99611
0.88726 0.32712 0.08751 -0.99616
0.88740 0.32554 0.08687 -0.99622
0.88754 0.32395 0.08624 -0.99627
0.88767 0.32236 0.08561 -0.99633
0.88781 0.32077 0.08499 -0.99638
0.88795 0.31917 0.08437 -0.99643
0.88808 0.31758 0.08375 -0.99649
0.88821 0.31598 0.08313 -0.99654
0.88835 0.31438 0.08251 -0.99659
0.88848 0.31278 0.08190 -0.99664
0.88861 0.31117 0.08129 -0.99669
0.88874 0.30957 0.08069 -0.99674
0.88887 0.30796 0.08009 -0.99679
0.88900 0.30635 0.07949 -0.99684
0.88913 0.30474 0.07889 -0.99688
0.88926 0.30312 0.07829 -0.99693
0.88938 0.30151 0.07770 -0.99698
0.88951 0.29989 0.07711 -0.99702
0.88963 0.29827 0.07652 -0.99707
0.88976 0.29665 0.07594 -0.99711
0.88988 0.29502 0.07536 -0.99716
0.89000 0.29340 0.07478 -0.99720
0.89012 0.29177 0.07420 -0.99724
0.89024 0.29014 0.07363 -0.99729
0.89036 0.28851 0.07306 -0.99733
0.89048 0.28687 0.07249 -0.99737
0.89060 0.28524 0.07192 -0.99741
0.89072 0.28360 0.07136 -0.99745
0.89084 0.28196 0.07080 -0.99749
0.89095 0.28032 0.07024 -0.99753
0.89107 0.27868 0.06968 -0.99757
0.89118 0.27703 0.06913 -0.99761
0.89130 0.27539 0.06857 -0.99765
0.89141 0.27374 0.06802 -0.99768
0.89152 0.27209 0.06748 -0.99772
0.89163 0.27044 0.06693 -0.99776
0.89174 0.26878 0.06639 -0.99779
0.89185 0.26713 0.06585 -0.99783
0.89196 0.26547 0.06531 -0.99787
0.89207 0.26381 0.06477 -0.99790
0.89218 0.26215 0.06424 -0.99793
0.89228 0.26049 0.06371 -0.99797
0.89239 0.25882 0.06318 -0.99800
0.89249 0.25716 0.06265 -0.99804
0.89260 0.25549 0.06212 -0.99807
0.89270 0.25382 0.06160 -0.99810
0.89280 0.25215 0.06108 -0.99813
0.89291 0.25048 0.06056 -0.99816
0.89301 0.24880 0.06004 -0.99820
0.89311 0.24712 0.05953 -0.99823
0.89321 0.24545 0.05902 -0.99826
0.89331 0.24377 0.05851 -0.99829
0.89340 0.24209 0.05800 -0.99832
0.89350 0.24040 0.05749 -0.99835
0.89360 0.23872 0.05698 -0.99838
0.89369 0.23703 0.05648 -0.99840
0.89379 0.23534 0.05598 -0.99843
0.89388 0.23365 0.05548 -0.99846
0.89398 0.23196 0.05498 -0.99849
0.89407 0.23027 0.05449 -0.99851
0.89416 0.22858 0.05399 -0.99854
0.89425 0.22688 0.05350 -0.99857
0.89434 0.22518 0.05301 -0.99859
0.89443 0.22349 0.05252 -0.99862
0.89452 0.22179 0.05204 -0.99865
0.89461 0.22008 0.05155 -0.99867
0.89470 0.21838 0.05107 -0.99870
0.89479 0.21668 0.05059 -0.99872
0.89487 0.21497 0.05011 -0.99874
0.89496 0.21326 0.04963 -0.99877
0.89504 0.21155 0.04916 -0.99879
0.89512 0.20984 0.04868 -0.99881
0.89521 0.20813 0.04821 -0.99884
0.89529 0.20642 0.04774 -0.99886
0.89537 0.20470 0.04727 -0.99888
0.89545 0.20298 0.04680 -0.99890
0.89553 0.20127 0.04633 -0.99893
0.89561 0.19955 0.04587 -0.99895
0.89569 0.19783 0.04541 -0.99897
0.89577 0.19610 0.04494 -0.99899
0.89585 0.19438 0.04448 -0.99901
0.89592 0.19266 0.04402 -0.99903
0.89600 0.19093 0.04357 -0.99905
0.89607 0.18920 0.04311 -0.99907
0.89615 0.18747 0.04266 -0.99909
0.89622 0.18574 0.04221 -0.99911
0.89629 0.18401 0.04175 -0.99913
0.89636 0.18228 0.04130 -0.99915
0.89644 0.18055 0.04086 -0.99917
0.89651 0.17881 0.04041 -0.99918
0.89658 0.17708 0.03996 -0.99920
0.89665 0.17534 0.03952 -0.99922
0.89671 0.17360 0.03907 -0.99924
0.89678 0.17186 0.03863 -0.99925
0.89685 0.17012 0.03819 -0.99927
0.89691 0.16838 0.03775 -0.99929
0.89698 0.16663 0.03732 -0.99930
0.89705 0.16489 0.03688 -0.99932
0.89711 0.16314 0.03644 -0.99934
0.89717 0.16139 0.03601 -0.99935
0.89724 0.15965 0.03558 -0.99937
0.89730 0.15790 0.03514 -0.99938
0.89736 0.15615 0.03471 -0.99940
0.89742 0.15440 0.03428 -0.99941
0.89748 0.15264 0.03386 -0.99943
0.89754 0.15089 0.03343 -0.99944
0.89760 0.14913 0.03300 -0.99946
0.89765 0.14738 0.03258 -0.99947
0.89771 0.14562 0.03215 -0.99948
0.89777 0.14386 0.03173 -0.99950
0.89782 0.14210 0.03131 -0.99951
0.89788 0.14035 0.03089 -0.99952
0.89793 0.13858 0.03047 -0.99954
0.89798 0.13682 0.03005 -0.99955
0.89804 0.13506 0.02963 -0.99956
0.89809 0.13330 0.02922 -0.99957
0.89814 0.13153 0.02880 -0.99959
0.89819 0.12977 0.02839 -0.99960
0.89824 0.12800 0.02797 -0.99961
0.89829 0.12623 0.02756 -0.99962
0.89834 0.12446 0.02715 -0.99963
0.89839 0.12269 0.02674 -0.99964
0.89843 0.12092 0.02633 -0.99965
0.89848 0.11915 0.02592 -0.99966
0.89852 0.11738 0.02551 -0.99967
0.89857 0.11561 0.02510 -0.99968
0.89861 0.11383 0.02470 -0.99969
0.89866 0.11206 0.02429 -0.99970
0.89870 0.11028 0.02389 -0.99971
0.89874 0.10851 0.02348 -0.99972
0.89878 0.10673 0.02308 -0.99973
0.89882 0.10495 0.02268 -0.99974
0.89886 0.10318 0.02228 -0.99975
0.89890 0.10140 0.02187 -0.99976
0.89894 0.09962 0.02147 -0.99977
0.89898 0.09784 0.02107 -0.99978
0.89902 0.09606 0.02068 -0.99979
0.89905 0.09427 0.02028 -0.99979
0.89909 0.09249 0.01988 -0.99980
0.89912 0.09071 0.01948 -0.99981
0.89916 0.08893 0.01909 -0.99982
0.89919 0.08714 0.01869 -0.99983
0.89922 0.08536 0.01830 -0.99983
0.89926 0.08357 0.01790 -0.99984
0.89929 0.08178 0.01751 -0.99985
0.89932 0.08000 0.01712 -0.99985
0.89935 0.07821 0.01672 -0.99986
0.89938 0.07642 0.01633 -0.99987
0.89941 0.07463 0.01594 -0.99987
0.89944 0.07284 0.01555 -0.99988
0.89946 0.07105 0.01516 -0.99989
0.89949 0.06926 0.01477 -0.99989
0.89952 0.06747 0.01438 -0.99990
0.89954 0.06568 0.01399 -0.99990
0.89957 0.06389 0.01360 -0.99991
0.89959 0.06210 0.01322 -0.99991
0.89961 0.06031 0.01283 -0.99992
0.89964 0.05851 0.01244 -0.99992
0.89966 0.05672 0.01206 -0.99993
0.89968 0.05493 0.01167 -0.99993
0.89970 0.05313 0.01128 -0.99994
0.89972 0.05134 0.01090 -0.99994
0.89974 0.04954 0.01051 -0.99994
0.89976 0.04775 0.01013 -0.99995
0.89978 0.04595 0.00974 -0.99995
0.89979 0.04416 0.00936 -0.99996
0.89981 0.04236 0.00898 -0.99996
0.89983 0.04056 0.00859 -0.99996
0.89984 0.03877 0.00821 -0.99997
0.89986 0.03697 0.00783 -0.99997
0.89987 0.03517 0.00744 -0.99997
0.89988 0.03337 0.00706 -0.99998
0.89989 0.03158 0.00668 -0.99998
0.89991 0.02978 0.00630 -0.99998
0.89992 0.02798 0.00592 -0.99998
0.89993 0.02618 0.00554 -0.99998
0.89994 0.02438 0.00515 -0.99999
0.89995 0.02258 0.00477 -0.99999
0.89995 0.02079 0.00439 -0.99999
0.89996 0.01899 0.00401 -0.99999
0.89997 0.01719 0.00363 -0.99999
0.89998 0.01539 0.00325 -0.99999
0.89998 0.01359 0.00287 -1.00000
0.89999 0.01179 0.00249 -1.00000
0.89999 0.00999 0.00211 -1.00000
0.89999 0.00819 0.00173 -1.00000
0.90000 0.00639 0.00135 -1.00000
0.90000 0.00459 0.00097 -1.00000
0.90000 0.00279 0.00059 -1.00000
0.90000 0.00099 0.00021 -1.00000
0.90000 -0.00081 -0.00017 -1.00000
