-0.30000 0.00000 0.00000 1.00000
-0.30000 0.00060 0.00182 1.00000
-0.30000 0.00120 0.00364 0.99999
-0.30000 0.00180 0.00546 0.99999
-0.29999 0.00240 0.00728 0.99997
-0.29999 0.00300 0.00910 0.99996
-0.29998 0.00360 0.01092 0.99994
-0.29997 0.00420 0.01274 0.99992
-0.29997 0.00480 0.01456 0.99989
-0.29996 0.00540 0.01638 0.99987
-0.29995 0.00600 0.01820 0.99983
-0.29993 0.00660 0.02002 0.99980
-0.29992 0.00720 0.02184 0.99976
-0.29991 0.00780 0.02366 0.99972
-0.29989 0.00840 0.02548 0.99968
-0.29988 0.00900 0.02730 0.99963
-0.29986 0.00960 0.02912 0.99958
-0.29984 0.01020 0.03094 0.99952
-0.29982 0.01080 0.03276 0.99946
-0.29980 0.01140 0.03458 0.99940
-0.29978 0.01200 0.03640 0.99934
-0.29976 0.01260 0.03822 0.99927
-0.29974 0.01320 0.04004 0.99920
-0.29971 0.01379 0.04186 0.99912
-0.29969 0.01439 0.04368 0.99905
-0.29966 0.01499 0.04550 0.99896
-0.29963 0.01559 0.04732 0.99888
-0.29960 0.01619 0.04915 0.99879
-0.29957 0.01679 0.05097 0.99870
-0.29954 0.01739 0.05279 0.99861
-0.29951 0.01799 0.05461 0.99851
-0.29948 0.01859 0.05643 0.99841
-0.29944 0.01919 0.05825 0.99830
-0.29941 0.01978 0.06007 0.99819
-0.29937 0.02038 0.06189 0.99808
-0.29933 0.02098 0.06371 0.99797
-0.29929 0.02158 0.06553 0.99785
-0.29925 0.02218 0.06735 0.99773
-0.29921 0.02278 0.06918 0.99760
-0.29917 0.02337 0.07100 0.99748
-0.29913 0.02397 0.07282 0.99735
-0.29908 0.02457 0.07464 0.99721
-0.29904 0.02517 0.07646 0.99707
-0.29899 0.02577 0.07828 0.99693
-0.29894 0.02636 0.08010 0.99679
-0.29889 0.02696 0.08193 0.99664
-0.29885 0.02756 0.08375 0.99649
-0.29879 0.02815 0.08557 0.99633
-0.29874 0.02875 0.08739 0.99617
-0.29869 0.02935 0.08921 0.99601
-0.29864 0.02995 0.09103 0.99585
-0.29858 0.03054 0.09286 0.99568
-0.29852 0.03114 0.09468 0.99551
-0.29847 0.03174 0.09650 0.99533
-0.29841 0.03233 0.09832 0.99515
-0.29835 0.03293 0.10015 0.99497
-0.29829 0.03352 0.10197 0.99479
-0.29823 0.03412 0.10379 0.99460
-0.29816 0.03472 0.10561 0.99441
-0.29810 0.03531 0.10744 0.99421
-0.29804 0.03591 0.10926 0.99401
-0.29797 0.03650 0.11108 0.99381
-0.29790 0.03710 0.11290 0.99361
-0.29783 0.03769 0.11473 0.99340
-0.29777 0.03829 0.11655 0.99318
-0.29769 0.03888 0.11837 0.99297
-0.29762 0.03947 0.12020 0.99275
-0.29755 0.04007 0.12202 0.99253
-0.29748 0.04066 0.12384 0.99230
-0.29740 0.04126 0.12567 0.99207
-0.29733 0.04185 0.12749 0.99184
-0.29725 0.04244 0.12931 0.99160
-0.29717 0.04304 0.13114 0.99136
-0.29709 0.04363 0.13296 0.99112
-0.29701 0.04422 0.13478 0.99087
-0.29693 0.04482 0.13661 0.99063
-0.29685 0.04541 0.13843 0.99037
-0.29677 0.04600 0.14026 0.99012
-0.29668 0.04659 0.14208 0.98986
-0.29660 0.04719 0.14391 0.98959
-0.29651 0.04778 0.14573 0.98932
-0.29642 0.04837 0.14755 0.98905
-0.29633 0.04896 0.14938 0.98878
-0.29624 0.04955 0.15120 0.98850
-0.29615 0.05014 0.15303 0.98822
-0.29606 0.05073 0.15485 0.98794
-0.29597 0.05132 0.15668 0.98765
-0.29587 0.05191 0.15850 0.98736
-0.29578 0.05250 0.16033 0.98706
-0.29568 0.05309 0.16215 0.98677
-0.29558 0.05368 0.16398 0.98646
-0.29549 0.05427 0.16580 0.98616
-0.29539 0.05486 0.16763 0.98585
-0.29529 0.05545 0.16945 0.98554
-0.29518 0.05604 0.17128 0.98522
-0.29508 0.05663 0.17311 0.98490
-0.29498 0.05722 0.17493 0.98458
-0.29487 0.05780 0.17676 0.98425
-0.29477 0.05839 0.17858 0.98392
-0.29466 0.05898 0.18041 0.98359
-0.29455 0.05957 0.18224 0.98325
-0.29444 0.06015 0.18406 0.98291
-0.29433 0.06074 0.18589 0.98257
-0.29422 0.06133 0.18771 0.98222
-0.29411 0.06191 0.18954 0.98187
-0.29399 0.06250 0.19137 0.98152
-0.29388 0.06308 0.19319 0.98116
-0.29376 0.06367 0.19502 0.98080
-0.29365 0.06425 0.19685 0.98043
-0.29353 0.06484 0.19867 0.98007
-0.29341 0.06542 0.20050 0.97969
-0.29329 0.06601 0.20233 0.97932
-0.29317 0.06659 0.20415 0.97894
-0.29304 0.06717 0.20598 0.97856
-0.29292 0.06776 0.20781 0.97817
-0.29280 0.06834 0.20963 0.97778
-0.29267 0.06892 0.21146 0.97739
-0.29254 0.06951 0.21329 0.97699
-0.29242 0.07009 0.21511 0.97659
-0.29229 0.07067 0.21694 0.97618
-0.29216 0.07125 0.21877 0.97578
-0.29203 0.07183 0.22060 0.97537
-0.29190 0.07241 0.22242 0.97495
-0.29176 0.07299 0.22425 0.97453
-0.29163 0.07357 0.22608 0.97411
-0.29149 0.07415 0.22791 0.97368
-0.29136 0.07473 0.22973 0.97325
-0.29122 0.07531 0.23156 0.97282
-0.29108 0.07589 0.23339 0.97238
-0.29094 0.07647 0.23521 0.97194
-0.29080 0.07705 0.23704 0.97150
-0.29066 0.07763 0.23887 0.97105
-0.29052 0.07820 0.24070 0.97060
-0.29037 0.07878 0.24252 0.97015
-0.29023 0.07936 0.24435 0.96969
-0.29008 0.07994 0.24618 0.96922
-0.28994 0.08051 0.24801 0.96876
-0.28979 0.08109 0.24983 0.96829
-0.28964 0.08166 0.25166 0.96782
-0.28949 0.08224 0.25349 0.96734
-0.28934 0.08281 0.25532 0.96686
-0.28919 0.08339 0.25714 0.96637
-0.28903 0.08396 0.25897 0.96589
-0.28888 0.08454 0.26080 0.96539
-0.28872 0.08511 0.26262 0.96490
-0.28857 0.08568 0.26445 0.96440
-0.28841 0.08625 0.26628 0.96390
-0.28825 0.08683 0.26811 0.96339
-0.28809 0.08740 0.26993 0.96288
-0.28793 0.08797 0.27176 0.96237
-0.28777 0.08854 0.27359 0.96185
-0.28760 0.08911 0.27541 0.96133
-0.28744 0.08968 0.27724 0.96080
-0.28727 0.09025 0.27907 0.96027
-0.28711 0.09082 0.28089 0.95974
-0.28694 0.09139 0.28272 0.95920
-0.28677 0.09196 0.28455 0.95866
-0.28660 0.09253 0.28637 0.95812
-0.28643 0.09310 0.28820 0.95757
-0.28626 0.09367 0.29002 0.95702
-0.28609 0.09423 0.29185 0.95646
-0.28592 0.09480 0.29368 0.95591
-0.28574 0.09537 0.29550 0.95534
-0.28557 0.09593 0.29733 0.95478
-0.28539 0.09650 0.29915 0.95421
-0.28521 0.09706 0.30098 0.95363
-0.28503 0.09763 0.30280 0.95305
-0.28485 0.09819 0.30463 0.95247
-0.28467 0.09876 0.30645 0.95189
-0.28449 0.09932 0.30828 0.95130
-0.28431 0.09988 0.31010 0.95070
-0.28412 0.10045 0.31192 0.95011
-0.28394 0.10101 0.31375 0.94951
-0.28375 0.10157 0.31557 0.94890
-0.28356 0.10213 0.31740 0.94829
-0.28337 0.10269 0.31922 0.94768
-0.28319 0.10325 0.32104 0.94706
-0.28299 0.10381 0.32287 0.94644
-0.28280 0.10437 0.32469 0.94582
-0.28261 0.10493 0.32651 0.94519
-0.28242 0.10549 0.32833 0.94456
-0.28222 0.10605 0.33016 0.94393
-0.28203 0.10661 0.33198 0.94329
-0.28183 0.10716 0.33380 0.94264
-0.28163 0.10772 0.33562 0.94200
-0.28143 0.10828 0.33744 0.94135
-0.28123 0.10883 0.33926 0.94069
-0.28103 0.10939 0.34108 0.94003
-0.28083 0.10994 0.34290 0.93937
-0.28063 0.11050 0.34472 0.93870
-0.28042 0.11105 0.34654 0.93803
-0.28022 0.11161 0.34836 0.93736
-0.28001 0.11216 0.35018 0.93668
-0.27980 0.11271 0.35200 0.93600
-0.27960 0.11327 0.35382 0.93531
-0.27939 0.11382 0.35564 0.93462
-0.27918 0.11437 0.35745 0.93393
-0.27896 0.11492 0.35927 0.93323
-0.27875 0.11547 0.36109 0.93253
-0.27854 0.11602 0.36290 0.93183
-0.27832 0.11657 0.36472 0.93112
-0.27811 0.11712 0.36654 0.93040
-0.27789 0.11767 0.36835 0.92969
-0.27767 0.11821 0.37017 0.92897
-0.27746 0.11876 0.37198 0.92824
-0.27724 0.11931 0.37379 0.92751
-0.27701 0.11985 0.37561 0.92678
-0.27679 0.12040 0.37742 0.92604
-0.27657 0.12095 0.37923 0.92530
-0.27635 0.12149 0.38105 0.92456
-0.27612 0.12203 0.38286 0.92381
-0.27590 0.12258 0.38467 0.92305
-0.27567 0.12312 0.38648 0.92230
-0.27544 0.12366 0.38829 0.92154
-0.27521 0.12421 0.39010 0.92077
-0.27498 0.12475 0.39191 0.92000
-0.27475 0.12529 0.39372 0.91923
-0.27452 0.12583 0.39553 0.91846
-0.27428 0.12637 0.39733 0.91767
-0.27405 0.12691 0.39914 0.91689
-0.27382 0.12745 0.40095 0.91610
-0.27358 0.12799 0.40275 0.91531
-0.27334 0.12852 0.40456 0.91451
-0.27310 0.12906 0.40636 0.91371
-0.27286 0.12960 0.40817 0.91291
-0.27262 0.13014 0.40997 0.91210
-0.27238 0.13067 0.41177 0.91129
-0.27214 0.13121 0.41357 0.91047
-0.27190 0.13174 0.41538 0.90965
-0.27165 0.13227 0.41718 0.90883
-0.27141 0.13281 0.41898 0.90800
-0.27116 0.13334 0.42078 0.90716
-0.27091 0.13387 0.42257 0.90633
-0.27066 0.13441 0.42437 0.90549
-0.27041 0.13494 0.42617 0.90464
-0.27016 0.13547 0.42797 0.90380
-0.26991 0.13600 0.42976 0.90294
-0.26966 0.13653 0.43156 0.90209
-0.26940 0.13706 0.43335 0.90123
-0.26915 0.13758 0.43514 0.90036
-0.26889 0.13811 0.43694 0.89949
-0.26864 0.13864 0.43873 0.89862
-0.26838 0.13917 0.44052 0.89774
-0.26812 0.13969 0.44231 0.89686
-0.26786 0.14022 0.44410 0.89598
-0.26760 0.14074 0.44589 0.89509
-0.26734 0.14127 0.44767 0.89420
-0.26708 0.14179 0.44946 0.89330
-0.26681 0.14231 0.45125 0.89240
-0.26655 0.14284 0.45303 0.89149
-0.26628 0.14336 0.45482 0.89059
-0.26601 0.14388 0.45660 0.88967
-0.26575 0.14440 0.45838 0.88876
-0.26548 0.14492 0.46016 0.88783
-0.26521 0.14544 0.46194 0.88691
-0.26494 0.14596 0.46372 0.88598
-0.26466 0.14648 0.46550 0.88505
-0.26439 0.14699 0.46728 0.88411
-0.26412 0.14751 0.46905 0.88317
-0.26384 0.14803 0.47083 0.88222
-0.26357 0.14854 0.47260 0.88127
-0.26329 0.14906 0.47438 0.88032
-0.26301 0.14957 0.47615 0.87936
-0.26273 0.15009 0.47792 0.87840
-0.26245 0.15060 0.47969 0.87744
-0.26217 0.15111 0.48146 0.87647
-0.26189 0.15163 0.48323 0.87549
-0.26161 0.15214 0.48499 0.87452
-0.26132 0.15265 0.48676 0.87354
-0.26104 0.15316 0.48852 0.87255
-0.26075 0.15367 0.49029 0.87156
-0.26047 0.15418 0.49205 0.87057
-0.26018 0.15468 0.49381 0.86957
-0.25989 0.15519 0.49557 0.86857
-0.25960 0.15570 0.49733 0.86756
-0.25931 0.15621 0.49908 0.86655
-0.25902 0.15671 0.50084 0.86554
-0.25872 0.15722 0.50260 0.86452
-0.25843 0.15772 0.50435 0.86350
-0.25813 0.15822 0.50610 0.86247
-0.25784 0.15873 0.50785 0.86144
-0.25754 0.15923 0.50960 0.86041
-0.25724 0.15973 0.51135 0.85937
-0.25694 0.16023 0.51310 0.85833
-0.25665 0.16073 0.51484 0.85729
-0.25634 0.16123 0.51659 0.85624
-0.25604 0.16173 0.51833 0.85518
-0.25574 0.16223 0.52007 0.85412
-0.25544 0.16273 0.52181 0.85306
-0.25513 0.16322 0.52355 0.85200
-0.25483 0.16372 0.52528 0.85093
-0.25452 0.16422 0.52702 0.84985
-0.25421 0.16471 0.52875 0.84878
-0.25390 0.16521 0.53049 0.84769
-0.25359 0.16570 0.53222 0.84661
-0.25328 0.16619 0.53395 0.84552
-0.25297 0.16668 0.53567 0.84442
-0.25266 0.16718 0.53740 0.84333
-0.25234 0.16767 0.53913 0.84223
-0.25203 0.16816 0.54085 0.84112
-0.25172 0.16865 0.54257 0.84001
-0.25140 0.16914 0.54429 0.83890
-0.25108 0.16962 0.54601 0.83778
-0.25076 0.17011 0.54773 0.83666
-0.25044 0.17060 0.54944 0.83553
-0.25012 0.17108 0.55115 0.83440
-0.24980 0.17157 0.55287 0.83327
-0.24948 0.17205 0.55458 0.83213
-0.24916 0.17254 0.55628 0.83099
-0.24883 0.17302 0.55799 0.82985
-0.24851 0.17350 0.55970 0.82870
-0.24818 0.17398 0.56140 0.82754
-0.24785 0.17447 0.56310 0.82639
-0.24753 0.17495 0.56480 0.82523
-0.24720 0.17542 0.56650 0.82406
-0.24687 0.17590 0.56819 0.82289
-0.24654 0.17638 0.56989 0.82172
-0.24620 0.17686 0.57158 0.82055
-0.24587 0.17734 0.57327 0.81937
-0.24554 0.17781 0.57496 0.81818
-0.24520 0.17829 0.57665 0.81699
-0.24487 0.17876 0.57833 0.81580
-0.24453 0.17924 0.58001 0.81461
-0.24419 0.17971 0.58170 0.81341
-0.24386 0.18018 0.58337 0.81220
-0.24352 0.18065 0.58505 0.81100
-0.24318 0.18112 0.58673 0.80979
-0.24283 0.18159 0.58840 0.80857
-0.24249 0.18206 0.59007 0.80735
-0.24215 0.18253 0.59174 0.80613
-0.24181 0.18300 0.59341 0.80490
-0.24146 0.18347 0.59507 0.80367
-0.24111 0.18393 0.59673 0.80244
-0.24077 0.18440 0.59839 0.80120
-0.24042 0.18486 0.60005 0.79996
-0.24007 0.18533 0.60171 0.79871
-0.23972 0.18579 0.60336 0.79747
-0.23937 0.18625 0.60502 0.79621
-0.23902 0.18671 0.60667 0.79496
-0.23867 0.18717 0.60831 0.79370
-0.23831 0.18763 0.60996 0.79243
-0.23796 0.18809 0.61160 0.79116
-0.23760 0.18855 0.61325 0.78989
-0.23725 0.18901 0.61488 0.78862
-0.23689 0.18947 0.61652 0.78734
-0.23653 0.18992 0.61816 0.78606
-0.23617 0.19038 0.61979 0.78477
-0.23581 0.19083 0.62142 0.78348
-0.23545 0.19129 0.62305 0.78219
-0.23509 0.19174 0.62467 0.78089
-0.23473 0.19219 0.62629 0.77959
-0.23436 0.19265 0.62791 0.77828
-0.23400 0.19310 0.62953 0.77697
-0.23363 0.19355 0.63115 0.77566
-0.23327 0.19400 0.63276 0.77435
-0.23290 0.19445 0.63437 0.77303
-0.23253 0.19489 0.63598 0.77170
-0.23216 0.19534 0.63759 0.77038
-0.23179 0.19579 0.63919 0.76905
-0.23142 0.19623 0.64079 0.76771
-0.23105 0.19668 0.64239 0.76638
-0.23068 0.19712 0.64399 0.76504
-0.23030 0.19756 0.64558 0.76369
-0.22993 0.19801 0.64717 0.76234
-0.22955 0.19845 0.64876 0.76099
-0.22918 0.19889 0.65035 0.75964
-0.22880 0.19933 0.65193 0.75828
-0.22842 0.19977 0.65351 0.75692
-0.22804 0.20020 0.65509 0.75555
-0.22766 0.20064 0.65666 0.75418
-0.22728 0.20108 0.65824 0.75281
-0.22690 0.20151 0.65981 0.75144
-0.22652 0.20195 0.66137 0.75006
-0.22613 0.20238 0.66294 0.74867
-0.22575 0.20282 0.66450 0.74729
-0.22536 0.20325 0.66606 0.74590
-0.22498 0.20368 0.66762 0.74450
-0.22459 0.20411 0.66917 0.74311
-0.22420 0.20454 0.67072 0.74171
-0.22381 0.20497 0.67227 0.74031
-0.22342 0.20540 0.67382 0.73890
-0.22303 0.20583 0.67536 0.73749
-0.22264 0.20625 0.67690 0.73608
-0.22225 0.20668 0.67844 0.73466
-0.22185 0.20710 0.67997 0.73324
-0.22146 0.20753 0.68150 0.73182
-0.22106 0.20795 0.68303 0.73039
-0.22067 0.20838 0.68456 0.72896
-0.22027 0.20880 0.68608 0.72753
-0.21987 0.20922 0.68760 0.72609
-0.21947 0.20964 0.68912 0.72465
-0.21907 0.21006 0.69063 0.72321
-0.21867 0.21048 0.69214 0.72176
-0.21827 0.21089 0.69365 0.72031
-0.21787 0.21131 0.69516 0.71886
-0.21747 0.21173 0.69666 0.71740
-0.21706 0.21214 0.69816 0.71594
-0.21666 0.21255 0.69965 0.71448
-0.21625 0.21297 0.70115 0.71302
-0.21585 0.21338 0.70264 0.71155
-0.21544 0.21379 0.70412 0.71008
-0.21503 0.21420 0.70561 0.70860
-0.21462 0.21461 0.70709 0.70712
-0.21421 0.21502 0.70857 0.70564
-0.21380 0.21543 0.71004 0.70416
-0.21339 0.21584 0.71151 0.70267
-0.21298 0.21624 0.71298 0.70118
-0.21256 0.21665 0.71445 0.69969
-0.21215 0.21705 0.71591 0.69819
-0.21174 0.21746 0.71737 0.69669
-0.21132 0.21786 0.71882 0.69519
-0.21090 0.21826 0.72028 0.69369
-0.21049 0.21866 0.72173 0.69218
-0.21007 0.21906 0.72317 0.69067
-0.20965 0.21946 0.72462 0.68915
-0.20923 0.21986 0.72605 0.68764
-0.20881 0.22026 0.72749 0.68612
-0.20839 0.22066 0.72892 0.68459
-0.20796 0.22105 0.73035 0.68307
-0.20754 0.22145 0.73178 0.68154
-0.20712 0.22184 0.73320 0.68001
-0.20669 0.22224 0.73462 0.67847
-0.20626 0.22263 0.73604 0.67694
-0.20584 0.22302 0.73745 0.67540
-0.20541 0.22341 0.73886 0.67385
-0.20498 0.22380 0.74027 0.67231
-0.20455 0.22419 0.74167 0.67076
-0.20412 0.22458 0.74307 0.66921
-0.20369 0.22497 0.74447 0.66766
-0.20326 0.22535 0.74586 0.66610
-0.20283 0.22574 0.74725 0.66454
-0.20239 0.22612 0.74864 0.66298
-0.20196 0.22651 0.75002 0.66141
-0.20152 0.22689 0.75140 0.65984
-0.20109 0.22727 0.75278 0.65827
-0.20065 0.22765 0.75415 0.65670
-0.20022 0.22803 0.75552 0.65513
-0.19978 0.22841 0.75689 0.65355
-0.19934 0.22879 0.75825 0.65197
-0.19890 0.22917 0.75961 0.65038
-0.19846 0.22954 0.76096 0.64880
-0.19802 0.22992 0.76231 0.64721
-0.19757 0.23029 0.76366 0.64562
-0.19713 0.23067 0.76500 0.64403
-0.19669 0.23104 0.76635 0.64243
-0.19624 0.23141 0.76768 0.64083
-0.19580 0.23178 0.76902 0.63923
-0.19535 0.23215 0.77035 0.63763
-0.19490 0.23252 0.77167 0.63602
-0.19446 0.23289 0.77300 0.63441
-0.19401 0.23326 0.77431 0.63280
-0.19356 0.23362 0.77563 0.63119
-0.19311 0.23399 0.77694 0.62957
-0.19266 0.23435 0.77825 0.62795
-0.19221 0.23472 0.77956 0.62633
-0.19175 0.23508 0.78086 0.62471
-0.19130 0.23544 0.78215 0.62308
-0.19085 0.23580 0.78345 0.62146
-0.19039 0.23616 0.78474 0.61983
-0.18994 0.23652 0.78602 0.61820
-0.18948 0.23688 0.78731 0.61656
-0.18902 0.23724 0.78859 0.61492
-0.18856 0.23759 0.78986 0.61328
-0.18811 0.23795 0.79113 0.61164
-0.18765 0.23830 0.79240 0.61000
-0.18719 0.23866 0.79367 0.60835
-0.18672 0.23901 0.79493 0.60671
-0.18626 0.23936 0.79618 0.60506
-0.18580 0.23971 0.79744 0.60340
-0.18534 0.24006 0.79868 0.60175
-0.18487 0.24041 0.79993 0.60009
-0.18441 0.24076 0.80117 0.59844
-0.18394 0.24111 0.80241 0.59677
-0.18348 0.24145 0.80364 0.59511
-0.18301 0.24180 0.80487 0.59345
-0.18254 0.24214 0.80610 0.59178
-0.18207 0.24248 0.80732 0.59011
-0.18160 0.24283 0.80854 0.58844
-0.18113 0.24317 0.80976 0.58677
-0.18066 0.24351 0.81097 0.58509
-0.18019 0.24385 0.81217 0.58342
-0.17972 0.24419 0.81338 0.58174
-0.17925 0.24452 0.81458 0.58006
-0.17877 0.24486 0.81577 0.57837
-0.17830 0.24520 0.81696 0.57669
-0.17782 0.24553 0.81815 0.57500
-0.17735 0.24586 0.81934 0.57331
-0.17687 0.24620 0.82052 0.57162
-0.17639 0.24653 0.82169 0.56993
-0.17592 0.24686 0.82287 0.56824
-0.17544 0.24719 0.82403 0.56654
-0.17496 0.24752 0.82520 0.56484
-0.17448 0.24785 0.82636 0.56314
-0.17400 0.24817 0.82752 0.56144
-0.17351 0.24850 0.82867 0.55974
-0.17303 0.24882 0.82982 0.55803
-0.17255 0.24915 0.83096 0.55633
-0.17206 0.24947 0.83211 0.55462
-0.17158 0.24979 0.83324 0.55291
-0.17110 0.25012 0.83438 0.55120
-0.17061 0.25044 0.83551 0.54948
-0.17012 0.25076 0.83663 0.54777
-0.16964 0.25107 0.83775 0.54605
-0.16915 0.25139 0.83887 0.54433
-0.16866 0.25171 0.83998 0.54261
-0.16817 0.25202 0.84109 0.54089
-0.16768 0.25234 0.84220 0.53917
-0.16719 0.25265 0.84330 0.53744
-0.16670 0.25296 0.84440 0.53572
-0.16620 0.25327 0.84549 0.53399
-0.16571 0.25359 0.84658 0.53226
-0.16522 0.25390 0.84767 0.53053
-0.16472 0.25420 0.84875 0.52880
-0.16423 0.25451 0.84983 0.52706
-0.16373 0.25482 0.85090 0.52533
-0.16324 0.25512 0.85197 0.52359
-0.16274 0.25543 0.85304 0.52185
-0.16224 0.25573 0.85410 0.52011
-0.16174 0.25604 0.85516 0.51837
-0.16124 0.25634 0.85621 0.51663
-0.16074 0.25664 0.85726 0.51488
-0.16024 0.25694 0.85831 0.51314
-0.15974 0.25724 0.85935 0.51139
-0.15924 0.25753 0.86039 0.50964
-0.15874 0.25783 0.86142 0.50789
-0.15824 0.25813 0.86245 0.50614
-0.15773 0.25842 0.86348 0.50439
-0.15723 0.25872 0.86450 0.50264
-0.15672 0.25901 0.86551 0.50088
-0.15622 0.25930 0.86653 0.49913
-0.15571 0.25959 0.86754 0.49737
-0.15520 0.25988 0.86854 0.49561
-0.15470 0.26017 0.86955 0.49385
-0.15419 0.26046 0.87054 0.49209
-0.15368 0.26075 0.87154 0.49033
-0.15317 0.26103 0.87253 0.48857
-0.15266 0.26132 0.87351 0.48680
-0.15215 0.26160 0.87449 0.48504
-0.15164 0.26188 0.87547 0.48327
-0.15113 0.26217 0.87644 0.48150
-0.15061 0.26245 0.87741 0.47973
-0.15010 0.26273 0.87838 0.47796
-0.14959 0.26301 0.87934 0.47619
-0.14907 0.26328 0.88030 0.47442
-0.14856 0.26356 0.88125 0.47265
-0.14804 0.26384 0.88220 0.47087
-0.14752 0.26411 0.88315 0.46910
-0.14701 0.26439 0.88409 0.46732
-0.14649 0.26466 0.88502 0.46554
-0.14597 0.26493 0.88596 0.46377
-0.14545 0.26520 0.88689 0.46199
-0.14493 0.26547 0.88781 0.46021
-0.14441 0.26574 0.88873 0.45843
-0.14389 0.26601 0.88965 0.45664
-0.14337 0.26627 0.89056 0.45486
-0.14285 0.26654 0.89147 0.45308
-0.14233 0.26681 0.89238 0.45129
-0.14180 0.26707 0.89328 0.44951
-0.14128 0.26733 0.89417 0.44772
-0.14076 0.26759 0.89507 0.44593
-0.14023 0.26785 0.89596 0.44414
-0.13971 0.26811 0.89684 0.44235
-0.13918 0.26837 0.89772 0.44056
-0.13865 0.26863 0.89860 0.43877
-0.13813 0.26889 0.89947 0.43698
-0.13760 0.26914 0.90034 0.43519
-0.13707 0.26940 0.90120 0.43339
-0.13654 0.26965 0.90207 0.43160
-0.13601 0.26991 0.90292 0.42980
-0.13548 0.27016 0.90377 0.42801
-0.13495 0.27041 0.90462 0.42621
-0.13442 0.27066 0.90547 0.42442
-0.13389 0.27091 0.90631 0.42262
-0.13335 0.27115 0.90714 0.42082
-0.13282 0.27140 0.90798 0.41902
-0.13229 0.27165 0.90881 0.41722
-0.13175 0.27189 0.90963 0.41542
-0.13122 0.27213 0.91045 0.41362
-0.13068 0.27238 0.91127 0.41182
-0.13015 0.27262 0.91208 0.41001
-0.12961 0.27286 0.91289 0.40821
-0.12908 0.27310 0.91369 0.40641
-0.12854 0.27334 0.91449 0.40460
-0.12800 0.27357 0.91529 0.40280
-0.12746 0.27381 0.91608 0.40099
-0.12692 0.27404 0.91687 0.39918
-0.12638 0.27428 0.91766 0.39738
-0.12584 0.27451 0.91844 0.39557
-0.12530 0.27474 0.91921 0.39376
-0.12476 0.27498 0.91999 0.39195
-0.12422 0.27521 0.92075 0.39014
-0.12368 0.27543 0.92152 0.38833
-0.12313 0.27566 0.92228 0.38652
-0.12259 0.27589 0.92304 0.38471
-0.12205 0.27612 0.92379 0.38290
-0.12150 0.27634 0.92454 0.38109
-0.12096 0.27656 0.92528 0.37928
-0.12041 0.27679 0.92602 0.37747
-0.11987 0.27701 0.92676 0.37565
-0.11932 0.27723 0.92749 0.37384
-0.11877 0.27745 0.92822 0.37202
-0.11823 0.27767 0.92895 0.37021
-0.11768 0.27789 0.92967 0.36840
-0.11713 0.27810 0.93039 0.36658
-0.11658 0.27832 0.93110 0.36476
-0.11603 0.27853 0.93181 0.36295
-0.11548 0.27875 0.93251 0.36113
-0.11493 0.27896 0.93322 0.35932
-0.11438 0.27917 0.93391 0.35750
-0.11383 0.27938 0.93461 0.35568
-0.11328 0.27959 0.93530 0.35386
-0.11273 0.27980 0.93598 0.35204
-0.11217 0.28001 0.93667 0.35023
-0.11162 0.28021 0.93734 0.34841
-0.11107 0.28042 0.93802 0.34659
-0.11051 0.28062 0.93869 0.34477
-0.10996 0.28083 0.93935 0.34295
-0.10940 0.28103 0.94002 0.34113
-0.10885 0.28123 0.94068 0.33931
-0.10829 0.28143 0.94133 0.33749
-0.10773 0.28163 0.94198 0.33567
-0.10718 0.28182 0.94263 0.33384
-0.10662 0.28202 0.94327 0.33202
-0.10606 0.28222 0.94391 0.33020
-0.10550 0.28241 0.94455 0.32838
-0.10495 0.28261 0.94518 0.32656
-0.10439 0.28280 0.94581 0.32473
-0.10383 0.28299 0.94643 0.32291
-0.10327 0.28318 0.94705 0.32109
-0.10271 0.28337 0.94767 0.31926
-0.10215 0.28356 0.94828 0.31744
-0.10158 0.28375 0.94889 0.31562
-0.10102 0.28393 0.94949 0.31379
-0.10046 0.28412 0.95009 0.31197
-0.09990 0.28430 0.95069 0.31015
-0.09933 0.28448 0.95128 0.30832
-0.09877 0.28467 0.95187 0.30650
-0.09821 0.28485 0.95246 0.30467
-0.09764 0.28503 0.95304 0.30285
-0.09708 0.28521 0.95362 0.30102
-0.09651 0.28538 0.95419 0.29920
-0.09595 0.28556 0.95476 0.29737
-0.09538 0.28574 0.95533 0.29555
-0.09481 0.28591 0.95589 0.29372
-0.09425 0.28608 0.95645 0.29189
-0.09368 0.28626 0.95701 0.29007
-0.09311 0.28643 0.95756 0.28824
-0.09254 0.28660 0.95811 0.28642
-0.09198 0.28677 0.95865 0.28459
-0.09141 0.28694 0.95919 0.28276
-0.09084 0.28710 0.95973 0.28094
-0.09027 0.28727 0.96026 0.27911
-0.08970 0.28744 0.96079 0.27728
-0.08913 0.28760 0.96131 0.27546
-0.08856 0.28776 0.96183 0.27363
-0.08798 0.28792 0.96235 0.27180
-0.08741 0.28809 0.96287 0.26998
-0.08684 0.28824 0.96338 0.26815
-0.08627 0.28840 0.96388 0.26632
-0.08570 0.28856 0.96439 0.26450
-0.08512 0.28872 0.96489 0.26267
-0.08455 0.28887 0.96538 0.26084
-0.08398 0.28903 0.96587 0.25901
-0.08340 0.28918 0.96636 0.25719
-0.08283 0.28933 0.96685 0.25536
-0.08225 0.28948 0.96733 0.25353
-0.08168 0.28964 0.96780 0.25171
-0.08110 0.28978 0.96828 0.24988
-0.08053 0.28993 0.96875 0.24805
-0.07995 0.29008 0.96921 0.24622
-0.07937 0.29023 0.96968 0.24440
-0.07880 0.29037 0.97013 0.24257
-0.07822 0.29051 0.97059 0.24074
-0.07764 0.29066 0.97104 0.23891
-0.07706 0.29080 0.97149 0.23709
-0.07648 0.29094 0.97193 0.23526
-0.07591 0.29108 0.97237 0.23343
-0.07533 0.29122 0.97281 0.23160
-0.07475 0.29135 0.97324 0.22978
-0.07417 0.29149 0.97367 0.22795
-0.07359 0.29163 0.97410 0.22612
-0.07301 0.29176 0.97452 0.22429
-0.07243 0.29189 0.97494 0.22247
-0.07185 0.29202 0.97536 0.22064
-0.07127 0.29216 0.97577 0.21881
-0.07068 0.29229 0.97617 0.21699
-0.07010 0.29241 0.97658 0.21516
-0.06952 0.29254 0.97698 0.21333
-0.06894 0.29267 0.97738 0.21150
-0.06835 0.29279 0.97777 0.20968
-0.06777 0.29292 0.97816 0.20785
-0.06719 0.29304 0.97855 0.20602
-0.06660 0.29316 0.97893 0.20420
-0.06602 0.29329 0.97931 0.20237
-0.06544 0.29341 0.97968 0.20054
-0.06485 0.29352 0.98006 0.19872
-0.06427 0.29364 0.98043 0.19689
-0.06368 0.29376 0.98079 0.19506
-0.06310 0.29388 0.98115 0.19324
-0.06251 0.29399 0.98151 0.19141
-0.06193 0.29410 0.98186 0.18958
-0.06134 0.29422 0.98222 0.18776
-0.06075 0.29433 0.98256 0.18593
-0.06017 0.29444 0.98291 0.18411
-0.05958 0.29455 0.98325 0.18228
-0.05899 0.29466 0.98358 0.18045
-0.05841 0.29476 0.98392 0.17863
-0.05782 0.29487 0.98425 0.17680
-0.05723 0.29497 0.98457 0.17498
-0.05664 0.29508 0.98490 0.17315
-0.05605 0.29518 0.98521 0.17132
-0.05546 0.29528 0.98553 0.16950
-0.05488 0.29538 0.98584 0.16767
-0.05429 0.29548 0.98615 0.16585
-0.05370 0.29558 0.98646 0.16402
-0.05311 0.29568 0.98676 0.16220
-0.05252 0.29578 0.98706 0.16037
-0.05193 0.29587 0.98735 0.15855
-0.05134 0.29597 0.98764 0.15672
-0.05075 0.29606 0.98793 0.15490
-0.05016 0.29615 0.98821 0.15307
-0.04957 0.29624 0.98850 0.15125
-0.04897 0.29633 0.98877 0.14942
-0.04838 0.29642 0.98905 0.14760
-0.04779 0.29651 0.98932 0.14577
-0.04720 0.29659 0.98959 0.14395
-0.04661 0.29668 0.98985 0.14213
-0.04602 0.29676 0.99011 0.14030
-0.04542 0.29685 0.99037 0.13848
-0.04483 0.29693 0.99062 0.13665
-0.04424 0.29701 0.99087 0.13483
-0.04365 0.29709 0.99112 0.13301
-0.04305 0.29717 0.99136 0.13118
-0.04246 0.29725 0.99160 0.12936
-0.04187 0.29733 0.99183 0.12753
-0.04127 0.29740 0.99207 0.12571
-0.04068 0.29748 0.99230 0.12389
-0.04008 0.29755 0.99252 0.12206
-0.03949 0.29762 0.99274 0.12024
-0.03889 0.29769 0.99296 0.11842
-0.03830 0.29776 0.99318 0.11659
-0.03771 0.29783 0.99339 0.11477
-0.03711 0.29790 0.99360 0.11295
-0.03652 0.29797 0.99381 0.11112
-0.03592 0.29803 0.99401 0.10930
-0.03533 0.29810 0.99421 0.10748
-0.03473 0.29816 0.99440 0.10566
-0.03413 0.29823 0.99459 0.10383
-0.03354 0.29829 0.99478 0.10201
-0.03294 0.29835 0.99497 0.10019
-0.03235 0.29841 0.99515 0.09837
-0.03175 0.29847 0.99533 0.09654
-0.03115 0.29852 0.99550 0.09472
-0.03056 0.29858 0.99568 0.09290
-0.02996 0.29863 0.99584 0.09108
-0.02936 0.29869 0.99601 0.08926
-0.02877 0.29874 0.99617 0.08743
-0.02817 0.29879 0.99633 0.08561
-0.02757 0.29884 0.99648 0.08379
-0.02697 0.29889 0.99663 0.08197
-0.02638 0.29894 0.99678 0.08015
-0.02578 0.29899 0.99693 0.07833
-0.02518 0.29904 0.99707 0.07650
-0.02458 0.29908 0.99721 0.07468
-0.02399 0.29913 0.99734 0.07286
-0.02339 0.29917 0.99747 0.07104
-0.02279 0.29921 0.99760 0.06922
-0.02219 0.29925 0.99773 0.06740
-0.02159 0.29929 0.99785 0.06558
-0.02100 0.29933 0.99797 0.06376
-0.02040 0.29937 0.99808 0.06194
-0.01980 0.29940 0.99819 0.06011
-0.01920 0.29944 0.99830 0.05829
-0.01860 0.29947 0.99840 0.05647
-0.01800 0.29951 0.99851 0.05465
-0.01740 0.29954 0.99860 0.05283
-0.01680 0.29957 0.99870 0.05101
-0.01621 0.29960 0.99879 0.04919
-0.01561 0.29963 0.99888 0.04737
-0.01501 0.29966 0.99896 0.04555
-0.01441 0.29968 0.99904 0.04373
-0.01381 0.29971 0.99912 0.04191
-0.01321 0.29974 0.99920 0.04009
-0.01261 0.29976 0.99927 0.03827
-0.01201 0.29978 0.99934 0.03645
-0.01141 0.29980 0.99940 0.03463
-0.01081 0.29982 0.99946 0.03281
-0.01021 0.29984 0.99952 0.03099
-0.00961 0.29986 0.99957 0.02917
-0.00901 0.29988 0.99963 0.02735
-0.00841 0.29989 0.99967 0.02553
-0.00781 0.29991 0.99972 0.02370
-0.00721 0.29992 0.99976 0.02188
-0.00661 0.29993 0.99980 0.02006
-0.00601 0.29995 0.99983 0.01824
-0.00541 0.29996 0.99987 0.01642
-0.00481 0.29996 0.99989 0.01460
-0.00421 0.29997 0.99992 0.01278
-0.00361 0.29998 0.99994 0.01096
-0.00301 0.29999 0.99996 0.00914
-0.00241 0.29999 0.99997 0.00732
-0.00181 0.30000 0.99998 0.00550
-0.00121 0.30000 0.99999 0.00368
-0.00061 0.30000 1.00000 0.00186
-0.00001 0.30000 1.00000 0.00004
0.00059 0.30000 1.00000 -0.00178
0.00119 0.30000 0.99999 -0.00360
0.00179 0.30000 0.99999 -0.00542
0.00239 0.29999 0.99997 -0.00724
0.00299 0.29999 0.99996 -0.00906
0.00359 0.29998 0.99994 -0.01088
0.00419 0.29997 0.99992 -0.01270
0.00479 0.29997 0.99989 -0.01452
0.00539 0.29996 0.99987 -0.01634
0.00598 0.29995 0.99984 -0.01816
0.00658 0.29993 0.99980 -0.01998
0.00718 0.29992 0.99976 -0.02180
0.00778 0.29991 0.99972 -0.02362
0.00838 0.29989 0.99968 -0.02544
0.00898 0.29988 0.99963 -0.02726
0.00958 0.29986 0.99958 -0.02908
0.01018 0.29984 0.99952 -0.03090
0.01078 0.29982 0.99946 -0.03272
0.01138 0.29980 0.99940 -0.03454
0.01198 0.29978 0.99934 -0.03636
0.01258 0.29976 0.99927 -0.03818
0.01318 0.29974 0.99920 -0.04000
0.01378 0.29971 0.99913 -0.04182
0.01438 0.29969 0.99905 -0.04364
0.01498 0.29966 0.99897 -0.04546
0.01558 0.29963 0.99888 -0.04728
0.01618 0.29960 0.99879 -0.04910
0.01678 0.29957 0.99870 -0.05092
0.01737 0.29954 0.99861 -0.05274
0.01797 0.29951 0.99851 -0.05456
0.01857 0.29948 0.99841 -0.05638
0.01917 0.29944 0.99830 -0.05820
0.01977 0.29941 0.99820 -0.06003
0.02037 0.29937 0.99809 -0.06185
0.02097 0.29933 0.99797 -0.06367
0.02157 0.29929 0.99785 -0.06549
0.02216 0.29925 0.99773 -0.06731
0.02276 0.29921 0.99761 -0.06913
0.02336 0.29917 0.99748 -0.07095
0.02396 0.29913 0.99735 -0.07277
0.02456 0.29908 0.99721 -0.07459
0.02515 0.29904 0.99708 -0.07642
0.02575 0.29899 0.99693 -0.07824
0.02635 0.29894 0.99679 -0.08006
0.02695 0.29890 0.99664 -0.08188
0.02754 0.29885 0.99649 -0.08370
0.02814 0.29880 0.99634 -0.08552
0.02874 0.29874 0.99618 -0.08735
0.02933 0.29869 0.99602 -0.08917
0.02993 0.29864 0.99585 -0.09099
0.03053 0.29858 0.99568 -0.09281
0.03112 0.29853 0.99551 -0.09463
0.03172 0.29847 0.99534 -0.09646
0.03232 0.29841 0.99516 -0.09828
0.03291 0.29835 0.99498 -0.10010
0.03351 0.29829 0.99479 -0.10192
0.03410 0.29823 0.99460 -0.10375
0.03470 0.29817 0.99441 -0.10557
0.03530 0.29810 0.99422 -0.10739
0.03589 0.29804 0.99402 -0.10921
0.03649 0.29797 0.99382 -0.11104
0.03708 0.29790 0.99361 -0.11286
0.03768 0.29784 0.99340 -0.11468
0.03827 0.29777 0.99319 -0.11651
0.03887 0.29770 0.99297 -0.11833
0.03946 0.29763 0.99276 -0.12015
0.04005 0.29755 0.99253 -0.12197
0.04065 0.29748 0.99231 -0.12380
0.04124 0.29740 0.99208 -0.12562
0.04184 0.29733 0.99185 -0.12745
0.04243 0.29725 0.99161 -0.12927
0.04302 0.29717 0.99137 -0.13109
0.04362 0.29710 0.99113 -0.13292
0.04421 0.29702 0.99088 -0.13474
0.04480 0.29693 0.99063 -0.13656
0.04539 0.29685 0.99038 -0.13839
0.04599 0.29677 0.99012 -0.14021
0.04658 0.29668 0.98986 -0.14204
0.04717 0.29660 0.98960 -0.14386
0.04776 0.29651 0.98933 -0.14569
0.04835 0.29642 0.98906 -0.14751
0.04895 0.29634 0.98879 -0.14933
0.04954 0.29625 0.98851 -0.15116
0.05013 0.29615 0.98823 -0.15298
0.05072 0.29606 0.98794 -0.15481
0.05131 0.29597 0.98766 -0.15663
0.05190 0.29588 0.98737 -0.15846
0.05249 0.29578 0.98707 -0.16028
0.05308 0.29568 0.98677 -0.16211
0.05367 0.29559 0.98647 -0.16393
0.05426 0.29549 0.98617 -0.16576
0.05485 0.29539 0.98586 -0.16758
0.05544 0.29529 0.98555 -0.16941
0.05602 0.29519 0.98523 -0.17124
0.05661 0.29508 0.98491 -0.17306
0.05720 0.29498 0.98459 -0.17489
0.05779 0.29487 0.98426 -0.17671
0.05838 0.29477 0.98393 -0.17854
0.05896 0.29466 0.98360 -0.18036
0.05955 0.29455 0.98326 -0.18219
0.06014 0.29444 0.98292 -0.18402
0.06073 0.29433 0.98258 -0.18584
0.06131 0.29422 0.98223 -0.18767
0.06190 0.29411 0.98188 -0.18950
0.06248 0.29400 0.98153 -0.19132
0.06307 0.29388 0.98117 -0.19315
0.06365 0.29376 0.98081 -0.19498
0.06424 0.29365 0.98044 -0.19680
0.06482 0.29353 0.98007 -0.19863
0.06541 0.29341 0.97970 -0.20045
0.06599 0.29329 0.97933 -0.20228
0.06658 0.29317 0.97895 -0.20411
0.06716 0.29305 0.97857 -0.20594
0.06774 0.29292 0.97818 -0.20776
0.06833 0.29280 0.97779 -0.20959
0.06891 0.29267 0.97740 -0.21142
0.06949 0.29255 0.97700 -0.21324
0.07007 0.29242 0.97660 -0.21507
0.07066 0.29229 0.97619 -0.21690
0.07124 0.29216 0.97579 -0.21872
0.07182 0.29203 0.97538 -0.22055
0.07240 0.29190 0.97496 -0.22238
0.07298 0.29177 0.97454 -0.22421
0.07356 0.29163 0.97412 -0.22603
0.07414 0.29150 0.97369 -0.22786
0.07472 0.29136 0.97326 -0.22969
0.07530 0.29122 0.97283 -0.23152
0.07588 0.29108 0.97239 -0.23334
0.07646 0.29095 0.97195 -0.23517
0.07703 0.29080 0.97151 -0.23700
0.07761 0.29066 0.97106 -0.23882
0.07819 0.29052 0.97061 -0.24065
0.07877 0.29038 0.97016 -0.24248
0.07934 0.29023 0.96970 -0.24431
0.07992 0.29009 0.96924 -0.24613
0.08050 0.28994 0.96877 -0.24796
0.08107 0.28979 0.96830 -0.24979
0.08165 0.28964 0.96783 -0.25162
0.08222 0.28949 0.96735 -0.25344
0.08280 0.28934 0.96687 -0.25527
0.08337 0.28919 0.96639 -0.25710
0.08395 0.28904 0.96590 -0.25893
0.08452 0.28888 0.96541 -0.26075
0.08510 0.28873 0.96491 -0.26258
0.08567 0.28857 0.96441 -0.26441
0.08624 0.28841 0.96391 -0.26623
0.08681 0.28825 0.96340 -0.26806
0.08739 0.28809 0.96289 -0.26989
0.08796 0.28793 0.96238 -0.27171
0.08853 0.28777 0.96186 -0.27354
0.08910 0.28761 0.96134 -0.27537
0.08967 0.28744 0.96081 -0.27719
0.09024 0.28728 0.96028 -0.27902
0.09081 0.28711 0.95975 -0.28085
0.09138 0.28695 0.95922 -0.28267
0.09195 0.28678 0.95868 -0.28450
0.09252 0.28661 0.95813 -0.28633
0.09308 0.28644 0.95758 -0.28815
0.09365 0.28627 0.95703 -0.28998
0.09422 0.28609 0.95648 -0.29180
0.09479 0.28592 0.95592 -0.29363
0.09535 0.28575 0.95536 -0.29546
0.09592 0.28557 0.95479 -0.29728
0.09648 0.28539 0.95422 -0.29911
0.09705 0.28521 0.95365 -0.30093
0.09761 0.28504 0.95307 -0.30276
0.09818 0.28486 0.95249 -0.30458
0.09874 0.28468 0.95190 -0.30641
0.09931 0.28449 0.95131 -0.30823
0.09987 0.28431 0.95072 -0.31006
0.10043 0.28413 0.95012 -0.31188
0.10099 0.28394 0.94952 -0.31370
0.10156 0.28375 0.94892 -0.31553
0.10212 0.28357 0.94831 -0.31735
0.10268 0.28338 0.94770 -0.31918
0.10324 0.28319 0.94708 -0.32100
0.10380 0.28300 0.94646 -0.32282
0.10436 0.28281 0.94584 -0.32464
0.10492 0.28262 0.94521 -0.32647
0.10548 0.28242 0.94458 -0.32829
0.10604 0.28223 0.94394 -0.33011
0.10659 0.28203 0.94330 -0.33193
0.10715 0.28183 0.94266 -0.33376
0.10771 0.28164 0.94201 -0.33558
0.10826 0.28144 0.94136 -0.33740
0.10882 0.28124 0.94071 -0.33922
0.10938 0.28104 0.94005 -0.34104
0.10993 0.28083 0.93939 -0.34286
0.11049 0.28063 0.93872 -0.34468
0.11104 0.28043 0.93805 -0.34650
0.11159 0.28022 0.93738 -0.34832
0.11215 0.28002 0.93670 -0.35014
0.11270 0.27981 0.93602 -0.35196
0.11325 0.27960 0.93533 -0.35377
0.11380 0.27939 0.93464 -0.35559
0.11436 0.27918 0.93395 -0.35741
0.11491 0.27897 0.93325 -0.35923
0.11546 0.27876 0.93255 -0.36104
0.11601 0.27854 0.93184 -0.36286
0.11656 0.27833 0.93113 -0.36468
0.11710 0.27811 0.93042 -0.36649
0.11765 0.27790 0.92970 -0.36831
0.11820 0.27768 0.92898 -0.37012
0.11875 0.27746 0.92826 -0.37194
0.11929 0.27724 0.92753 -0.37375
0.11984 0.27702 0.92680 -0.37556
0.12039 0.27680 0.92606 -0.37738
0.12093 0.27658 0.92532 -0.37919
0.12148 0.27635 0.92457 -0.38100
0.12202 0.27613 0.92383 -0.38281
0.12256 0.27590 0.92307 -0.38463
0.12311 0.27567 0.92232 -0.38644
0.12365 0.27545 0.92156 -0.38825
0.12419 0.27522 0.92079 -0.39006
0.12473 0.27499 0.92002 -0.39186
0.12528 0.27476 0.91925 -0.39367
0.12582 0.27452 0.91847 -0.39548
0.12636 0.27429 0.91769 -0.39729
0.12690 0.27406 0.91691 -0.39910
0.12744 0.27382 0.91612 -0.40090
0.12797 0.27358 0.91533 -0.40271
0.12851 0.27335 0.91453 -0.40451
0.12905 0.27311 0.91373 -0.40632
0.12959 0.27287 0.91293 -0.40812
0.13012 0.27263 0.91212 -0.40993
0.13066 0.27239 0.91131 -0.41173
0.13119 0.27215 0.91049 -0.41353
0.13173 0.27190 0.90967 -0.41533
0.13226 0.27166 0.90885 -0.41713
0.13280 0.27141 0.90802 -0.41893
0.13333 0.27117 0.90719 -0.42073
0.13386 0.27092 0.90635 -0.42253
0.13439 0.27067 0.90551 -0.42433
0.13492 0.27042 0.90466 -0.42613
0.13545 0.27017 0.90382 -0.42792
0.13598 0.26992 0.90296 -0.42972
0.13651 0.26966 0.90211 -0.43151
0.13704 0.26941 0.90125 -0.43331
0.13757 0.26916 0.90038 -0.43510
0.13810 0.26890 0.89951 -0.43689
0.13863 0.26864 0.89864 -0.43868
0.13915 0.26839 0.89776 -0.44048
0.13968 0.26813 0.89688 -0.44227
0.14021 0.26787 0.89600 -0.44406
0.14073 0.26761 0.89511 -0.44584
0.14125 0.26734 0.89422 -0.44763
0.14178 0.26708 0.89332 -0.44942
0.14230 0.26682 0.89242 -0.45120
0.14282 0.26655 0.89152 -0.45299
0.14335 0.26629 0.89061 -0.45477
0.14387 0.26602 0.88969 -0.45656
0.14439 0.26575 0.88878 -0.45834
0.14491 0.26548 0.88786 -0.46012
0.14543 0.26521 0.88693 -0.46190
0.14595 0.26494 0.88600 -0.46368
0.14646 0.26467 0.88507 -0.46546
0.14698 0.26440 0.88413 -0.46724
0.14750 0.26412 0.88319 -0.46901
0.14802 0.26385 0.88225 -0.47079
0.14853 0.26357 0.88130 -0.47256
0.14905 0.26330 0.88034 -0.47433
0.14956 0.26302 0.87939 -0.47611
0.15008 0.26274 0.87843 -0.47788
0.15059 0.26246 0.87746 -0.47965
0.15110 0.26218 0.87649 -0.48142
0.15161 0.26190 0.87552 -0.48318
0.15212 0.26161 0.87454 -0.48495
0.15264 0.26133 0.87356 -0.48672
0.15315 0.26105 0.87257 -0.48848
0.15366 0.26076 0.87159 -0.49024
0.15416 0.26047 0.87059 -0.49201
0.15467 0.26018 0.86959 -0.49377
0.15518 0.25990 0.86859 -0.49553
0.15569 0.25961 0.86759 -0.49728
0.15619 0.25931 0.86658 -0.49904
0.15670 0.25902 0.86556 -0.50080
0.15720 0.25873 0.86455 -0.50255
0.15771 0.25844 0.86353 -0.50431
0.15821 0.25814 0.86250 -0.50606
0.15872 0.25785 0.86147 -0.50781
0.15922 0.25755 0.86044 -0.50956
0.15972 0.25725 0.85940 -0.51131
0.16022 0.25695 0.85836 -0.51305
0.16072 0.25665 0.85731 -0.51480
0.16122 0.25635 0.85626 -0.51654
0.16172 0.25605 0.85521 -0.51829
0.16222 0.25575 0.85415 -0.52003
0.16272 0.25544 0.85309 -0.52177
0.16321 0.25514 0.85202 -0.52350
0.16371 0.25483 0.85095 -0.52524
0.16420 0.25453 0.84988 -0.52698
0.16470 0.25422 0.84880 -0.52871
0.16519 0.25391 0.84772 -0.53044
0.16569 0.25360 0.84663 -0.53217
0.16618 0.25329 0.84554 -0.53390
0.16667 0.25298 0.84445 -0.53563
0.16716 0.25267 0.84335 -0.53736
0.16765 0.25235 0.84225 -0.53908
0.16815 0.25204 0.84115 -0.54081
0.16863 0.25172 0.84004 -0.54253
0.16912 0.25141 0.83892 -0.54425
0.16961 0.25109 0.83781 -0.54597
0.17010 0.25077 0.83669 -0.54768
0.17059 0.25045 0.83556 -0.54940
0.17107 0.25013 0.83443 -0.55111
0.17156 0.24981 0.83330 -0.55282
0.17204 0.24949 0.83216 -0.55453
0.17253 0.24916 0.83102 -0.55624
0.17301 0.24884 0.82987 -0.55795
0.17349 0.24852 0.82873 -0.55965
0.17397 0.24819 0.82757 -0.56136
0.17445 0.24786 0.82642 -0.56306
0.17493 0.24753 0.82526 -0.56476
0.17541 0.24721 0.82409 -0.56646
0.17589 0.24688 0.82292 -0.56815
0.17637 0.24654 0.82175 -0.56985
0.17685 0.24621 0.82057 -0.57154
0.17732 0.24588 0.81939 -0.57323
0.17780 0.24555 0.81821 -0.57492
0.17828 0.24521 0.81702 -0.57661
0.17875 0.24488 0.81583 -0.57829
0.17922 0.24454 0.81464 -0.57997
0.17970 0.24420 0.81344 -0.58165
0.18017 0.24386 0.81223 -0.58333
0.18064 0.24352 0.81103 -0.58501
0.18111 0.24318 0.80981 -0.58669
0.18158 0.24284 0.80860 -0.58836
0.18205 0.24250 0.80738 -0.59003
0.18252 0.24216 0.80616 -0.59170
0.18299 0.24181 0.80493 -0.59337
0.18345 0.24147 0.80370 -0.59503
0.18392 0.24112 0.80247 -0.59669
0.18439 0.24078 0.80123 -0.59835
0.18485 0.24043 0.79999 -0.60001
0.18531 0.24008 0.79874 -0.60167
0.18578 0.23973 0.79750 -0.60332
0.18624 0.23938 0.79624 -0.60498
0.18670 0.23903 0.79499 -0.60663
0.18716 0.23867 0.79373 -0.60827
0.18762 0.23832 0.79246 -0.60992
0.18808 0.23797 0.79120 -0.61156
0.18854 0.23761 0.78992 -0.61321
0.18900 0.23725 0.78865 -0.61484
0.18946 0.23690 0.78737 -0.61648
0.18991 0.23654 0.78609 -0.61812
0.19037 0.23618 0.78480 -0.61975
0.19082 0.23582 0.78351 -0.62138
0.19128 0.23546 0.78222 -0.62301
0.19173 0.23510 0.78092 -0.62463
0.19218 0.23474 0.77962 -0.62625
0.19264 0.23437 0.77831 -0.62787
0.19309 0.23401 0.77701 -0.62949
0.19354 0.23364 0.77569 -0.63111
0.19399 0.23328 0.77438 -0.63272
0.19443 0.23291 0.77306 -0.63433
0.19488 0.23254 0.77174 -0.63594
0.19533 0.23217 0.77041 -0.63755
0.19578 0.23180 0.76908 -0.63915
0.19622 0.23143 0.76775 -0.64075
0.19667 0.23106 0.76641 -0.64235
0.19711 0.23068 0.76507 -0.64395
0.19755 0.23031 0.76373 -0.64554
0.19799 0.22994 0.76238 -0.64713
0.19844 0.22956 0.76103 -0.64872
0.19888 0.22918 0.75967 -0.65031
0.19932 0.22881 0.75831 -0.65189
0.19976 0.22843 0.75695 -0.65347
0.20019 0.22805 0.75559 -0.65505
0.20063 0.22767 0.75422 -0.65663
0.20107 0.22729 0.75284 -0.65820
0.20150 0.22691 0.75147 -0.65977
0.20194 0.22652 0.75009 -0.66134
0.20237 0.22614 0.74871 -0.66290
0.20281 0.22576 0.74732 -0.66446
0.20324 0.22537 0.74593 -0.66602
0.20367 0.22498 0.74454 -0.66758
0.20410 0.22460 0.74314 -0.66913
0.20453 0.22421 0.74174 -0.67068
0.20496 0.22382 0.74034 -0.67223
0.20539 0.22343 0.73893 -0.67378
0.20582 0.22304 0.73752 -0.67532
0.20624 0.22265 0.73611 -0.67686
0.20667 0.22226 0.73469 -0.67840
0.20709 0.22186 0.73327 -0.67993
0.20752 0.22147 0.73185 -0.68147
0.20794 0.22107 0.73042 -0.68299
0.20836 0.22068 0.72899 -0.68452
0.20879 0.22028 0.72756 -0.68604
0.20921 0.21988 0.72612 -0.68756
0.20963 0.21948 0.72469 -0.68908
0.21005 0.21908 0.72324 -0.69059
0.21047 0.21868 0.72180 -0.69211
0.21088 0.21828 0.72035 -0.69361
0.21130 0.21788 0.71889 -0.69512
0.21172 0.21748 0.71744 -0.69662
0.21213 0.21707 0.71598 -0.69812
0.21254 0.21667 0.71452 -0.69962
0.21296 0.21626 0.71305 -0.70111
0.21337 0.21586 0.71158 -0.70260
0.21378 0.21545 0.71011 -0.70409
0.21419 0.21504 0.70864 -0.70557
0.21460 0.21463 0.70716 -0.70705
0.21501 0.21422 0.70568 -0.70853
0.21542 0.21381 0.70420 -0.71001
0.21583 0.21340 0.70271 -0.71148
0.21623 0.21299 0.70122 -0.71295
0.21664 0.21257 0.69973 -0.71441
0.21704 0.21216 0.69823 -0.71587
0.21745 0.21175 0.69673 -0.71733
0.21785 0.21133 0.69523 -0.71879
0.21825 0.21091 0.69372 -0.72024
0.21865 0.21050 0.69222 -0.72169
0.21906 0.21008 0.69070 -0.72314
0.21945 0.20966 0.68919 -0.72458
0.21985 0.20924 0.68767 -0.72602
0.22025 0.20882 0.68615 -0.72746
0.22065 0.20840 0.68463 -0.72889
0.22104 0.20797 0.68311 -0.73032
0.22144 0.20755 0.68158 -0.73175
0.22183 0.20713 0.68005 -0.73317
0.22223 0.20670 0.67851 -0.73459
0.22262 0.20627 0.67697 -0.73601
0.22301 0.20585 0.67543 -0.73742
0.22340 0.20542 0.67389 -0.73883
0.22379 0.20499 0.67235 -0.74024
0.22418 0.20456 0.67080 -0.74164
0.22457 0.20413 0.66925 -0.74304
0.22496 0.20370 0.66769 -0.74444
0.22534 0.20327 0.66614 -0.74583
0.22573 0.20284 0.66458 -0.74722
0.22611 0.20240 0.66301 -0.74861
0.22650 0.20197 0.66145 -0.74999
0.22688 0.20154 0.65988 -0.75137
0.22726 0.20110 0.65831 -0.75274
0.22764 0.20066 0.65674 -0.75412
0.22802 0.20023 0.65516 -0.75549
0.22840 0.19979 0.65359 -0.75685
0.22878 0.19935 0.65201 -0.75821
0.22916 0.19891 0.65042 -0.75957
0.22953 0.19847 0.64884 -0.76093
0.22991 0.19803 0.64725 -0.76228
0.23028 0.19758 0.64566 -0.76363
0.23066 0.19714 0.64406 -0.76497
0.23103 0.19670 0.64247 -0.76631
0.23140 0.19625 0.64087 -0.76765
0.23177 0.19581 0.63927 -0.76898
0.23214 0.19536 0.63766 -0.77031
0.23251 0.19491 0.63606 -0.77164
0.23288 0.19447 0.63445 -0.77296
0.23325 0.19402 0.63284 -0.77428
0.23361 0.19357 0.63123 -0.77560
0.23398 0.19312 0.62961 -0.77691
0.23434 0.19267 0.62799 -0.77822
0.23471 0.19222 0.62637 -0.77952
0.23507 0.19176 0.62475 -0.78083
0.23543 0.19131 0.62312 -0.78212
0.23579 0.19086 0.62150 -0.78342
0.23615 0.19040 0.61987 -0.78471
0.23651 0.18995 0.61823 -0.78599
0.23687 0.18949 0.61660 -0.78728
0.23723 0.18903 0.61496 -0.78856
0.23759 0.18858 0.61332 -0.78983
0.23794 0.18812 0.61168 -0.79110
0.23830 0.18766 0.61004 -0.79237
0.23865 0.18720 0.60839 -0.79363
0.23900 0.18674 0.60675 -0.79490
0.23935 0.18627 0.60510 -0.79615
0.23970 0.18581 0.60344 -0.79740
0.24005 0.18535 0.60179 -0.79865
0.24040 0.18488 0.60013 -0.79990
0.24075 0.18442 0.59848 -0.80114
0.24110 0.18395 0.59681 -0.80238
0.24144 0.18349 0.59515 -0.80361
0.24179 0.18302 0.59349 -0.80484
0.24213 0.18255 0.59182 -0.80607
0.24248 0.18208 0.59015 -0.80729
0.24282 0.18162 0.58848 -0.80851
0.24316 0.18115 0.58681 -0.80973
0.24350 0.18067 0.58513 -0.81094
0.24384 0.18020 0.58346 -0.81214
0.24418 0.17973 0.58178 -0.81335
0.24452 0.17926 0.58010 -0.81455
0.24485 0.17878 0.57841 -0.81574
0.24519 0.17831 0.57673 -0.81694
0.24552 0.17783 0.57504 -0.81812
0.24586 0.17736 0.57335 -0.81931
0.24619 0.17688 0.57166 -0.82049
0.24652 0.17641 0.56997 -0.82166
0.24685 0.17593 0.56828 -0.82284
0.24718 0.17545 0.56658 -0.82401
0.24751 0.17497 0.56488 -0.82517
0.24784 0.17449 0.56318 -0.82633
0.24817 0.17401 0.56148 -0.82749
0.24849 0.17353 0.55978 -0.82864
0.24882 0.17304 0.55807 -0.82979
0.24914 0.17256 0.55637 -0.83094
0.24946 0.17208 0.55466 -0.83208
0.24979 0.17159 0.55295 -0.83321
0.25011 0.17111 0.55124 -0.83435
0.25043 0.17062 0.54952 -0.83548
0.25075 0.17013 0.54781 -0.83660
0.25107 0.16965 0.54609 -0.83772
0.25138 0.16916 0.54437 -0.83884
0.25170 0.16867 0.54265 -0.83996
0.25202 0.16818 0.54093 -0.84107
0.25233 0.16769 0.53921 -0.84217
0.25264 0.16720 0.53748 -0.84327
0.25296 0.16671 0.53576 -0.84437
0.25327 0.16622 0.53403 -0.84547
0.25358 0.16572 0.53230 -0.84656
0.25389 0.16523 0.53057 -0.84764
0.25420 0.16474 0.52884 -0.84872
0.25450 0.16424 0.52710 -0.84980
0.25481 0.16374 0.52537 -0.85087
0.25512 0.16325 0.52363 -0.85194
0.25542 0.16275 0.52189 -0.85301
0.25572 0.16225 0.52015 -0.85407
0.25603 0.16176 0.51841 -0.85513
0.25633 0.16126 0.51667 -0.85618
0.25663 0.16076 0.51493 -0.85723
0.25693 0.16026 0.51318 -0.85828
0.25723 0.15976 0.51143 -0.85932
0.25753 0.15925 0.50969 -0.86036
0.25782 0.15875 0.50794 -0.86139
0.25812 0.15825 0.50619 -0.86242
0.25841 0.15775 0.50443 -0.86345
0.25871 0.15724 0.50268 -0.86447
0.25900 0.15674 0.50093 -0.86549
0.25929 0.15623 0.49917 -0.86650
0.25958 0.15572 0.49741 -0.86751
0.25987 0.15522 0.49565 -0.86852
0.26016 0.15471 0.49390 -0.86952
0.26045 0.15420 0.49213 -0.87052
0.26074 0.15369 0.49037 -0.87151
0.26102 0.15318 0.48861 -0.87250
0.26131 0.15267 0.48685 -0.87349
0.26159 0.15216 0.48508 -0.87447
0.26188 0.15165 0.48331 -0.87545
0.26216 0.15114 0.48155 -0.87642
0.26244 0.15063 0.47978 -0.87739
0.26272 0.15011 0.47801 -0.87836
0.26300 0.14960 0.47624 -0.87932
0.26328 0.14908 0.47446 -0.88028
0.26355 0.14857 0.47269 -0.88123
0.26383 0.14805 0.47092 -0.88218
0.26410 0.14754 0.46914 -0.88312
0.26438 0.14702 0.46736 -0.88406
0.26465 0.14650 0.46559 -0.88500
0.26492 0.14598 0.46381 -0.88594
0.26519 0.14547 0.46203 -0.88686
0.26546 0.14495 0.46025 -0.88779
0.26573 0.14443 0.45847 -0.88871
0.26600 0.14390 0.45669 -0.88963
0.26627 0.14338 0.45490 -0.89054
0.26653 0.14286 0.45312 -0.89145
0.26680 0.14234 0.45133 -0.89235
0.26706 0.14182 0.44955 -0.89326
0.26733 0.14129 0.44776 -0.89415
0.26759 0.14077 0.44597 -0.89505
0.26785 0.14024 0.44419 -0.89593
0.26811 0.13972 0.44240 -0.89682
0.26837 0.13919 0.44061 -0.89770
0.26863 0.13867 0.43882 -0.89858
0.26888 0.13814 0.43702 -0.89945
0.26914 0.13761 0.43523 -0.90032
0.26939 0.13708 0.43344 -0.90118
0.26965 0.13655 0.43164 -0.90204
0.26990 0.13602 0.42985 -0.90290
0.27015 0.13549 0.42805 -0.90375
0.27040 0.13496 0.42626 -0.90460
0.27065 0.13443 0.42446 -0.90545
0.27090 0.13390 0.42266 -0.90629
0.27115 0.13337 0.42086 -0.90712
0.27139 0.13283 0.41906 -0.90796
0.27164 0.13230 0.41726 -0.90879
0.27188 0.13177 0.41546 -0.90961
0.27213 0.13123 0.41366 -0.91043
0.27237 0.13070 0.41186 -0.91125
0.27261 0.13016 0.41006 -0.91206
0.27285 0.12963 0.40825 -0.91287
0.27309 0.12909 0.40645 -0.91367
0.27333 0.12855 0.40464 -0.91447
0.27357 0.12801 0.40284 -0.91527
0.27380 0.12747 0.40103 -0.91606
0.27404 0.12694 0.39923 -0.91685
0.27427 0.12640 0.39742 -0.91764
0.27451 0.12586 0.39561 -0.91842
0.27474 0.12532 0.39381 -0.91919
0.27497 0.12477 0.39200 -0.91997
0.27520 0.12423 0.39019 -0.92074
0.27543 0.12369 0.38838 -0.92150
0.27566 0.12315 0.38657 -0.92226
0.27588 0.12260 0.38476 -0.92302
0.27611 0.12206 0.38295 -0.92377
0.27634 0.12152 0.38113 -0.92452
0.27656 0.12097 0.37932 -0.92526
0.27678 0.12043 0.37751 -0.92601
0.27700 0.11988 0.37570 -0.92674
0.27723 0.11933 0.37388 -0.92748
0.27744 0.11879 0.37207 -0.92821
0.27766 0.11824 0.37025 -0.92893
0.27788 0.11769 0.36844 -0.92965
0.27810 0.11714 0.36662 -0.93037
0.27831 0.11660 0.36481 -0.93108
0.27853 0.11605 0.36299 -0.93179
0.27874 0.11550 0.36118 -0.93250
0.27895 0.11495 0.35936 -0.93320
0.27917 0.11440 0.35754 -0.93390
0.27938 0.11384 0.35572 -0.93459
0.27959 0.11329 0.35391 -0.93528
0.27979 0.11274 0.35209 -0.93597
0.28000 0.11219 0.35027 -0.93665
0.28021 0.11163 0.34845 -0.93733
0.28041 0.11108 0.34663 -0.93800
0.28062 0.11053 0.34481 -0.93867
0.28082 0.10997 0.34299 -0.93934
0.28102 0.10942 0.34117 -0.94000
0.28122 0.10886 0.33935 -0.94066
0.28142 0.10830 0.33753 -0.94131
0.28162 0.10775 0.33571 -0.94197
0.28182 0.10719 0.33389 -0.94261
0.28202 0.10663 0.33207 -0.94326
0.28221 0.10608 0.33024 -0.94390
0.28241 0.10552 0.32842 -0.94453
0.28260 0.10496 0.32660 -0.94516
0.28279 0.10440 0.32478 -0.94579
0.28299 0.10384 0.32296 -0.94641
0.28318 0.10328 0.32113 -0.94703
0.28337 0.10272 0.31931 -0.94765
0.28355 0.10216 0.31749 -0.94826
0.28374 0.10160 0.31566 -0.94887
0.28393 0.10104 0.31384 -0.94948
0.28411 0.10047 0.31201 -0.95008
0.28430 0.09991 0.31019 -0.95067
0.28448 0.09935 0.30837 -0.95127
0.28466 0.09878 0.30654 -0.95186
0.28484 0.09822 0.30472 -0.95244
0.28502 0.09766 0.30289 -0.95303
0.28520 0.09709 0.30107 -0.95360
0.28538 0.09653 0.29924 -0.95418
0.28556 0.09596 0.29742 -0.95475
0.28573 0.09539 0.29559 -0.95532
0.28591 0.09483 0.29376 -0.95588
0.28608 0.09426 0.29194 -0.95644
0.28625 0.09369 0.29011 -0.95699
0.28642 0.09313 0.28829 -0.95754
0.28660 0.09256 0.28646 -0.95809
0.28676 0.09199 0.28463 -0.95864
0.28693 0.09142 0.28281 -0.95918
0.28710 0.09085 0.28098 -0.95971
0.28727 0.09028 0.27915 -0.96025
0.28743 0.08971 0.27733 -0.96078
0.28760 0.08914 0.27550 -0.96130
0.28776 0.08857 0.27367 -0.96182
0.28792 0.08800 0.27185 -0.96234
0.28808 0.08743 0.27002 -0.96285
0.28824 0.08686 0.26819 -0.96336
0.28840 0.08628 0.26637 -0.96387
0.28856 0.08571 0.26454 -0.96437
0.28871 0.08514 0.26271 -0.96487
0.28887 0.08456 0.26089 -0.96537
0.28902 0.08399 0.25906 -0.96586
0.28918 0.08342 0.25723 -0.96635
0.28933 0.08284 0.25540 -0.96683
0.28948 0.08227 0.25358 -0.96732
0.28963 0.08169 0.25175 -0.96779
0.28978 0.08112 0.24992 -0.96827
0.28993 0.08054 0.24809 -0.96874
0.29008 0.07996 0.24627 -0.96920
0.29022 0.07939 0.24444 -0.96966
0.29037 0.07881 0.24261 -0.97012
0.29051 0.07823 0.24079 -0.97058
0.29065 0.07765 0.23896 -0.97103
0.29079 0.07708 0.23713 -0.97148
0.29094 0.07650 0.23530 -0.97192
0.29107 0.07592 0.23348 -0.97236
0.29121 0.07534 0.23165 -0.97280
0.29135 0.07476 0.22982 -0.97323
0.29149 0.07418 0.22799 -0.97366
0.29162 0.07360 0.22617 -0.97409
0.29176 0.07302 0.22434 -0.97451
0.29189 0.07244 0.22251 -0.97493
0.29202 0.07186 0.22068 -0.97535
0.29215 0.07128 0.21886 -0.97576
0.29228 0.07070 0.21703 -0.97616
0.29241 0.07012 0.21520 -0.97657
0.29254 0.06953 0.21338 -0.97697
0.29267 0.06895 0.21155 -0.97737
0.29279 0.06837 0.20972 -0.97776
0.29292 0.06779 0.20790 -0.97815
0.29304 0.06720 0.20607 -0.97854
0.29316 0.06662 0.20424 -0.97892
0.29328 0.06604 0.20241 -0.97930
0.29340 0.06545 0.20059 -0.97968
0.29352 0.06487 0.19876 -0.98005
0.29364 0.06428 0.19693 -0.98042
0.29376 0.06370 0.19511 -0.98078
0.29387 0.06311 0.19328 -0.98114
0.29399 0.06253 0.19146 -0.98150
0.29410 0.06194 0.18963 -0.98186
0.29421 0.06135 0.18780 -0.98221
0.29432 0.06077 0.18598 -0.98255
0.29444 0.06018 0.18415 -0.98290
0.29454 0.05959 0.18232 -0.98324
0.29465 0.05901 0.18050 -0.98358
0.29476 0.05842 0.17867 -0.98391
0.29487 0.05783 0.17685 -0.98424
0.29497 0.05724 0.17502 -0.98456
0.29508 0.05666 0.17319 -0.98489
0.29518 0.05607 0.17137 -0.98521
0.29528 0.05548 0.16954 -0.98552
0.29538 0.05489 0.16772 -0.98584
0.29548 0.05430 0.16589 -0.98614
0.29558 0.05371 0.16407 -0.98645
0.29568 0.05312 0.16224 -0.98675
0.29577 0.05253 0.16042 -0.98705
0.29587 0.05194 0.15859 -0.98734
0.29596 0.05135 0.15677 -0.98764
0.29606 0.05076 0.15494 -0.98792
0.29615 0.05017 0.15312 -0.98821
0.29624 0.04958 0.15129 -0.98849
0.29633 0.04899 0.14947 -0.98877
0.29642 0.04840 0.14764 -0.98904
0.29651 0.04781 0.14582 -0.98931
0.29659 0.04721 0.14399 -0.98958
0.29668 0.04662 0.14217 -0.98984
0.29676 0.04603 0.14035 -0.99010
0.29685 0.04544 0.13852 -0.99036
0.29693 0.04485 0.13670 -0.99061
0.29701 0.04425 0.13487 -0.99086
0.29709 0.04366 0.13305 -0.99111
0.29717 0.04307 0.13123 -0.99135
0.29725 0.04247 0.12940 -0.99159
0.29732 0.04188 0.12758 -0.99183
0.29740 0.04129 0.12575 -0.99206
0.29747 0.04069 0.12393 -0.99229
0.29755 0.04010 0.12211 -0.99252
0.29762 0.03950 0.12028 -0.99274
0.29769 0.03891 0.11846 -0.99296
0.29776 0.03831 0.11664 -0.99317
0.29783 0.03772 0.11482 -0.99339
0.29790 0.03713 0.11299 -0.99360
0.29797 0.03653 0.11117 -0.99380
0.29803 0.03593 0.10935 -0.99400
0.29810 0.03534 0.10752 -0.99420
0.29816 0.03474 0.10570 -0.99440
0.29822 0.03415 0.10388 -0.99459
0.29829 0.03355 0.10206 -0.99478
0.29835 0.03296 0.10023 -0.99496
0.29841 0.03236 0.09841 -0.99515
0.29846 0.03176 0.09659 -0.99532
0.29852 0.03117 0.09477 -0.99550
0.29858 0.03057 0.09294 -0.99567
0.29863 0.02997 0.09112 -0.99584
0.29869 0.02938 0.08930 -0.99600
0.29874 0.02878 0.08748 -0.99617
0.29879 0.02818 0.08566 -0.99632
0.29884 0.02759 0.08384 -0.99648
0.29889 0.02699 0.08201 -0.99663
0.29894 0.02639 0.08019 -0.99678
0.29899 0.02579 0.07837 -0.99692
0.29903 0.02520 0.07655 -0.99707
0.29908 0.02460 0.07473 -0.99720
0.29912 0.02400 0.07291 -0.99734
0.29917 0.02340 0.07109 -0.99747
0.29921 0.02281 0.06926 -0.99760
0.29925 0.02221 0.06744 -0.99772
0.29929 0.02161 0.06562 -0.99784
0.29933 0.02101 0.06380 -0.99796
0.29937 0.02041 0.06198 -0.99808
0.29940 0.01981 0.06016 -0.99819
0.29944 0.01921 0.05834 -0.99830
0.29947 0.01862 0.05652 -0.99840
0.29951 0.01802 0.05470 -0.99850
0.29954 0.01742 0.05288 -0.99860
0.29957 0.01682 0.05105 -0.99870
0.29960 0.01622 0.04923 -0.99879
0.29963 0.01562 0.04741 -0.99888
0.29966 0.01502 0.04559 -0.99896
0.29968 0.01442 0.04377 -0.99904
0.29971 0.01382 0.04195 -0.99912
0.29973 0.01322 0.04013 -0.99919
0.29976 0.01263 0.03831 -0.99927
0.29978 0.01203 0.03649 -0.99933
0.29980 0.01143 0.03467 -0.99940
0.29982 0.01083 0.03285 -0.99946
0.29984 0.01023 0.03103 -0.99952
0.29986 0.00963 0.02921 -0.99957
0.29988 0.00903 0.02739 -0.99962
0.29989 0.00843 0.02557 -0.99967
0.29991 0.00783 0.02375 -0.99972
0.29992 0.00723 0.02193 -0.99976
0.29993 0.00663 0.02011 -0.99980
0.29994 0.00603 0.01829 -0.99983
0.29996 0.00543 0.01647 -0.99986
0.29996 0.00483 0.01465 -0.99989
0.29997 0.00423 0.01283 -0.99992
0.29998 0.00363 0.01101 -0.99994
0.29999 0.00303 0.00919 -0.99996
0.29999 0.00243 0.00737 -0.99997
0.29999 0.00183 0.00555 -0.99998
0.30000 0.00123 0.00373 -0.99999
0.30000 0.00063 0.00191 -1.00000
0.30000 0.00003 0.00009 -1.00000
0.30000 -0.00057 -0.00173 -1.00000
