-0.25000 0.00000
-0.25000 0.00050
-0.25000 0.00100
-0.25000 0.00150
-0.24999 0.00200
-0.24999 0.00250
-0.24998 0.00300
-0.24998 0.00350
-0.24997 0.00400
-0.24996 0.00450
-0.24995 0.00500
-0.24994 0.00550
-0.24993 0.00600
-0.24992 0.00650
-0.24991 0.00700
-0.24989 0.00750
-0.24988 0.00800
-0.24986 0.00850
-0.24985 0.00900
-0.24983 0.00950
-0.24981 0.01000
-0.24979 0.01050
-0.24977 0.01100
-0.24975 0.01150
-0.24973 0.01200
-0.24971 0.01249
-0.24968 0.01299
-0.24966 0.01349
-0.24963 0.01399
-0.24961 0.01449
-0.24958 0.01499
-0.24955 0.01549
-0.24952 0.01599
-0.24949 0.01649
-0.24946 0.01699
-0.24943 0.01748
-0.24939 0.01798
-0.24936 0.01848
-0.24932 0.01898
-0.24929 0.01948
-0.24925 0.01998
-0.24921 0.02048
-0.24917 0.02097
-0.24913 0.02147
-0.24909 0.02197
-0.24905 0.02247
-0.24901 0.02297
-0.24897 0.02346
-0.24892 0.02396
-0.24888 0.02446
-0.24883 0.02496
-0.24878 0.02545
-0.24873 0.02595
-0.24868 0.02645
-0.24863 0.02694
-0.24858 0.02744
-0.24853 0.02794
-0.24848 0.02843
-0.24842 0.02893
-0.24837 0.02943
-0.24831 0.02992
-0.24826 0.03042
-0.24820 0.03092
-0.24814 0.03141
-0.24808 0.03191
-0.24802 0.03240
-0.24796 0.03290
-0.24790 0.03339
-0.24783 0.03389
-0.24777 0.03438
-0.24771 0.03488
-0.24764 0.03537
-0.24757 0.03587
-0.24751 0.03636
-0.24744 0.03686
-0.24737 0.03735
-0.24730 0.03784
-0.24722 0.03834
-0.24715 0.03883
-0.24708 0.03933
-0.24700 0.03982
-0.24693 0.04031
-0.24685 0.04081
-0.24678 0.04130
-0.24670 0.04179
-0.24662 0.04228
-0.24654 0.04278
-0.24646 0.04327
-0.24638 0.04376
-0.24629 0.04425
-0.24621 0.04474
-0.24613 0.04523
-0.24604 0.04573
-0.24595 0.04622
-0.24587 0.04671
-0.24578 0.04720
-0.24569 0.04769
-0.24560 0.04818
-0.24551 0.04867
-0.24542 0.04916
-0.24532 0.04965
-0.24523 0.05014
-0.24513 0.05063
-0.24504 0.05111
-0.24494 0.05160
-0.24485 0.05209
-0.24475 0.05258
-0.24465 0.05307
-0.24455 0.05356
-0.24445 0.05404
-0.24434 0.05453
-0.24424 0.05502
-0.24414 0.05550
-0.24403 0.05599
-0.24393 0.05648
-0.24382 0.05696
-0.24371 0.05745
-0.24360 0.05794
-0.24349 0.05842
-0.24338 0.05891
-0.24327 0.05939
-0.24316 0.05988
-0.24305 0.06036
-0.24293 0.06084
-0.24282 0.06133
-0.24270 0.06181
-0.24259 0.06230
-0.24247 0.06278
-0.24235 0.06326
-0.24223 0.06374
-0.24211 0.06423
-0.24199 0.06471
-0.24187 0.06519
-0.24174 0.06567
-0.24162 0.06615
-0.24149 0.06663
-0.24137 0.06711
-0.24124 0.06760
-0.24111 0.06808
-0.24098 0.06856
-0.24085 0.06903
-0.24072 0.06951
-0.24059 0.06999
-0.24046 0.07047
-0.24033 0.07095
-0.24019 0.07143
-0.24006 0.07191
-0.23992 0.07238
-0.23978 0.07286
-0.23965 0.07334
-0.23951 0.07381
-0.23937 0.07429
-0.23923 0.07477
-0.23909 0.07524
-0.23894 0.07572
-0.23880 0.07619
-0.23866 0.07667
-0.23851 0.07714
-0.23837 0.07762
-0.23822 0.07809
-0.23807 0.07856
-0.23792 0.07904
-0.23777 0.07951
-0.23762 0.07998
-0.23747 0.08045
-0.23732 0.08092
-0.23717 0.08140
-0.23701 0.08187
-0.23686 0.08234
-0.23670 0.08281
-0.23654 0.08328
-0.23639 0.08375
-0.23623 0.08422
-0.23607 0.08469
-0.23591 0.08515
-0.23575 0.08562
-0.23558 0.08609
-0.23542 0.08656
-0.23526 0.08702
-0.23509 0.08749
-0.23493 0.08796
-0.23476 0.08842
-0.23459 0.08889
-0.23442 0.08935
-0.23425 0.08982
-0.23408 0.09028
-0.23391 0.09075
-0.23374 0.09121
-0.23357 0.09168
-0.23339 0.09214
-0.23322 0.09260
-0.23304 0.09306
-0.23287 0.09353
-0.23269 0.09399
-0.23251 0.09445
-0.23233 0.09491
-0.23215 0.09537
-0.23197 0.09583
-0.23179 0.09629
-0.23161 0.09675
-0.23142 0.09721
-0.23124 0.09766
-0.23105 0.09812
-0.23087 0.09858
-0.23068 0.09904
-0.23049 0.09949
-0.23030 0.09995
-0.23011 0.10041
-0.22992 0.10086
-0.22973 0.10132
-0.22954 0.10177
-0.22935 0.10222
-0.22915 0.10268
-0.22896 0.10313
-0.22876 0.10358
-0.22856 0.10404
-0.22837 0.10449
-0.22817 0.10494
-0.22797 0.10539
-0.22777 0.10584
-0.22757 0.10629
-0.22737 0.10674
-0.22716 0.10719
-0.22696 0.10764
-0.22675 0.10809
-0.22655 0.10854
-0.22634 0.10898
-0.22614 0.10943
-0.22593 0.10988
-0.22572 0.11032
-0.22551 0.11077
-0.22530 0.11121
-0.22509 0.11166
-0.22487 0.11210
-0.22466 0.11255
-0.22445 0.11299
-0.22423 0.11343
-0.22402 0.11388
-0.22380 0.11432
-0.22358 0.11476
-0.22336 0.11520
-0.22314 0.11564
-0.22292 0.11608
-0.22270 0.11652
-0.22248 0.11696
-0.22226 0.11740
-0.22203 0.11784
-0.22181 0.11827
-0.22158 0.11871
-0.22136 0.11915
-0.22113 0.11958
-0.22090 0.12002
-0.22067 0.12046
-0.22044 0.12089
-0.22021 0.12132
-0.21998 0.12176
-0.21975 0.12219
-0.21952 0.12262
-0.21928 0.12306
-0.21905 0.12349
-0.21881 0.12392
-0.21858 0.12435
-0.21834 0.12478
-0.21810 0.12521
-0.21786 0.12564
-0.21762 0.12607
-0.21738 0.12650
-0.21714 0.12692
-0.21690 0.12735
-0.21666 0.12778
-0.21641 0.12820
-0.21617 0.12863
-0.21592 0.12905
-0.21567 0.12948
-0.21543 0.12990
-0.21518 0.13032
-0.21493 0.13075
-0.21468 0.13117
-0.21443 0.13159
-0.21418 0.13201
-0.21393 0.13243
-0.21367 0.13285
-0.21342 0.13327
-0.21316 0.13369
-0.21291 0.13411
-0.21265 0.13453
-0.21239 0.13494
-0.21214 0.13536
-0.21188 0.13578
-0.21162 0.13619
-0.21136 0.13661
-0.21110 0.13702
-0.21083 0.13744
-0.21057 0.13785
-0.21031 0.13826
-0.21004 0.13868
-0.20978 0.13909
-0.20951 0.13950
-0.20924 0.13991
-0.20897 0.14032
-0.20871 0.14073
-0.20844 0.14114
-0.20817 0.14155
-0.20789 0.14195
-0.20762 0.14236
-0.20735 0.14277
-0.20708 0.14317
-0.20680 0.14358
-0.20653 0.14398
-0.20625 0.14439
-0.20597 0.14479
-0.20570 0.14519
-0.20542 0.14560
-0.20514 0.14600
-0.20486 0.14640
-0.20458 0.14680
-0.20429 0.14720
-0.20401 0.14760
-0.20373 0.14800
-0.20344 0.14840
-0.20316 0.14879
-0.20287 0.14919
-0.20259 0.14959
-0.20230 0.14998
-0.20201 0.15038
-0.20172 0.15077
-0.20143 0.15117
-0.20114 0.15156
-0.20085 0.15195
-0.20056 0.15235
-0.20027 0.15274
-0.19997 0.15313
-0.19968 0.15352
-0.19938 0.15391
-0.19909 0.15430
-0.19879 0.15469
-0.19849 0.15507
-0.19820 0.15546
-0.19790 0.15585
-0.19760 0.15623
-0.19730 0.15662
-0.19699 0.15700
-0.19669 0.15739
-0.19639 0.15777
-0.19609 0.15815
-0.19578 0.15853
-0.19548 0.15892
-0.19517 0.15930
-0.19486 0.15968
-0.19456 0.16006
-0.19425 0.16043
-0.19394 0.16081
-0.19363 0.16119
-0.19332 0.16157
-0.19301 0.16194
-0.19269 0.16232
-0.19238 0.16269
-0.19207 0.16307
-0.19175 0.16344
-0.19144 0.16381
-0.19112 0.16419
-0.19080 0.16456
-0.19049 0.16493
-0.19017 0.16530
-0.18985 0.16567
-0.18953 0.16604
-0.18921 0.16641
-0.18889 0.16677
-0.18857 0.16714
-0.18824 0.16751
-0.18792 0.16787
-0.18760 0.16824
-0.18727 0.16860
-0.18694 0.16897
-0.18662 0.16933
-0.18629 0.16969
-0.18596 0.17005
-0.18563 0.17041
-0.18530 0.17077
-0.18497 0.17113
-0.18464 0.17149
-0.18431 0.17185
-0.18398 0.17221
-0.18365 0.17256
-0.18331 0.17292
-0.18298 0.17328
-0.18264 0.17363
-0.18231 0.17398
-0.18197 0.17434
-0.18163 0.17469
-0.18129 0.17504
-0.18096 0.17539
-0.18062 0.17574
-0.18028 0.17609
-0.17993 0.17644
-0.17959 0.17679
-0.17925 0.17714
-0.17891 0.17748
-0.17856 0.17783
-0.17822 0.17818
-0.17787 0.17852
-0.17753 0.17886
-0.17718 0.17921
-0.17683 0.17955
-0.17648 0.17989
-0.17613 0.18023
-0.17579 0.18057
-0.17543 0.18091
-0.17508 0.18125
-0.17473 0.18159
-0.17438 0.18193
-0.17403 0.18227
-0.17367 0.18260
-0.17332 0.18294
-0.17296 0.18327
-0.17261 0.18361
-0.17225 0.18394
-0.17189 0.18427
-0.17154 0.18460
-0.17118 0.18493
-0.17082 0.18526
-0.17046 0.18559
-0.17010 0.18592
-0.16973 0.18625
-0.16937 0.18658
-0.16901 0.18691
-0.16865 0.18723
-0.16828 0.18756
-0.16792 0.18788
-0.16755 0.18820
-0.16719 0.18853
-0.16682 0.18885
-0.16645 0.18917
-0.16608 0.18949
-0.16571 0.18981
-0.16534 0.19013
-0.16497 0.19045
-0.16460 0.19077
-0.16423 0.19108
-0.16386 0.19140
-0.16349 0.19171
-0.16311 0.19203
-0.16274 0.19234
-0.16236 0.19266
-0.16199 0.19297
-0.16161 0.19328
-0.16124 0.19359
-0.16086 0.19390
-0.16048 0.19421
-0.16010 0.19452
-0.15972 0.19483
-0.15934 0.19513
-0.15896 0.19544
-0.15858 0.19574
-0.15820 0.19605
-0.15782 0.19635
-0.15743 0.19666
-0.15705 0.19696
-0.15666 0.19726
-0.15628 0.19756
-0.15589 0.19786
-0.15551 0.19816
-0.15512 0.19846
-0.15473 0.19876
-0.15434 0.19905
-0.15396 0.19935
-0.15357 0.19964
-0.15318 0.19994
-0.15278 0.20023
-0.15239 0.20052
-0.15200 0.20082
-0.15161 0.20111
-0.15122 0.20140
-0.15082 0.20169
-0.15043 0.20198
-0.15003 0.20227
-0.14964 0.20255
-0.14924 0.20284
-0.14884 0.20313
-0.14844 0.20341
-0.14805 0.20369
-0.14765 0.20398
-0.14725 0.20426
-0.14685 0.20454
-0.14645 0.20482
-0.14605 0.20510
-0.14565 0.20538
-0.14524 0.20566
-0.14484 0.20594
-0.14444 0.20622
-0.14403 0.20649
-0.14363 0.20677
-0.14322 0.20704
-0.14282 0.20732
-0.14241 0.20759
-0.14200 0.20786
-0.14160 0.20813
-0.14119 0.20840
-0.14078 0.20867
-0.14037 0.20894
-0.13996 0.20921
-0.13955 0.20948
-0.13914 0.20974
-0.13873 0.21001
-0.13831 0.21027
-0.13790 0.21054
-0.13749 0.21080
-0.13707 0.21106
-0.13666 0.21133
-0.13624 0.21159
-0.13583 0.21185
-0.13541 0.21210
-0.13500 0.21236
-0.13458 0.21262
-0.13416 0.21288
-0.13374 0.21313
-0.13332 0.21339
-0.13290 0.21364
-0.13248 0.21390
-0.13206 0.21415
-0.13164 0.21440
-0.13122 0.21465
-0.13080 0.21490
-0.13038 0.21515
-0.12995 0.21540
-0.12953 0.21564
-0.12910 0.21589
-0.12868 0.21614
-0.12825 0.21638
-0.12783 0.21663
-0.12740 0.21687
-0.12697 0.21711
-0.12655 0.21735
-0.12612 0.21759
-0.12569 0.21783
-0.12526 0.21807
-0.12483 0.21831
-0.12440 0.21855
-0.12397 0.21878
-0.12354 0.21902
-0.12311 0.21926
-0.12268 0.21949
-0.12224 0.21972
-0.12181 0.21995
-0.12138 0.22019
-0.12094 0.22042
-0.12051 0.22065
-0.12007 0.22088
-0.11964 0.22110
-0.11920 0.22133
-0.11876 0.22156
-0.11833 0.22178
-0.11789 0.22201
-0.11745 0.22223
-0.11701 0.22245
-0.11657 0.22268
-0.11613 0.22290
-0.11569 0.22312
-0.11525 0.22334
-0.11481 0.22355
-0.11437 0.22377
-0.11393 0.22399
-0.11349 0.22421
-0.11304 0.22442
-0.11260 0.22463
-0.11216 0.22485
-0.11171 0.22506
-0.11127 0.22527
-0.11082 0.22548
-0.11038 0.22569
-0.10993 0.22590
-0.10948 0.22611
-0.10904 0.22632
-0.10859 0.22652
-0.10814 0.22673
-0.10769 0.22693
-0.10725 0.22714
-0.10680 0.22734
-0.10635 0.22754
-0.10590 0.22774
-0.10545 0.22795
-0.10499 0.22814
-0.10454 0.22834
-0.10409 0.22854
-0.10364 0.22874
-0.10319 0.22893
-0.10273 0.22913
-0.10228 0.22932
-0.10183 0.22952
-0.10137 0.22971
-0.10092 0.22990
-0.10046 0.23009
-0.10000 0.23028
-0.09955 0.23047
-0.09909 0.23066
-0.09863 0.23085
-0.09818 0.23103
-0.09772 0.23122
-0.09726 0.23140
-0.09680 0.23159
-0.09634 0.23177
-0.09588 0.23195
-0.09542 0.23213
-0.09496 0.23231
-0.09450 0.23249
-0.09404 0.23267
-0.09358 0.23285
-0.09312 0.23302
-0.09266 0.23320
-0.09219 0.23337
-0.09173 0.23355
-0.09127 0.23372
-0.09080 0.23389
-0.09034 0.23406
-0.08988 0.23423
-0.08941 0.23440
-0.08895 0.23457
-0.08848 0.23474
-0.08801 0.23491
-0.08755 0.23507
-0.08708 0.23524
-0.08661 0.23540
-0.08615 0.23556
-0.08568 0.23573
-0.08521 0.23589
-0.08474 0.23605
-0.08427 0.23621
-0.08380 0.23637
-0.08333 0.23652
-0.08286 0.23668
-0.08239 0.23684
-0.08192 0.23699
-0.08145 0.23715
-0.08098 0.23730
-0.08051 0.23745
-0.08004 0.23760
-0.07957 0.23775
-0.07909 0.23790
-0.07862 0.23805
-0.07815 0.23820
-0.07767 0.23835
-0.07720 0.23849
-0.07672 0.23864
-0.07625 0.23878
-0.07577 0.23893
-0.07530 0.23907
-0.07482 0.23921
-0.07435 0.23935
-0.07387 0.23949
-0.07340 0.23963
-0.07292 0.23977
-0.07244 0.23990
-0.07196 0.24004
-0.07149 0.24018
-0.07101 0.24031
-0.07053 0.24044
-0.07005 0.24058
-0.06957 0.24071
-0.06909 0.24084
-0.06861 0.24097
-0.06813 0.24110
-0.06765 0.24122
-0.06717 0.24135
-0.06669 0.24148
-0.06621 0.24160
-0.06573 0.24173
-0.06525 0.24185
-0.06477 0.24197
-0.06428 0.24209
-0.06380 0.24221
-0.06332 0.24233
-0.06284 0.24245
-0.06235 0.24257
-0.06187 0.24269
-0.06139 0.24280
-0.06090 0.24292
-0.06042 0.24303
-0.05993 0.24315
-0.05945 0.24326
-0.05896 0.24337
-0.05848 0.24348
-0.05799 0.24359
-0.05751 0.24370
-0.05702 0.24381
-0.05654 0.24391
-0.05605 0.24402
-0.05556 0.24412
-0.05508 0.24423
-0.05459 0.24433
-0.05410 0.24443
-0.05361 0.24453
-0.05313 0.24464
-0.05264 0.24473
-0.05215 0.24483
-0.05166 0.24493
-0.05117 0.24503
-0.05068 0.24512
-0.05020 0.24522
-0.04971 0.24531
-0.04922 0.24540
-0.04873 0.24550
-0.04824 0.24559
-0.04775 0.24568
-0.04726 0.24577
-0.04677 0.24586
-0.04628 0.24594
-0.04578 0.24603
-0.04529 0.24612
-0.04480 0.24620
-0.04431 0.24628
-0.04382 0.24637
-0.04333 0.24645
-0.04283 0.24653
-0.04234 0.24661
-0.04185 0.24669
-0.04136 0.24677
-0.04086 0.24684
-0.04037 0.24692
-0.03988 0.24700
-0.03939 0.24707
-0.03889 0.24714
-0.03840 0.24722
-0.03790 0.24729
-0.03741 0.24736
-0.03692 0.24743
-0.03642 0.24750
-0.03593 0.24756
-0.03543 0.24763
-0.03494 0.24770
-0.03444 0.24776
-0.03395 0.24783
-0.03345 0.24789
-0.03296 0.24795
-0.03246 0.24801
-0.03197 0.24807
-0.03147 0.24813
-0.03098 0.24819
-0.03048 0.24825
-0.02998 0.24831
-0.02949 0.24836
-0.02899 0.24842
-0.02849 0.24847
-0.02800 0.24852
-0.02750 0.24858
-0.02700 0.24863
-0.02651 0.24868
-0.02601 0.24873
-0.02551 0.24878
-0.02502 0.24882
-0.02452 0.24887
-0.02402 0.24892
-0.02352 0.24896
-0.02303 0.24900
-0.02253 0.24905
-0.02203 0.24909
-0.02153 0.24913
-0.02103 0.24917
-0.02054 0.24921
-0.02004 0.24925
-0.01954 0.24928
-0.01904 0.24932
-0.01854 0.24935
-0.01804 0.24939
-0.01755 0.24942
-0.01705 0.24945
-0.01655 0.24949
-0.01605 0.24952
-0.01555 0.24955
-0.01505 0.24957
-0.01455 0.24960
-0.01405 0.24963
-0.01355 0.24966
-0.01305 0.24968
-0.01255 0.24970
-0.01206 0.24973
-0.01156 0.24975
-0.01106 0.24977
-0.01056 0.24979
-0.01006 0.24981
-0.00956 0.24983
-0.00906 0.24985
-0.00856 0.24986
-0.00806 0.24988
-0.00756 0.24989
-0.00706 0.24991
-0.00656 0.24992
-0.00606 0.24993
-0.00556 0.24994
-0.00506 0.24995
-0.00456 0.24996
-0.00406 0.24997
-0.00356 0.24998
-0.00306 0.24998
-0.00256 0.24999
-0.00206 0.24999
-0.00156 0.25000
-0.00106 0.25000
-0.00056 0.25000
-0.00006 0.25000
0.00044 0.25000
0.00094 0.25000
0.00144 0.25000
0.00194 0.24999
0.00244 0.24999
0.00294 0.24998
0.00344 0.24998
0.00394 0.24997
0.00444 0.24996
0.00494 0.24995
0.00544 0.24994
0.00594 0.24993
0.00644 0.24992
0.00694 0.24991
0.00744 0.24990
0.00794 0.24988
0.00844 0.24987
0.00894 0.24985
0.00944 0.24983
0.00994 0.24981
0.01044 0.24980
0.01094 0.24978
0.01144 0.24975
0.01193 0.24973
0.01243 0.24971
0.01293 0.24969
0.01343 0.24966
0.01393 0.24964
0.01443 0.24961
0.01493 0.24958
0.01543 0.24955
0.01593 0.24952
0.01643 0.24949
0.01693 0.24946
0.01742 0.24943
0.01792 0.24940
0.01842 0.24936
0.01892 0.24933
0.01942 0.24929
0.01992 0.24925
0.02042 0.24922
0.02091 0.24918
0.02141 0.24914
0.02191 0.24910
0.02241 0.24906
0.02291 0.24901
0.02340 0.24897
0.02390 0.24893
0.02440 0.24888
0.02490 0.24883
0.02539 0.24879
0.02589 0.24874
0.02639 0.24869
0.02688 0.24864
0.02738 0.24859
0.02788 0.24854
0.02837 0.24848
0.02887 0.24843
0.02937 0.24838
0.02986 0.24832
0.03036 0.24826
0.03086 0.24821
0.03135 0.24815
0.03185 0.24809
0.03234 0.24803
0.03284 0.24797
0.03333 0.24791
0.03383 0.24784
0.03432 0.24778
0.03482 0.24771
0.03531 0.24765
0.03581 0.24758
0.03630 0.24751
0.03680 0.24744
0.03729 0.24738
0.03779 0.24730
0.03828 0.24723
0.03877 0.24716
0.03927 0.24709
0.03976 0.24701
0.04025 0.24694
0.04075 0.24686
0.04124 0.24679
0.04173 0.24671
0.04222 0.24663
0.04272 0.24655
0.04321 0.24647
0.04370 0.24639
0.04419 0.24630
0.04468 0.24622
0.04517 0.24614
0.04567 0.24605
0.04616 0.24596
0.04665 0.24588
0.04714 0.24579
0.04763 0.24570
0.04812 0.24561
0.04861 0.24552
0.04910 0.24543
0.04959 0.24533
0.05008 0.24524
0.05057 0.24515
0.05106 0.24505
0.05154 0.24495
0.05203 0.24486
0.05252 0.24476
0.05301 0.24466
0.05350 0.24456
0.05398 0.24446
0.05447 0.24436
0.05496 0.24425
0.05545 0.24415
0.05593 0.24404
0.05642 0.24394
0.05690 0.24383
0.05739 0.24373
0.05788 0.24362
0.05836 0.24351
0.05885 0.24340
0.05933 0.24329
0.05982 0.24317
0.06030 0.24306
0.06079 0.24295
0.06127 0.24283
0.06175 0.24272
0.06224 0.24260
0.06272 0.24248
0.06320 0.24236
0.06369 0.24224
0.06417 0.24212
0.06465 0.24200
0.06513 0.24188
0.06561 0.24176
0.06609 0.24163
0.06658 0.24151
0.06706 0.24138
0.06754 0.24126
0.06802 0.24113
0.06850 0.24100
0.06898 0.24087
0.06946 0.24074
0.06994 0.24061
0.07041 0.24048
0.07089 0.24034
0.07137 0.24021
0.07185 0.24007
0.07233 0.23994
0.07280 0.23980
0.07328 0.23966
0.07376 0.23952
0.07423 0.23939
0.07471 0.23924
0.07518 0.23910
0.07566 0.23896
0.07613 0.23882
0.07661 0.23867
0.07708 0.23853
0.07756 0.23838
0.07803 0.23824
0.07850 0.23809
0.07898 0.23794
0.07945 0.23779
0.07992 0.23764
0.08040 0.23749
0.08087 0.23734
0.08134 0.23718
0.08181 0.23703
0.08228 0.23688
0.08275 0.23672
0.08322 0.23656
0.08369 0.23641
0.08416 0.23625
0.08463 0.23609
0.08510 0.23593
0.08557 0.23577
0.08603 0.23560
0.08650 0.23544
0.08697 0.23528
0.08743 0.23511
0.08790 0.23495
0.08837 0.23478
0.08883 0.23461
0.08930 0.23444
0.08976 0.23427
0.09023 0.23410
0.09069 0.23393
0.09116 0.23376
0.09162 0.23359
0.09208 0.23342
0.09255 0.23324
0.09301 0.23307
0.09347 0.23289
0.09393 0.23271
0.09439 0.23253
0.09485 0.23235
0.09531 0.23217
0.09577 0.23199
0.09623 0.23181
0.09669 0.23163
0.09715 0.23145
0.09761 0.23126
0.09807 0.23108
0.09852 0.23089
0.09898 0.23070
0.09944 0.23052
0.09989 0.23033
0.10035 0.23014
0.10081 0.22995
0.10126 0.22976
0.10172 0.22956
0.10217 0.22937
0.10262 0.22918
0.10308 0.22898
0.10353 0.22879
0.10398 0.22859
0.10443 0.22839
0.10489 0.22819
0.10534 0.22799
0.10579 0.22779
0.10624 0.22759
0.10669 0.22739
0.10714 0.22719
0.10759 0.22698
0.10803 0.22678
0.10848 0.22657
0.10893 0.22637
0.10938 0.22616
0.10982 0.22595
0.11027 0.22574
0.11072 0.22553
0.11116 0.22532
0.11161 0.22511
0.11205 0.22490
0.11249 0.22469
0.11294 0.22447
0.11338 0.22426
0.11382 0.22404
0.11426 0.22383
0.11471 0.22361
0.11515 0.22339
0.11559 0.22317
0.11603 0.22295
0.11647 0.22273
0.11691 0.22251
0.11735 0.22228
0.11778 0.22206
0.11822 0.22184
0.11866 0.22161
0.11910 0.22139
0.11953 0.22116
0.11997 0.22093
0.12040 0.22070
0.12084 0.22047
0.12127 0.22024
0.12171 0.22001
0.12214 0.21978
0.12257 0.21955
0.12300 0.21931
0.12344 0.21908
0.12387 0.21884
0.12430 0.21861
0.12473 0.21837
0.12516 0.21813
0.12559 0.21789
0.12602 0.21765
0.12644 0.21741
0.12687 0.21717
0.12730 0.21693
0.12772 0.21668
0.12815 0.21644
0.12858 0.21620
0.12900 0.21595
0.12943 0.21570
0.12985 0.21546
0.13027 0.21521
0.13070 0.21496
0.13112 0.21471
0.13154 0.21446
0.13196 0.21421
0.13238 0.21396
0.13280 0.21370
0.13322 0.21345
0.13364 0.21319
0.13406 0.21294
0.13448 0.21268
0.13489 0.21243
0.13531 0.21217
0.13573 0.21191
0.13614 0.21165
0.13656 0.21139
0.13697 0.21113
0.13739 0.21086
0.13780 0.21060
0.13821 0.21034
0.13863 0.21007
0.13904 0.20981
0.13945 0.20954
0.13986 0.20927
0.14027 0.20901
0.14068 0.20874
0.14109 0.20847
0.14150 0.20820
0.14190 0.20793
0.14231 0.20766
0.14272 0.20738
0.14312 0.20711
0.14353 0.20683
0.14393 0.20656
0.14434 0.20628
0.14474 0.20601
0.14515 0.20573
0.14555 0.20545
0.14595 0.20517
0.14635 0.20489
0.14675 0.20461
0.14715 0.20433
0.14755 0.20405
0.14795 0.20376
0.14835 0.20348
0.14875 0.20319
0.14914 0.20291
0.14954 0.20262
0.14994 0.20234
0.15033 0.20205
0.15073 0.20176
0.15112 0.20147
0.15151 0.20118
0.15191 0.20089
0.15230 0.20060
0.15269 0.20030
0.15308 0.20001
0.15347 0.19972
0.15386 0.19942
0.15425 0.19912
0.15464 0.19883
0.15503 0.19853
0.15541 0.19823
0.15580 0.19793
0.15619 0.19763
0.15657 0.19733
0.15696 0.19703
0.15734 0.19673
0.15772 0.19643
0.15811 0.19612
0.15849 0.19582
0.15887 0.19551
0.15925 0.19521
0.15963 0.19490
0.16001 0.19459
0.16039 0.19428
0.16077 0.19398
0.16114 0.19367
0.16152 0.19335
0.16190 0.19304
0.16227 0.19273
0.16265 0.19242
0.16302 0.19210
0.16340 0.19179
0.16377 0.19148
0.16414 0.19116
0.16451 0.19084
0.16488 0.19053
0.16526 0.19021
0.16562 0.18989
0.16599 0.18957
0.16636 0.18925
0.16673 0.18893
0.16710 0.18860
0.16746 0.18828
0.16783 0.18796
0.16819 0.18763
0.16856 0.18731
0.16892 0.18698
0.16928 0.18666
0.16965 0.18633
0.17001 0.18600
0.17037 0.18567
0.17073 0.18534
0.17109 0.18501
0.17145 0.18468
0.17181 0.18435
0.17216 0.18402
0.17252 0.18369
0.17288 0.18335
0.17323 0.18302
0.17359 0.18268
0.17394 0.18235
0.17429 0.18201
0.17465 0.18167
0.17500 0.18134
0.17535 0.18100
0.17570 0.18066
0.17605 0.18032
0.17640 0.17998
0.17675 0.17963
0.17710 0.17929
0.17744 0.17895
0.17779 0.17860
0.17813 0.17826
0.17848 0.17791
0.17882 0.17757
0.17917 0.17722
0.17951 0.17687
0.17985 0.17653
0.18019 0.17618
0.18053 0.17583
0.18087 0.17548
0.18121 0.17513
0.18155 0.17477
0.18189 0.17442
0.18223 0.17407
0.18256 0.17372
0.18290 0.17336
0.18323 0.17301
0.18357 0.17265
0.18390 0.17229
0.18423 0.17194
0.18456 0.17158
0.18489 0.17122
0.18522 0.17086
0.18555 0.17050
0.18588 0.17014
0.18621 0.16978
0.18654 0.16942
0.18687 0.16905
0.18719 0.16869
0.18752 0.16833
0.18784 0.16796
0.18816 0.16760
0.18849 0.16723
0.18881 0.16686
0.18913 0.16650
0.18945 0.16613
0.18977 0.16576
0.19009 0.16539
0.19041 0.16502
0.19073 0.16465
0.19104 0.16428
0.19136 0.16391
0.19168 0.16353
0.19199 0.16316
0.19230 0.16278
0.19262 0.16241
0.19293 0.16203
0.19324 0.16166
0.19355 0.16128
0.19386 0.16090
0.19417 0.16053
0.19448 0.16015
0.19479 0.15977
0.19510 0.15939
0.19540 0.15901
0.19571 0.15863
0.19601 0.15824
0.19632 0.15786
0.19662 0.15748
0.19692 0.15710
0.19722 0.15671
0.19752 0.15633
0.19782 0.15594
0.19812 0.15555
0.19842 0.15517
0.19872 0.15478
0.19902 0.15439
0.19931 0.15400
0.19961 0.15361
0.19990 0.15322
0.20020 0.15283
0.20049 0.15244
0.20078 0.15205
0.20107 0.15166
0.20136 0.15126
0.20165 0.15087
0.20194 0.15047
0.20223 0.15008
0.20252 0.14968
0.20281 0.14929
0.20309 0.14889
0.20338 0.14849
0.20366 0.14810
0.20394 0.14770
0.20423 0.14730
0.20451 0.14690
0.20479 0.14650
0.20507 0.14610
0.20535 0.14569
0.20563 0.14529
0.20591 0.14489
0.20618 0.14449
0.20646 0.14408
0.20673 0.14368
0.20701 0.14327
0.20728 0.14287
0.20756 0.14246
0.20783 0.14205
0.20810 0.14164
0.20837 0.14124
0.20864 0.14083
0.20891 0.14042
0.20918 0.14001
0.20945 0.13960
0.20971 0.13919
0.20998 0.13878
0.21024 0.13836
0.21051 0.13795
0.21077 0.13754
0.21103 0.13712
0.21129 0.13671
0.21155 0.13629
0.21181 0.13588
0.21207 0.13546
0.21233 0.13505
0.21259 0.13463
0.21285 0.13421
0.21310 0.13379
0.21336 0.13337
0.21361 0.13295
0.21386 0.13253
0.21412 0.13211
0.21437 0.13169
0.21462 0.13127
0.21487 0.13085
0.21512 0.13043
0.21537 0.13000
0.21561 0.12958
0.21586 0.12916
0.21611 0.12873
0.21635 0.12831
0.21660 0.12788
0.21684 0.12745
0.21708 0.12703
0.21732 0.12660
0.21756 0.12617
0.21780 0.12574
0.21804 0.12531
0.21828 0.12488
0.21852 0.12445
0.21876 0.12402
0.21899 0.12359
0.21923 0.12316
0.21946 0.12273
0.21969 0.12230
0.21993 0.12186
0.22016 0.12143
0.22039 0.12100
0.22062 0.12056
0.22085 0.12013
0.22108 0.11969
0.22130 0.11925
0.22153 0.11882
0.22175 0.11838
0.22198 0.11794
0.22220 0.11751
0.22243 0.11707
0.22265 0.11663
0.22287 0.11619
0.22309 0.11575
0.22331 0.11531
0.22353 0.11487
0.22375 0.11443
0.22396 0.11398
0.22418 0.11354
0.22439 0.11310
0.22461 0.11266
0.22482 0.11221
0.22503 0.11177
0.22525 0.11132
0.22546 0.11088
0.22567 0.11043
0.22588 0.10999
0.22609 0.10954
0.22629 0.10909
0.22650 0.10864
0.22670 0.10820
0.22691 0.10775
0.22711 0.10730
0.22732 0.10685
0.22752 0.10640
0.22772 0.10595
0.22792 0.10550
0.22812 0.10505
0.22832 0.10460
0.22852 0.10415
0.22871 0.10369
0.22891 0.10324
0.22911 0.10279
0.22930 0.10233
0.22949 0.10188
0.22969 0.10143
0.22988 0.10097
0.23007 0.10052
0.23026 0.10006
0.23045 0.09960
0.23064 0.09915
0.23082 0.09869
0.23101 0.09823
0.23119 0.09778
0.23138 0.09732
0.23156 0.09686
0.23175 0.09640
0.23193 0.09594
0.23211 0.09548
0.23229 0.09502
0.23247 0.09456
0.23265 0.09410
0.23282 0.09364
0.23300 0.09318
0.23318 0.09271
0.23335 0.09225
0.23353 0.09179
0.23370 0.09132
0.23387 0.09086
0.23404 0.09040
0.23421 0.08993
0.23438 0.08947
0.23455 0.08900
0.23472 0.08854
0.23489 0.08807
0.23505 0.08760
0.23522 0.08714
0.23538 0.08667
0.23554 0.08620
0.23571 0.08574
0.23587 0.08527
0.23603 0.08480
0.23619 0.08433
0.23635 0.08386
0.23651 0.08339
0.23666 0.08292
0.23682 0.08245
0.23697 0.08198
0.23713 0.08151
0.23728 0.08104
0.23743 0.08057
0.23759 0.08009
0.23774 0.07962
0.23789 0.07915
0.23804 0.07868
0.23818 0.07820
0.23833 0.07773
0.23848 0.07726
0.23862 0.07678
0.23877 0.07631
0.23891 0.07583
0.23905 0.07536
0.23919 0.07488
0.23933 0.07441
0.23947 0.07393
0.23961 0.07345
0.23975 0.07298
0.23989 0.07250
0.24002 0.07202
0.24016 0.07154
0.24029 0.07107
0.24043 0.07059
0.24056 0.07011
0.24069 0.06963
0.24082 0.06915
0.24095 0.06867
0.24108 0.06819
0.24121 0.06771
0.24134 0.06723
0.24146 0.06675
0.24159 0.06627
0.24171 0.06579
0.24184 0.06531
0.24196 0.06483
0.24208 0.06434
0.24220 0.06386
0.24232 0.06338
0.24244 0.06290
0.24256 0.06241
0.24267 0.06193
0.24279 0.06145
0.24291 0.06096
0.24302 0.06048
0.24313 0.05999
0.24325 0.05951
0.24336 0.05902
0.24347 0.05854
0.24358 0.05805
0.24369 0.05757
0.24379 0.05708
0.24390 0.05660
0.24401 0.05611
0.24411 0.05562
0.24422 0.05514
0.24432 0.05465
0.24442 0.05416
0.24452 0.05367
0.24462 0.05319
0.24472 0.05270
0.24482 0.05221
0.24492 0.05172
0.24502 0.05123
0.24511 0.05074
0.24521 0.05025
0.24530 0.04977
0.24539 0.04928
0.24549 0.04879
0.24558 0.04830
0.24567 0.04781
0.24576 0.04732
0.24585 0.04683
0.24593 0.04633
0.24602 0.04584
0.24611 0.04535
0.24619 0.04486
0.24627 0.04437
0.24636 0.04388
0.24644 0.04339
0.24652 0.04289
0.24660 0.04240
0.24668 0.04191
0.24676 0.04142
0.24683 0.04092
0.24691 0.04043
0.24699 0.03994
0.24706 0.03945
0.24713 0.03895
0.24721 0.03846
0.24728 0.03796
0.24735 0.03747
0.24742 0.03698
0.24749 0.03648
0.24756 0.03599
0.24762 0.03549
0.24769 0.03500
0.24776 0.03450
0.24782 0.03401
0.24788 0.03351
0.24795 0.03302
0.24801 0.03252
0.24807 0.03203
0.24813 0.03153
0.24819 0.03104
0.24824 0.03054
0.24830 0.03004
0.24836 0.02955
0.24841 0.02905
0.24847 0.02855
0.24852 0.02806
0.24857 0.02756
0.24862 0.02706
0.24867 0.02657
0.24872 0.02607
0.24877 0.02557
0.24882 0.02508
0.24886 0.02458
0.24891 0.02408
0.24895 0.02358
0.24900 0.02309
0.24904 0.02259
0.24908 0.02209
0.24912 0.02159
0.24916 0.02109
0.24920 0.02060
0.24924 0.02010
0.24928 0.01960
0.24931 0.01910
0.24935 0.01860
0.24938 0.01810
0.24942 0.01761
0.24945 0.01711
0.24948 0.01661
0.24951 0.01611
0.24954 0.01561
0.24957 0.01511
0.24960 0.01461
0.24963 0.01411
0.24965 0.01361
0.24968 0.01311
0.24970 0.01262
0.24972 0.01212
0.24975 0.01162
0.24977 0.01112
0.24979 0.01062
0.24981 0.01012
0.24983 0.00962
0.24984 0.00912
0.24986 0.00862
0.24988 0.00812
0.24989 0.00762
0.24990 0.00712
0.24992 0.00662
0.24993 0.00612
0.24994 0.00562
0.24995 0.00512
0.24996 0.00462
0.24997 0.00412
0.24998 0.00362
0.24998 0.00312
0.24999 0.00262
0.24999 0.00212
0.25000 0.00162
0.25000 0.00112
0.25000 0.00062
0.25000 0.00012
0.25000 -0.00038
