-0.15000 0.00000 0.00000 1.00000
-0.15000 0.00030 0.00195 1.00000
-0.15000 0.00060 0.00391 0.99999
-0.15000 0.00090 0.00586 0.99998
-0.15000 0.00120 0.00782 0.99997
-0.14999 0.00150 0.00977 0.99995
-0.14999 0.00180 0.01173 0.99993
-0.14999 0.00210 0.01368 0.99991
-0.14998 0.00240 0.01564 0.99988
-0.14998 0.00270 0.01759 0.99985
-0.14997 0.00300 0.01955 0.99981
-0.14996 0.00330 0.02150 0.99977
-0.14996 0.00360 0.02346 0.99972
-0.14995 0.00390 0.02541 0.99968
-0.14994 0.00420 0.02737 0.99963
-0.14993 0.00450 0.02932 0.99957
-0.14992 0.00480 0.03128 0.99951
-0.14992 0.00510 0.03323 0.99945
-0.14990 0.00540 0.03518 0.99938
-0.14989 0.00570 0.03714 0.99931
-0.14988 0.00600 0.03909 0.99924
-0.14987 0.00630 0.04105 0.99916
-0.14986 0.00660 0.04300 0.99908
-0.14984 0.00690 0.04495 0.99899
-0.14983 0.00720 0.04691 0.99890
-0.14982 0.00750 0.04886 0.99881
-0.14980 0.00780 0.05081 0.99871
-0.14979 0.00810 0.05277 0.99861
-0.14977 0.00840 0.05472 0.99850
-0.14975 0.00870 0.05667 0.99839
-0.14974 0.00899 0.05863 0.99828
-0.14972 0.00929 0.06058 0.99816
-0.14970 0.00959 0.06253 0.99804
-0.14968 0.00989 0.06448 0.99792
-0.14966 0.01019 0.06643 0.99779
-0.14964 0.01049 0.06839 0.99766
-0.14962 0.01079 0.07034 0.99752
-0.14960 0.01109 0.07229 0.99738
-0.14958 0.01139 0.07424 0.99724
-0.14955 0.01169 0.07619 0.99709
-0.14953 0.01199 0.07814 0.99694
-0.14951 0.01229 0.08009 0.99679
-0.14948 0.01258 0.08204 0.99663
-0.14946 0.01288 0.08399 0.99647
-0.14943 0.01318 0.08594 0.99630
-0.14941 0.01348 0.08789 0.99613
-0.14938 0.01378 0.08984 0.99596
-0.14935 0.01408 0.09179 0.99578
-0.14932 0.01438 0.09374 0.99560
-0.14930 0.01468 0.09569 0.99541
-0.14927 0.01497 0.09764 0.99522
-0.14924 0.01527 0.09959 0.99503
-0.14921 0.01557 0.10153 0.99483
-0.14918 0.01587 0.10348 0.99463
-0.14915 0.01617 0.10543 0.99443
-0.14911 0.01647 0.10738 0.99422
-0.14908 0.01676 0.10932 0.99401
-0.14905 0.01706 0.11127 0.99379
-0.14901 0.01736 0.11321 0.99357
-0.14898 0.01766 0.11516 0.99335
-0.14895 0.01796 0.11711 0.99312
-0.14891 0.01825 0.11905 0.99289
-0.14887 0.01855 0.12100 0.99265
-0.14884 0.01885 0.12294 0.99241
-0.14880 0.01915 0.12488 0.99217
-0.14876 0.01944 0.12683 0.99192
-0.14872 0.01974 0.12877 0.99167
-0.14869 0.02004 0.13071 0.99142
-0.14865 0.02034 0.13266 0.99116
-0.14861 0.02063 0.13460 0.99090
-0.14857 0.02093 0.13654 0.99063
-0.14852 0.02123 0.13848 0.99036
-0.14848 0.02152 0.14042 0.99009
-0.14844 0.02182 0.14236 0.98981
-0.14840 0.02212 0.14430 0.98953
-0.14835 0.02241 0.14624 0.98925
-0.14831 0.02271 0.14818 0.98896
-0.14826 0.02301 0.15012 0.98867
-0.14822 0.02330 0.15206 0.98837
-0.14817 0.02360 0.15400 0.98807
-0.14813 0.02390 0.15594 0.98777
-0.14808 0.02419 0.15787 0.98746
-0.14803 0.02449 0.15981 0.98715
-0.14798 0.02478 0.16175 0.98683
-0.14794 0.02508 0.16368 0.98651
-0.14789 0.02537 0.16562 0.98619
-0.14784 0.02567 0.16755 0.98586
-0.14779 0.02597 0.16949 0.98553
-0.14773 0.02626 0.17142 0.98520
-0.14768 0.02656 0.17336 0.98486
-0.14763 0.02685 0.17529 0.98452
-0.14758 0.02715 0.17722 0.98417
-0.14752 0.02744 0.17915 0.98382
-0.14747 0.02774 0.18109 0.98347
-0.14742 0.02803 0.18302 0.98311
-0.14736 0.02833 0.18495 0.98275
-0.14730 0.02862 0.18688 0.98238
-0.14725 0.02891 0.18881 0.98201
-0.14719 0.02921 0.19073 0.98164
-0.14713 0.02950 0.19266 0.98126
-0.14708 0.02980 0.19459 0.98088
-0.14702 0.03009 0.19652 0.98050
-0.14696 0.03038 0.19844 0.98011
-0.14690 0.03068 0.20037 0.97972
-0.14684 0.03097 0.20230 0.97932
-0.14678 0.03126 0.20422 0.97892
-0.14672 0.03156 0.20614 0.97852
-0.14665 0.03185 0.20807 0.97811
-0.14659 0.03214 0.20999 0.97770
-0.14653 0.03244 0.21191 0.97729
-0.14646 0.03273 0.21384 0.97687
-0.14640 0.03302 0.21576 0.97645
-0.14634 0.03331 0.21768 0.97602
-0.14627 0.03361 0.21960 0.97559
-0.14620 0.03390 0.22152 0.97516
-0.14614 0.03419 0.22344 0.97472
-0.14607 0.03448 0.22535 0.97428
-0.14600 0.03477 0.22727 0.97383
-0.14593 0.03507 0.22919 0.97338
-0.14586 0.03536 0.23110 0.97293
-0.14580 0.03565 0.23302 0.97247
-0.14573 0.03594 0.23493 0.97201
-0.14565 0.03623 0.23685 0.97155
-0.14558 0.03652 0.23876 0.97108
-0.14551 0.03681 0.24067 0.97061
-0.14544 0.03710 0.24258 0.97013
-0.14537 0.03739 0.24449 0.96965
-0.14529 0.03768 0.24640 0.96917
-0.14522 0.03797 0.24831 0.96868
-0.14514 0.03826 0.25022 0.96819
-0.14507 0.03855 0.25213 0.96769
-0.14499 0.03884 0.25404 0.96719
-0.14492 0.03913 0.25594 0.96669
-0.14484 0.03942 0.25785 0.96618
-0.14476 0.03971 0.25976 0.96567
-0.14468 0.04000 0.26166 0.96516
-0.14461 0.04029 0.26356 0.96464
-0.14453 0.04058 0.26547 0.96412
-0.14445 0.04087 0.26737 0.96359
-0.14437 0.04115 0.26927 0.96307
-0.14429 0.04144 0.27117 0.96253
-0.14420 0.04173 0.27307 0.96199
-0.14412 0.04202 0.27497 0.96145
-0.14404 0.04231 0.27686 0.96091
-0.14396 0.04259 0.27876 0.96036
-0.14387 0.04288 0.28066 0.95981
-0.14379 0.04317 0.28255 0.95925
-0.14370 0.04345 0.28445 0.95869
-0.14362 0.04374 0.28634 0.95813
-0.14353 0.04403 0.28823 0.95756
-0.14345 0.04431 0.29012 0.95699
-0.14336 0.04460 0.29201 0.95641
-0.14327 0.04489 0.29390 0.95584
-0.14318 0.04517 0.29579 0.95525
-0.14309 0.04546 0.29768 0.95467
-0.14300 0.04574 0.29957 0.95408
-0.14291 0.04603 0.30145 0.95348
-0.14282 0.04631 0.30334 0.95288
-0.14273 0.04660 0.30522 0.95228
-0.14264 0.04688 0.30711 0.95168
-0.14255 0.04717 0.30899 0.95107
-0.14246 0.04745 0.31087 0.95045
-0.14236 0.04774 0.31275 0.94984
-0.14227 0.04802 0.31463 0.94921
-0.14218 0.04830 0.31651 0.94859
-0.14208 0.04859 0.31838 0.94796
-0.14199 0.04887 0.32026 0.94733
-0.14189 0.04915 0.32214 0.94669
-0.14179 0.04944 0.32401 0.94605
-0.14170 0.04972 0.32588 0.94541
-0.14160 0.05000 0.32776 0.94476
-0.14150 0.05029 0.32963 0.94411
-0.14140 0.05057 0.33150 0.94346
-0.14130 0.05085 0.33337 0.94280
-0.14120 0.05113 0.33524 0.94213
-0.14110 0.05141 0.33710 0.94147
-0.14100 0.05169 0.33897 0.94080
-0.14090 0.05198 0.34083 0.94012
-0.14080 0.05226 0.34270 0.93945
-0.14069 0.05254 0.34456 0.93876
-0.14059 0.05282 0.34642 0.93808
-0.14049 0.05310 0.34828 0.93739
-0.14038 0.05338 0.35014 0.93670
-0.14028 0.05366 0.35200 0.93600
-0.14017 0.05394 0.35386 0.93530
-0.14007 0.05422 0.35571 0.93460
-0.13996 0.05450 0.35757 0.93389
-0.13985 0.05477 0.35942 0.93318
-0.13974 0.05505 0.36127 0.93246
-0.13964 0.05533 0.36312 0.93174
-0.13953 0.05561 0.36497 0.93102
-0.13942 0.05589 0.36682 0.93029
-0.13931 0.05617 0.36867 0.92956
-0.13920 0.05644 0.37052 0.92883
-0.13909 0.05672 0.37236 0.92809
-0.13897 0.05700 0.37421 0.92735
-0.13886 0.05728 0.37605 0.92660
-0.13875 0.05755 0.37789 0.92585
-0.13864 0.05783 0.37973 0.92510
-0.13852 0.05810 0.38157 0.92434
-0.13841 0.05838 0.38341 0.92358
-0.13829 0.05866 0.38524 0.92281
-0.13818 0.05893 0.38708 0.92205
-0.13806 0.05921 0.38891 0.92127
-0.13795 0.05948 0.39075 0.92050
-0.13783 0.05976 0.39258 0.91972
-0.13771 0.06003 0.39441 0.91894
-0.13759 0.06031 0.39624 0.91815
-0.13748 0.06058 0.39806 0.91736
-0.13736 0.06085 0.39989 0.91656
-0.13724 0.06113 0.40172 0.91576
-0.13712 0.06140 0.40354 0.91496
-0.13700 0.06167 0.40536 0.91416
-0.13687 0.06195 0.40718 0.91335
-0.13675 0.06222 0.40900 0.91253
-0.13663 0.06249 0.41082 0.91172
-0.13651 0.06276 0.41264 0.91090
-0.13638 0.06304 0.41445 0.91007
-0.13626 0.06331 0.41626 0.90924
-0.13613 0.06358 0.41808 0.90841
-0.13601 0.06385 0.41989 0.90758
-0.13588 0.06412 0.42170 0.90674
-0.13576 0.06439 0.42351 0.90589
-0.13563 0.06466 0.42531 0.90505
-0.13550 0.06493 0.42712 0.90420
-0.13538 0.06520 0.42892 0.90334
-0.13525 0.06547 0.43072 0.90248
-0.13512 0.06574 0.43252 0.90162
-0.13499 0.06601 0.43432 0.90076
-0.13486 0.06628 0.43612 0.89989
-0.13473 0.06655 0.43792 0.89902
-0.13460 0.06681 0.43971 0.89814
-0.13447 0.06708 0.44151 0.89726
-0.13434 0.06735 0.44330 0.89637
-0.13420 0.06762 0.44509 0.89549
-0.13407 0.06788 0.44688 0.89460
-0.13394 0.06815 0.44866 0.89370
-0.13380 0.06842 0.45045 0.89280
-0.13367 0.06868 0.45223 0.89190
-0.13353 0.06895 0.45401 0.89099
-0.13340 0.06921 0.45580 0.89008
-0.13326 0.06948 0.45757 0.88917
-0.13312 0.06974 0.45935 0.88825
-0.13299 0.07001 0.46113 0.88733
-0.13285 0.07027 0.46290 0.88641
-0.13271 0.07054 0.46467 0.88548
-0.13257 0.07080 0.46645 0.88455
-0.13243 0.07107 0.46822 0.88361
-0.13229 0.07133 0.46998 0.88268
-0.13215 0.07159 0.47175 0.88173
-0.13201 0.07186 0.47351 0.88079
-0.13187 0.07212 0.47528 0.87984
-0.13173 0.07238 0.47704 0.87888
-0.13158 0.07264 0.47880 0.87793
-0.13144 0.07290 0.48055 0.87696
-0.13130 0.07316 0.48231 0.87600
-0.13115 0.07343 0.48406 0.87503
-0.13101 0.07369 0.48582 0.87406
-0.13086 0.07395 0.48757 0.87309
-0.13072 0.07421 0.48932 0.87211
-0.13057 0.07447 0.49106 0.87112
-0.13043 0.07473 0.49281 0.87014
-0.13028 0.07499 0.49455 0.86915
-0.13013 0.07524 0.49630 0.86815
-0.12998 0.07550 0.49804 0.86716
-0.12983 0.07576 0.49977 0.86616
-0.12968 0.07602 0.50151 0.86515
-0.12954 0.07628 0.50324 0.86414
-0.12938 0.07653 0.50498 0.86313
-0.12923 0.07679 0.50671 0.86212
-0.12908 0.07705 0.50844 0.86110
-0.12893 0.07731 0.51017 0.86008
-0.12878 0.07756 0.51189 0.85905
-0.12863 0.07782 0.51361 0.85802
-0.12847 0.07807 0.51534 0.85699
-0.12832 0.07833 0.51706 0.85595
-0.12816 0.07858 0.51877 0.85491
-0.12801 0.07884 0.52049 0.85387
-0.12785 0.07909 0.52220 0.85282
-0.12770 0.07935 0.52392 0.85177
-0.12754 0.07960 0.52563 0.85072
-0.12739 0.07985 0.52734 0.84966
-0.12723 0.08011 0.52904 0.84860
-0.12707 0.08036 0.53075 0.84753
-0.12691 0.08061 0.53245 0.84646
-0.12675 0.08086 0.53415 0.84539
-0.12659 0.08111 0.53585 0.84431
-0.12643 0.08137 0.53754 0.84324
-0.12627 0.08162 0.53924 0.84215
-0.12611 0.08187 0.54093 0.84107
-0.12595 0.08212 0.54262 0.83998
-0.12579 0.08237 0.54431 0.83888
-0.12563 0.08262 0.54600 0.83779
-0.12546 0.08287 0.54768 0.83669
-0.12530 0.08312 0.54936 0.83558
-0.12514 0.08336 0.55104 0.83448
-0.12497 0.08361 0.55272 0.83337
-0.12481 0.08386 0.55440 0.83225
-0.12464 0.08411 0.55607 0.83113
-0.12448 0.08436 0.55774 0.83001
-0.12431 0.08460 0.55941 0.82889
-0.12414 0.08485 0.56108 0.82776
-0.12398 0.08510 0.56275 0.82663
-0.12381 0.08534 0.56441 0.82549
-0.12364 0.08559 0.56607 0.82436
-0.12347 0.08583 0.56773 0.82321
-0.12330 0.08608 0.56939 0.82207
-0.12313 0.08632 0.57104 0.82092
-0.12296 0.08657 0.57270 0.81977
-0.12279 0.08681 0.57435 0.81861
-0.12262 0.08705 0.57599 0.81745
-0.12245 0.08730 0.57764 0.81629
-0.12228 0.08754 0.57928 0.81513
-0.12210 0.08778 0.58093 0.81396
-0.12193 0.08802 0.58257 0.81278
-0.12176 0.08827 0.58420 0.81161
-0.12158 0.08851 0.58584 0.81043
-0.12141 0.08875 0.58747 0.80925
-0.12123 0.08899 0.58910 0.80806
-0.12106 0.08923 0.59073 0.80687
-0.12088 0.08947 0.59236 0.80568
-0.12070 0.08971 0.59398 0.80448
-0.12053 0.08995 0.59560 0.80328
-0.12035 0.09019 0.59722 0.80208
-0.12017 0.09043 0.59884 0.80087
-0.11999 0.09066 0.60045 0.79966
-0.11981 0.09090 0.60206 0.79845
-0.11963 0.09114 0.60367 0.79723
-0.11945 0.09138 0.60528 0.79601
-0.11927 0.09161 0.60689 0.79479
-0.11909 0.09185 0.60849 0.79356
-0.11891 0.09209 0.61009 0.79233
-0.11873 0.09232 0.61169 0.79110
-0.11855 0.09256 0.61328 0.78986
-0.11836 0.09279 0.61488 0.78862
-0.11818 0.09303 0.61647 0.78738
-0.11800 0.09326 0.61805 0.78614
-0.11781 0.09349 0.61964 0.78489
-0.11763 0.09373 0.62122 0.78363
-0.11744 0.09396 0.62280 0.78238
-0.11726 0.09419 0.62438 0.78112
-0.11707 0.09443 0.62596 0.77986
-0.11689 0.09466 0.62753 0.77859
-0.11670 0.09489 0.62910 0.77732
-0.11651 0.09512 0.63067 0.77605
-0.11632 0.09535 0.63224 0.77477
-0.11614 0.09558 0.63380 0.77349
-0.11595 0.09581 0.63536 0.77221
-0.11576 0.09604 0.63692 0.77093
-0.11557 0.09627 0.63848 0.76964
-0.11538 0.09650 0.64003 0.76835
-0.11519 0.09673 0.64158 0.76705
-0.11500 0.09696 0.64313 0.76575
-0.11480 0.09718 0.64468 0.76445
-0.11461 0.09741 0.64622 0.76315
-0.11442 0.09764 0.64776 0.76184
-0.11423 0.09786 0.64930 0.76053
-0.11403 0.09809 0.65084 0.75922
-0.11384 0.09832 0.65237 0.75790
-0.11364 0.09854 0.65390 0.75658
-0.11345 0.09877 0.65543 0.75526
-0.11325 0.09899 0.65695 0.75393
-0.11306 0.09921 0.65848 0.75260
-0.11286 0.09944 0.66000 0.75127
-0.11267 0.09966 0.66151 0.74993
-0.11247 0.09988 0.66303 0.74859
-0.11227 0.10011 0.66454 0.74725
-0.11207 0.10033 0.66605 0.74591
-0.11188 0.10055 0.66756 0.74456
-0.11168 0.10077 0.66906 0.74321
-0.11148 0.10099 0.67056 0.74185
-0.11128 0.10121 0.67206 0.74050
-0.11108 0.10143 0.67356 0.73914
-0.11088 0.10165 0.67505 0.73777
-0.11068 0.10187 0.67654 0.73641
-0.11047 0.10209 0.67803 0.73504
-0.11027 0.10231 0.67951 0.73366
-0.11007 0.10253 0.68100 0.73229
-0.10987 0.10274 0.68248 0.73091
-0.10966 0.10296 0.68395 0.72953
-0.10946 0.10318 0.68543 0.72814
-0.10926 0.10340 0.68690 0.72675
-0.10905 0.10361 0.68837 0.72536
-0.10885 0.10383 0.68983 0.72397
-0.10864 0.10404 0.69129 0.72257
-0.10844 0.10426 0.69275 0.72117
-0.10823 0.10447 0.69421 0.71977
-0.10802 0.10468 0.69567 0.71837
-0.10782 0.10490 0.69712 0.71696
-0.10761 0.10511 0.69857 0.71555
-0.10740 0.10532 0.70001 0.71413
-0.10719 0.10554 0.70145 0.71271
-0.10698 0.10575 0.70289 0.71129
-0.10677 0.10596 0.70433 0.70987
-0.10656 0.10617 0.70577 0.70844
-0.10635 0.10638 0.70720 0.70702
-0.10614 0.10659 0.70863 0.70558
-0.10593 0.10680 0.71005 0.70415
-0.10572 0.10701 0.71147 0.70271
-0.10551 0.10722 0.71289 0.70127
-0.10530 0.10743 0.71431 0.69983
-0.10508 0.10763 0.71573 0.69838
-0.10487 0.10784 0.71714 0.69693
-0.10466 0.10805 0.71854 0.69548
-0.10444 0.10826 0.71995 0.69403
-0.10423 0.10846 0.72135 0.69257
-0.10401 0.10867 0.72275 0.69111
-0.10380 0.10887 0.72415 0.68964
-0.10358 0.10908 0.72554 0.68818
-0.10337 0.10928 0.72693 0.68671
-0.10315 0.10949 0.72832 0.68524
-0.10293 0.10969 0.72970 0.68376
-0.10272 0.10989 0.73108 0.68229
-0.10250 0.11010 0.73246 0.68081
-0.10228 0.11030 0.73384 0.67932
-0.10206 0.11050 0.73521 0.67784
-0.10184 0.11070 0.73658 0.67635
-0.10162 0.11090 0.73795 0.67486
-0.10140 0.11110 0.73931 0.67337
-0.10118 0.11130 0.74067 0.67187
-0.10096 0.11150 0.74203 0.67037
-0.10074 0.11170 0.74338 0.66887
-0.10052 0.11190 0.74473 0.66737
-0.10030 0.11210 0.74608 0.66586
-0.10008 0.11230 0.74742 0.66435
-0.09986 0.11249 0.74876 0.66284
-0.09963 0.11269 0.75010 0.66132
-0.09941 0.11289 0.75144 0.65980
-0.09919 0.11308 0.75277 0.65828
-0.09896 0.11328 0.75410 0.65676
-0.09874 0.11347 0.75543 0.65523
-0.09851 0.11367 0.75675 0.65371
-0.09829 0.11386 0.75807 0.65218
-0.09806 0.11406 0.75938 0.65064
-0.09783 0.11425 0.76070 0.64911
-0.09761 0.11444 0.76201 0.64757
-0.09738 0.11464 0.76332 0.64603
-0.09715 0.11483 0.76462 0.64448
-0.09693 0.11502 0.76592 0.64294
-0.09670 0.11521 0.76722 0.64139
-0.09647 0.11540 0.76851 0.63984
-0.09624 0.11559 0.76980 0.63828
-0.09601 0.11578 0.77109 0.63673
-0.09578 0.11597 0.77238 0.63517
-0.09555 0.11616 0.77366 0.63360
-0.09532 0.11635 0.77494 0.63204
-0.09509 0.11654 0.77621 0.63047
-0.09486 0.11672 0.77748 0.62890
-0.09463 0.11691 0.77875 0.62733
-0.09440 0.11710 0.78002 0.62576
-0.09416 0.11728 0.78128 0.62418
-0.09393 0.11747 0.78254 0.62260
-0.09370 0.11765 0.78379 0.62102
-0.09346 0.11784 0.78505 0.61944
-0.09323 0.11802 0.78629 0.61785
-0.09300 0.11820 0.78754 0.61626
-0.09276 0.11839 0.78878 0.61467
-0.09253 0.11857 0.79002 0.61308
-0.09229 0.11875 0.79126 0.61148
-0.09206 0.11893 0.79249 0.60988
-0.09182 0.11912 0.79372 0.60828
-0.09158 0.11930 0.79495 0.60668
-0.09135 0.11948 0.79617 0.60508
-0.09111 0.11966 0.79739 0.60347
-0.09087 0.11984 0.79860 0.60186
-0.09063 0.12002 0.79982 0.60025
-0.09040 0.12019 0.80102 0.59863
-0.09016 0.12037 0.80223 0.59701
-0.08992 0.12055 0.80343 0.59539
-0.08968 0.12073 0.80463 0.59377
-0.08944 0.12090 0.80583 0.59215
-0.08920 0.12108 0.80702 0.59052
-0.08896 0.12125 0.80821 0.58889
-0.08872 0.12143 0.80940 0.58726
-0.08848 0.12160 0.81058 0.58563
-0.08824 0.12178 0.81176 0.58400
-0.08799 0.12195 0.81293 0.58236
-0.08775 0.12212 0.81410 0.58072
-0.08751 0.12230 0.81527 0.57908
-0.08727 0.12247 0.81644 0.57743
-0.08702 0.12264 0.81760 0.57579
-0.08678 0.12281 0.81876 0.57414
-0.08654 0.12298 0.81991 0.57249
-0.08629 0.12315 0.82107 0.57083
-0.08605 0.12332 0.82221 0.56918
-0.08580 0.12349 0.82336 0.56752
-0.08556 0.12366 0.82450 0.56586
-0.08531 0.12383 0.82564 0.56420
-0.08506 0.12400 0.82677 0.56254
-0.08482 0.12416 0.82790 0.56087
-0.08457 0.12433 0.82903 0.55920
-0.08432 0.12450 0.83016 0.55753
-0.08408 0.12466 0.83128 0.55586
-0.08383 0.12483 0.83239 0.55418
-0.08358 0.12499 0.83351 0.55251
-0.08333 0.12516 0.83462 0.55083
-0.08308 0.12532 0.83572 0.54915
-0.08284 0.12548 0.83683 0.54747
-0.08259 0.12565 0.83793 0.54578
-0.08234 0.12581 0.83902 0.54410
-0.08209 0.12597 0.84012 0.54241
-0.08184 0.12613 0.84121 0.54072
-0.08158 0.12629 0.84229 0.53902
-0.08133 0.12645 0.84337 0.53733
-0.08108 0.12661 0.84445 0.53563
-0.08083 0.12677 0.84553 0.53393
-0.08058 0.12693 0.84660 0.53223
-0.08033 0.12709 0.84767 0.53053
-0.08007 0.12725 0.84873 0.52882
-0.07982 0.12741 0.84979 0.52712
-0.07957 0.12756 0.85085 0.52541
-0.07931 0.12772 0.85190 0.52370
-0.07906 0.12787 0.85295 0.52199
-0.07881 0.12803 0.85400 0.52027
-0.07855 0.12818 0.85504 0.51856
-0.07830 0.12834 0.85608 0.51684
-0.07804 0.12849 0.85712 0.51512
-0.07778 0.12865 0.85815 0.51340
-0.07753 0.12880 0.85918 0.51167
-0.07727 0.12895 0.86021 0.50995
-0.07702 0.12910 0.86123 0.50822
-0.07676 0.12925 0.86225 0.50649
-0.07650 0.12940 0.86326 0.50476
-0.07624 0.12955 0.86427 0.50302
-0.07599 0.12970 0.86528 0.50129
-0.07573 0.12985 0.86628 0.49955
-0.07547 0.13000 0.86728 0.49781
-0.07521 0.13015 0.86828 0.49607
-0.07495 0.13030 0.86927 0.49433
-0.07469 0.13044 0.87026 0.49259
-0.07443 0.13059 0.87125 0.49084
-0.07417 0.13074 0.87223 0.48909
-0.07391 0.13088 0.87321 0.48735
-0.07365 0.13103 0.87418 0.48559
-0.07339 0.13117 0.87516 0.48384
-0.07313 0.13132 0.87612 0.48209
-0.07287 0.13146 0.87709 0.48033
-0.07261 0.13160 0.87805 0.47857
-0.07235 0.13175 0.87900 0.47681
-0.07208 0.13189 0.87996 0.47505
-0.07182 0.13203 0.88091 0.47329
-0.07156 0.13217 0.88185 0.47152
-0.07130 0.13231 0.88280 0.46976
-0.07103 0.13245 0.88373 0.46799
-0.07077 0.13259 0.88467 0.46622
-0.07050 0.13273 0.88560 0.46445
-0.07024 0.13287 0.88653 0.46268
-0.06998 0.13300 0.88745 0.46090
-0.06971 0.13314 0.88837 0.45913
-0.06945 0.13328 0.88929 0.45735
-0.06918 0.13341 0.89020 0.45557
-0.06891 0.13355 0.89111 0.45379
-0.06865 0.13368 0.89202 0.45201
-0.06838 0.13382 0.89292 0.45022
-0.06812 0.13395 0.89382 0.44844
-0.06785 0.13409 0.89471 0.44665
-0.06758 0.13422 0.89560 0.44486
-0.06731 0.13435 0.89649 0.44307
-0.06705 0.13448 0.89737 0.44128
-0.06678 0.13462 0.89825 0.43948
-0.06651 0.13475 0.89913 0.43769
-0.06624 0.13488 0.90000 0.43589
-0.06597 0.13501 0.90087 0.43409
-0.06570 0.13514 0.90173 0.43229
-0.06544 0.13526 0.90259 0.43049
-0.06517 0.13539 0.90345 0.42869
-0.06490 0.13552 0.90430 0.42689
-0.06463 0.13565 0.90515 0.42508
-0.06436 0.13577 0.90600 0.42328
-0.06409 0.13590 0.90684 0.42147
-0.06381 0.13603 0.90768 0.41966
-0.06354 0.13615 0.90852 0.41785
-0.06327 0.13628 0.90935 0.41603
-0.06300 0.13640 0.91018 0.41422
-0.06273 0.13652 0.91100 0.41240
-0.06246 0.13665 0.91182 0.41059
-0.06218 0.13677 0.91264 0.40877
-0.06191 0.13689 0.91345 0.40695
-0.06164 0.13701 0.91426 0.40513
-0.06137 0.13713 0.91506 0.40331
-0.06109 0.13725 0.91587 0.40148
-0.06082 0.13737 0.91666 0.39966
-0.06055 0.13749 0.91746 0.39783
-0.06027 0.13761 0.91825 0.39600
-0.06000 0.13773 0.91904 0.39418
-0.05972 0.13784 0.91982 0.39235
-0.05945 0.13796 0.92060 0.39051
-0.05917 0.13808 0.92137 0.38868
-0.05890 0.13819 0.92214 0.38685
-0.05862 0.13831 0.92291 0.38501
-0.05835 0.13842 0.92368 0.38317
-0.05807 0.13854 0.92444 0.38134
-0.05779 0.13865 0.92519 0.37950
-0.05752 0.13876 0.92595 0.37766
-0.05724 0.13888 0.92669 0.37582
-0.05696 0.13899 0.92744 0.37397
-0.05669 0.13910 0.92818 0.37213
-0.05641 0.13921 0.92892 0.37028
-0.05613 0.13932 0.92965 0.36844
-0.05585 0.13943 0.93038 0.36659
-0.05557 0.13954 0.93111 0.36474
-0.05530 0.13965 0.93183 0.36289
-0.05502 0.13976 0.93255 0.36104
-0.05474 0.13987 0.93327 0.35918
-0.05446 0.13997 0.93398 0.35733
-0.05418 0.14008 0.93469 0.35548
-0.05390 0.14018 0.93539 0.35362
-0.05362 0.14029 0.93609 0.35176
-0.05334 0.14039 0.93679 0.34990
-0.05306 0.14050 0.93748 0.34805
-0.05278 0.14060 0.93817 0.34618
-0.05250 0.14071 0.93885 0.34432
-0.05222 0.14081 0.93953 0.34246
-0.05194 0.14091 0.94021 0.34060
-0.05166 0.14101 0.94088 0.33873
-0.05138 0.14111 0.94155 0.33686
-0.05110 0.14121 0.94222 0.33500
-0.05081 0.14131 0.94288 0.33313
-0.05053 0.14141 0.94354 0.33126
-0.05025 0.14151 0.94419 0.32939
-0.04997 0.14161 0.94484 0.32752
-0.04968 0.14171 0.94549 0.32565
-0.04940 0.14180 0.94613 0.32377
-0.04912 0.14190 0.94677 0.32190
-0.04884 0.14200 0.94741 0.32002
-0.04855 0.14209 0.94804 0.31815
-0.04827 0.14219 0.94867 0.31627
-0.04798 0.14228 0.94929 0.31439
-0.04770 0.14238 0.94991 0.31251
-0.04742 0.14247 0.95053 0.31063
-0.04713 0.14256 0.95114 0.30875
-0.04685 0.14265 0.95175 0.30687
-0.04656 0.14274 0.95236 0.30498
-0.04628 0.14284 0.95296 0.30310
-0.04599 0.14293 0.95356 0.30121
-0.04571 0.14302 0.95415 0.29933
-0.04542 0.14311 0.95474 0.29744
-0.04514 0.14319 0.95533 0.29555
-0.04485 0.14328 0.95591 0.29366
-0.04456 0.14337 0.95649 0.29177
-0.04428 0.14346 0.95706 0.28988
-0.04399 0.14354 0.95763 0.28799
-0.04370 0.14363 0.95820 0.28610
-0.04342 0.14371 0.95876 0.28420
-0.04313 0.14380 0.95932 0.28231
-0.04284 0.14388 0.95988 0.28042
-0.04256 0.14397 0.96043 0.27852
-0.04227 0.14405 0.96098 0.27662
-0.04198 0.14413 0.96152 0.27472
-0.04169 0.14421 0.96206 0.27283
-0.04141 0.14430 0.96260 0.27093
-0.04112 0.14438 0.96313 0.26903
-0.04083 0.14446 0.96366 0.26713
-0.04054 0.14454 0.96419 0.26522
-0.04025 0.14462 0.96471 0.26332
-0.03996 0.14469 0.96523 0.26142
-0.03967 0.14477 0.96574 0.25951
-0.03938 0.14485 0.96625 0.25761
-0.03909 0.14493 0.96676 0.25570
-0.03881 0.14500 0.96726 0.25380
-0.03852 0.14508 0.96776 0.25189
-0.03823 0.14515 0.96825 0.24998
-0.03794 0.14523 0.96874 0.24807
-0.03765 0.14530 0.96923 0.24616
-0.03736 0.14538 0.96971 0.24425
-0.03707 0.14545 0.97019 0.24234
-0.03677 0.14552 0.97067 0.24043
-0.03648 0.14559 0.97114 0.23852
-0.03619 0.14566 0.97161 0.23660
-0.03590 0.14573 0.97207 0.23469
-0.03561 0.14580 0.97253 0.23277
-0.03532 0.14587 0.97299 0.23086
-0.03503 0.14594 0.97344 0.22894
-0.03474 0.14601 0.97389 0.22703
-0.03444 0.14608 0.97433 0.22511
-0.03415 0.14615 0.97477 0.22319
-0.03386 0.14621 0.97521 0.22127
-0.03357 0.14628 0.97565 0.21935
-0.03328 0.14634 0.97608 0.21743
-0.03298 0.14641 0.97650 0.21551
-0.03269 0.14647 0.97692 0.21359
-0.03240 0.14654 0.97734 0.21167
-0.03211 0.14660 0.97776 0.20975
-0.03181 0.14666 0.97817 0.20782
-0.03152 0.14672 0.97857 0.20590
-0.03123 0.14679 0.97898 0.20398
-0.03093 0.14685 0.97937 0.20205
-0.03064 0.14691 0.97977 0.20013
-0.03035 0.14697 0.98016 0.19820
-0.03005 0.14703 0.98055 0.19627
-0.02976 0.14708 0.98093 0.19435
-0.02946 0.14714 0.98131 0.19242
-0.02917 0.14720 0.98169 0.19049
-0.02888 0.14726 0.98206 0.18856
-0.02858 0.14731 0.98243 0.18663
-0.02829 0.14737 0.98279 0.18470
-0.02799 0.14742 0.98316 0.18277
-0.02770 0.14748 0.98351 0.18084
-0.02740 0.14753 0.98387 0.17891
-0.02711 0.14758 0.98422 0.17698
-0.02681 0.14764 0.98456 0.17504
-0.02652 0.14769 0.98490 0.17311
-0.02622 0.14774 0.98524 0.17118
-0.02593 0.14779 0.98557 0.16924
-0.02563 0.14784 0.98590 0.16731
-0.02534 0.14789 0.98623 0.16537
-0.02504 0.14794 0.98655 0.16344
-0.02475 0.14799 0.98687 0.16150
-0.02445 0.14804 0.98719 0.15956
-0.02415 0.14809 0.98750 0.15763
-0.02386 0.14813 0.98781 0.15569
-0.02356 0.14818 0.98811 0.15375
-0.02327 0.14822 0.98841 0.15181
-0.02297 0.14827 0.98870 0.14988
-0.02267 0.14831 0.98900 0.14794
-0.02238 0.14836 0.98928 0.14600
-0.02208 0.14840 0.98957 0.14406
-0.02178 0.14845 0.98985 0.14212
-0.02149 0.14849 0.99013 0.14018
-0.02119 0.14853 0.99040 0.13824
-0.02089 0.14857 0.99067 0.13629
-0.02060 0.14861 0.99093 0.13435
-0.02030 0.14865 0.99120 0.13241
-0.02000 0.14869 0.99145 0.13047
-0.01970 0.14873 0.99171 0.12852
-0.01941 0.14877 0.99196 0.12658
-0.01911 0.14881 0.99220 0.12464
-0.01881 0.14884 0.99244 0.12269
-0.01851 0.14888 0.99268 0.12075
-0.01822 0.14891 0.99292 0.11880
-0.01792 0.14895 0.99315 0.11686
-0.01762 0.14898 0.99338 0.11491
-0.01732 0.14902 0.99360 0.11297
-0.01702 0.14905 0.99382 0.11102
-0.01673 0.14909 0.99403 0.10907
-0.01643 0.14912 0.99425 0.10713
-0.01613 0.14915 0.99445 0.10518
-0.01583 0.14918 0.99466 0.10323
-0.01553 0.14921 0.99486 0.10129
-0.01523 0.14924 0.99505 0.09934
-0.01494 0.14927 0.99525 0.09739
-0.01464 0.14930 0.99544 0.09544
-0.01434 0.14933 0.99562 0.09349
-0.01404 0.14936 0.99580 0.09154
-0.01374 0.14938 0.99598 0.08959
-0.01344 0.14941 0.99615 0.08765
-0.01314 0.14944 0.99632 0.08570
-0.01285 0.14946 0.99649 0.08375
-0.01255 0.14949 0.99665 0.08180
-0.01225 0.14951 0.99681 0.07985
-0.01195 0.14953 0.99696 0.07789
-0.01165 0.14956 0.99711 0.07594
-0.01135 0.14958 0.99726 0.07399
-0.01105 0.14960 0.99740 0.07204
-0.01075 0.14962 0.99754 0.07009
-0.01045 0.14964 0.99768 0.06814
-0.01015 0.14966 0.99781 0.06619
-0.00985 0.14968 0.99793 0.06423
-0.00956 0.14970 0.99806 0.06228
-0.00926 0.14972 0.99818 0.06033
-0.00896 0.14974 0.99829 0.05838
-0.00866 0.14976 0.99841 0.05642
-0.00836 0.14977 0.99852 0.05447
-0.00806 0.14979 0.99862 0.05252
-0.00776 0.14980 0.99872 0.05057
-0.00746 0.14982 0.99882 0.04861
-0.00716 0.14983 0.99891 0.04666
-0.00686 0.14985 0.99900 0.04471
-0.00656 0.14986 0.99909 0.04275
-0.00626 0.14987 0.99917 0.04080
-0.00596 0.14988 0.99925 0.03884
-0.00566 0.14990 0.99932 0.03689
-0.00536 0.14991 0.99939 0.03494
-0.00506 0.14992 0.99946 0.03298
-0.00476 0.14993 0.99952 0.03103
-0.00446 0.14994 0.99958 0.02907
-0.00416 0.14994 0.99963 0.02712
-0.00386 0.14995 0.99968 0.02516
-0.00356 0.14996 0.99973 0.02321
-0.00326 0.14997 0.99977 0.02126
-0.00296 0.14997 0.99981 0.01930
-0.00266 0.14998 0.99985 0.01735
-0.00236 0.14998 0.99988 0.01539
-0.00206 0.14999 0.99991 0.01344
-0.00176 0.14999 0.99993 0.01148
-0.00146 0.14999 0.99995 0.00953
-0.00116 0.15000 0.99997 0.00757
-0.00086 0.15000 0.99998 0.00562
-0.00056 0.15000 0.99999 0.00366
-0.00026 0.15000 1.00000 0.00171
0.00004 0.15000 1.00000 -0.00025
0.00034 0.15000 1.00000 -0.00220
0.00064 0.15000 0.99999 -0.00416
0.00094 0.15000 0.99998 -0.00611
0.00124 0.15000 0.99997 -0.00807
0.00154 0.14999 0.99995 -0.01002
0.00184 0.14999 0.99993 -0.01198
0.00214 0.14999 0.99990 -0.01393
0.00244 0.14998 0.99987 -0.01589
0.00274 0.14998 0.99984 -0.01784
0.00304 0.14997 0.99980 -0.01980
0.00334 0.14996 0.99976 -0.02175
0.00364 0.14996 0.99972 -0.02371
0.00394 0.14995 0.99967 -0.02566
0.00424 0.14994 0.99962 -0.02762
0.00454 0.14993 0.99956 -0.02957
0.00484 0.14992 0.99950 -0.03152
0.00514 0.14991 0.99944 -0.03348
0.00544 0.14990 0.99937 -0.03543
0.00574 0.14989 0.99930 -0.03739
0.00604 0.14988 0.99923 -0.03934
0.00634 0.14987 0.99915 -0.04130
0.00664 0.14986 0.99906 -0.04325
0.00694 0.14984 0.99898 -0.04520
0.00724 0.14983 0.99889 -0.04716
0.00753 0.14981 0.99879 -0.04911
0.00783 0.14980 0.99870 -0.05106
0.00813 0.14978 0.99859 -0.05302
0.00843 0.14977 0.99849 -0.05497
0.00873 0.14975 0.99838 -0.05692
0.00903 0.14973 0.99827 -0.05887
0.00933 0.14972 0.99815 -0.06083
0.00963 0.14970 0.99803 -0.06278
0.00993 0.14968 0.99790 -0.06473
0.01023 0.14966 0.99777 -0.06668
0.01053 0.14964 0.99764 -0.06863
0.01083 0.14962 0.99751 -0.07059
0.01113 0.14960 0.99737 -0.07254
0.01143 0.14957 0.99722 -0.07449
0.01173 0.14955 0.99707 -0.07644
0.01202 0.14953 0.99692 -0.07839
0.01232 0.14950 0.99677 -0.08034
0.01262 0.14948 0.99661 -0.08229
0.01292 0.14945 0.99645 -0.08424
0.01322 0.14943 0.99628 -0.08619
0.01352 0.14940 0.99611 -0.08814
0.01382 0.14938 0.99593 -0.09009
0.01412 0.14935 0.99576 -0.09204
0.01442 0.14932 0.99557 -0.09399
0.01471 0.14929 0.99539 -0.09594
0.01501 0.14926 0.99520 -0.09789
0.01531 0.14923 0.99500 -0.09983
0.01561 0.14920 0.99481 -0.10178
0.01591 0.14917 0.99461 -0.10373
0.01621 0.14914 0.99440 -0.10568
0.01650 0.14911 0.99419 -0.10762
0.01680 0.14908 0.99398 -0.10957
0.01710 0.14904 0.99376 -0.11152
0.01740 0.14901 0.99354 -0.11346
0.01770 0.14898 0.99332 -0.11541
0.01799 0.14894 0.99309 -0.11735
0.01829 0.14891 0.99286 -0.11930
0.01859 0.14887 0.99262 -0.12124
0.01889 0.14883 0.99238 -0.12319
0.01918 0.14880 0.99214 -0.12513
0.01948 0.14876 0.99189 -0.12707
0.01978 0.14872 0.99164 -0.12902
0.02008 0.14868 0.99139 -0.13096
0.02037 0.14864 0.99113 -0.13290
0.02067 0.14860 0.99087 -0.13485
0.02097 0.14856 0.99060 -0.13679
0.02126 0.14852 0.99033 -0.13873
0.02156 0.14848 0.99006 -0.14067
0.02186 0.14843 0.98978 -0.14261
0.02215 0.14839 0.98950 -0.14455
0.02245 0.14835 0.98921 -0.14649
0.02275 0.14830 0.98892 -0.14843
0.02304 0.14826 0.98863 -0.15037
0.02334 0.14821 0.98833 -0.15231
0.02364 0.14817 0.98803 -0.15425
0.02393 0.14812 0.98773 -0.15618
0.02423 0.14807 0.98742 -0.15812
0.02453 0.14803 0.98711 -0.16006
0.02482 0.14798 0.98679 -0.16199
0.02512 0.14793 0.98647 -0.16393
0.02541 0.14788 0.98615 -0.16587
0.02571 0.14783 0.98582 -0.16780
0.02600 0.14778 0.98549 -0.16973
0.02630 0.14773 0.98515 -0.17167
0.02659 0.14768 0.98482 -0.17360
0.02689 0.14762 0.98447 -0.17553
0.02718 0.14757 0.98413 -0.17747
0.02748 0.14752 0.98378 -0.17940
0.02777 0.14746 0.98342 -0.18133
0.02807 0.14741 0.98306 -0.18326
0.02836 0.14735 0.98270 -0.18519
0.02866 0.14730 0.98234 -0.18712
0.02895 0.14724 0.98197 -0.18905
0.02925 0.14718 0.98159 -0.19098
0.02954 0.14713 0.98122 -0.19291
0.02983 0.14707 0.98084 -0.19484
0.03013 0.14701 0.98045 -0.19676
0.03042 0.14695 0.98006 -0.19869
0.03071 0.14689 0.97967 -0.20062
0.03101 0.14683 0.97927 -0.20254
0.03130 0.14677 0.97887 -0.20447
0.03159 0.14671 0.97847 -0.20639
0.03189 0.14665 0.97806 -0.20831
0.03218 0.14658 0.97765 -0.21024
0.03247 0.14652 0.97724 -0.21216
0.03277 0.14646 0.97682 -0.21408
0.03306 0.14639 0.97639 -0.21600
0.03335 0.14633 0.97597 -0.21792
0.03364 0.14626 0.97554 -0.21984
0.03394 0.14620 0.97510 -0.22176
0.03423 0.14613 0.97466 -0.22368
0.03452 0.14606 0.97422 -0.22560
0.03481 0.14599 0.97377 -0.22751
0.03510 0.14592 0.97333 -0.22943
0.03539 0.14586 0.97287 -0.23135
0.03568 0.14579 0.97241 -0.23326
0.03598 0.14572 0.97195 -0.23518
0.03627 0.14565 0.97149 -0.23709
0.03656 0.14557 0.97102 -0.23900
0.03685 0.14550 0.97055 -0.24092
0.03714 0.14543 0.97007 -0.24283
0.03743 0.14536 0.96959 -0.24474
0.03772 0.14528 0.96911 -0.24665
0.03801 0.14521 0.96862 -0.24856
0.03830 0.14513 0.96813 -0.25047
0.03859 0.14506 0.96763 -0.25237
0.03888 0.14498 0.96713 -0.25428
0.03917 0.14491 0.96663 -0.25619
0.03946 0.14483 0.96612 -0.25809
0.03975 0.14475 0.96561 -0.26000
0.04004 0.14467 0.96509 -0.26190
0.04032 0.14460 0.96458 -0.26381
0.04061 0.14452 0.96405 -0.26571
0.04090 0.14444 0.96353 -0.26761
0.04119 0.14436 0.96300 -0.26951
0.04148 0.14428 0.96246 -0.27141
0.04177 0.14419 0.96193 -0.27331
0.04205 0.14411 0.96138 -0.27521
0.04234 0.14403 0.96084 -0.27711
0.04263 0.14395 0.96029 -0.27900
0.04292 0.14386 0.95974 -0.28090
0.04320 0.14378 0.95918 -0.28279
0.04349 0.14369 0.95862 -0.28469
0.04378 0.14361 0.95806 -0.28658
0.04406 0.14352 0.95749 -0.28847
0.04435 0.14343 0.95692 -0.29036
0.04464 0.14335 0.95634 -0.29225
0.04492 0.14326 0.95576 -0.29414
0.04521 0.14317 0.95518 -0.29603
0.04549 0.14308 0.95459 -0.29792
0.04578 0.14299 0.95400 -0.29981
0.04606 0.14290 0.95341 -0.30169
0.04635 0.14281 0.95281 -0.30358
0.04663 0.14272 0.95220 -0.30546
0.04692 0.14263 0.95160 -0.30735
0.04720 0.14254 0.95099 -0.30923
0.04749 0.14245 0.95037 -0.31111
0.04777 0.14235 0.94976 -0.31299
0.04806 0.14226 0.94914 -0.31487
0.04834 0.14216 0.94851 -0.31675
0.04862 0.14207 0.94788 -0.31862
0.04891 0.14197 0.94725 -0.32050
0.04919 0.14188 0.94661 -0.32238
0.04947 0.14178 0.94597 -0.32425
0.04976 0.14168 0.94533 -0.32612
0.05004 0.14159 0.94468 -0.32799
0.05032 0.14149 0.94403 -0.32987
0.05060 0.14139 0.94337 -0.33174
0.05089 0.14129 0.94271 -0.33360
0.05117 0.14119 0.94205 -0.33547
0.05145 0.14109 0.94138 -0.33734
0.05173 0.14099 0.94071 -0.33921
0.05201 0.14088 0.94004 -0.34107
0.05229 0.14078 0.93936 -0.34293
0.05257 0.14068 0.93868 -0.34480
0.05285 0.14058 0.93799 -0.34666
0.05313 0.14047 0.93730 -0.34852
0.05341 0.14037 0.93661 -0.35038
0.05369 0.14026 0.93591 -0.35224
0.05397 0.14016 0.93521 -0.35409
0.05425 0.14005 0.93451 -0.35595
0.05453 0.13994 0.93380 -0.35780
0.05481 0.13984 0.93308 -0.35966
0.05509 0.13973 0.93237 -0.36151
0.05537 0.13962 0.93165 -0.36336
0.05565 0.13951 0.93093 -0.36521
0.05592 0.13940 0.93020 -0.36706
0.05620 0.13929 0.92947 -0.36891
0.05648 0.13918 0.92873 -0.37075
0.05676 0.13907 0.92799 -0.37260
0.05703 0.13896 0.92725 -0.37444
0.05731 0.13885 0.92650 -0.37628
0.05759 0.13874 0.92575 -0.37813
0.05786 0.13862 0.92500 -0.37997
0.05814 0.13851 0.92424 -0.38180
0.05842 0.13839 0.92348 -0.38364
0.05869 0.13828 0.92272 -0.38548
0.05897 0.13816 0.92195 -0.38731
0.05924 0.13805 0.92118 -0.38915
0.05952 0.13793 0.92040 -0.39098
0.05979 0.13781 0.91962 -0.39281
0.06007 0.13770 0.91884 -0.39464
0.06034 0.13758 0.91805 -0.39647
0.06061 0.13746 0.91726 -0.39830
0.06089 0.13734 0.91646 -0.40012
0.06116 0.13722 0.91566 -0.40195
0.06144 0.13710 0.91486 -0.40377
0.06171 0.13698 0.91405 -0.40559
0.06198 0.13686 0.91324 -0.40741
0.06225 0.13674 0.91243 -0.40923
0.06253 0.13661 0.91161 -0.41105
0.06280 0.13649 0.91079 -0.41287
0.06307 0.13637 0.90997 -0.41468
0.06334 0.13624 0.90914 -0.41649
0.06361 0.13612 0.90831 -0.41831
0.06388 0.13599 0.90747 -0.42012
0.06415 0.13587 0.90663 -0.42193
0.06442 0.13574 0.90579 -0.42374
0.06470 0.13562 0.90494 -0.42554
0.06497 0.13549 0.90409 -0.42735
0.06523 0.13536 0.90323 -0.42915
0.06550 0.13523 0.90237 -0.43095
0.06577 0.13510 0.90151 -0.43275
0.06604 0.13497 0.90065 -0.43455
0.06631 0.13484 0.89978 -0.43635
0.06658 0.13471 0.89890 -0.43815
0.06685 0.13458 0.89803 -0.43994
0.06712 0.13445 0.89715 -0.44173
0.06738 0.13432 0.89626 -0.44352
0.06765 0.13419 0.89537 -0.44531
0.06792 0.13405 0.89448 -0.44710
0.06818 0.13392 0.89359 -0.44889
0.06845 0.13378 0.89269 -0.45068
0.06872 0.13365 0.89179 -0.45246
0.06898 0.13352 0.89088 -0.45424
0.06925 0.13338 0.88997 -0.45602
0.06951 0.13324 0.88905 -0.45780
0.06978 0.13311 0.88814 -0.45958
0.07004 0.13297 0.88722 -0.46135
0.07031 0.13283 0.88629 -0.46313
0.07057 0.13269 0.88536 -0.46490
0.07084 0.13255 0.88443 -0.46667
0.07110 0.13241 0.88350 -0.46844
0.07136 0.13227 0.88256 -0.47021
0.07163 0.13213 0.88161 -0.47197
0.07189 0.13199 0.88067 -0.47374
0.07215 0.13185 0.87972 -0.47550
0.07241 0.13171 0.87876 -0.47726
0.07268 0.13157 0.87780 -0.47902
0.07294 0.13142 0.87684 -0.48078
0.07320 0.13128 0.87588 -0.48253
0.07346 0.13114 0.87491 -0.48429
0.07372 0.13099 0.87394 -0.48604
0.07398 0.13085 0.87296 -0.48779
0.07424 0.13070 0.87198 -0.48954
0.07450 0.13055 0.87100 -0.49129
0.07476 0.13041 0.87001 -0.49303
0.07502 0.13026 0.86902 -0.49477
0.07528 0.13011 0.86803 -0.49652
0.07554 0.12996 0.86703 -0.49826
0.07579 0.12982 0.86603 -0.49999
0.07605 0.12967 0.86502 -0.50173
0.07631 0.12952 0.86402 -0.50347
0.07657 0.12937 0.86300 -0.50520
0.07682 0.12922 0.86199 -0.50693
0.07708 0.12906 0.86097 -0.50866
0.07734 0.12891 0.85995 -0.51038
0.07759 0.12876 0.85892 -0.51211
0.07785 0.12861 0.85789 -0.51383
0.07811 0.12845 0.85686 -0.51556
0.07836 0.12830 0.85582 -0.51727
0.07862 0.12814 0.85478 -0.51899
0.07887 0.12799 0.85373 -0.52071
0.07912 0.12783 0.85269 -0.52242
0.07938 0.12768 0.85164 -0.52413
0.07963 0.12752 0.85058 -0.52584
0.07988 0.12737 0.84952 -0.52755
0.08014 0.12721 0.84846 -0.52926
0.08039 0.12705 0.84740 -0.53096
0.08064 0.12689 0.84633 -0.53266
0.08089 0.12673 0.84525 -0.53437
0.08115 0.12657 0.84418 -0.53606
0.08140 0.12641 0.84310 -0.53776
0.08165 0.12625 0.84202 -0.53945
0.08190 0.12609 0.84093 -0.54115
0.08215 0.12593 0.83984 -0.54284
0.08240 0.12577 0.83874 -0.54452
0.08265 0.12561 0.83765 -0.54621
0.08290 0.12544 0.83655 -0.54789
0.08315 0.12528 0.83544 -0.54958
0.08340 0.12512 0.83434 -0.55126
0.08364 0.12495 0.83322 -0.55293
0.08389 0.12479 0.83211 -0.55461
0.08414 0.12462 0.83099 -0.55628
0.08439 0.12446 0.82987 -0.55796
0.08463 0.12429 0.82875 -0.55963
0.08488 0.12412 0.82762 -0.56129
0.08513 0.12395 0.82648 -0.56296
0.08537 0.12379 0.82535 -0.56462
0.08562 0.12362 0.82421 -0.56628
0.08586 0.12345 0.82307 -0.56794
0.08611 0.12328 0.82192 -0.56960
0.08635 0.12311 0.82077 -0.57125
0.08660 0.12294 0.81962 -0.57291
0.08684 0.12277 0.81847 -0.57456
0.08709 0.12260 0.81731 -0.57620
0.08733 0.12243 0.81614 -0.57785
0.08757 0.12225 0.81498 -0.57949
0.08781 0.12208 0.81381 -0.58114
0.08806 0.12191 0.81263 -0.58277
0.08830 0.12173 0.81146 -0.58441
0.08854 0.12156 0.81028 -0.58605
0.08878 0.12138 0.80909 -0.58768
0.08902 0.12121 0.80791 -0.58931
0.08926 0.12103 0.80672 -0.59094
0.08950 0.12086 0.80552 -0.59256
0.08974 0.12068 0.80433 -0.59419
0.08998 0.12050 0.80313 -0.59581
0.09022 0.12033 0.80192 -0.59743
0.09046 0.12015 0.80072 -0.59904
0.09070 0.11997 0.79951 -0.60066
0.09093 0.11979 0.79829 -0.60227
0.09117 0.11961 0.79708 -0.60388
0.09141 0.11943 0.79586 -0.60548
0.09164 0.11925 0.79463 -0.60709
0.09188 0.11907 0.79341 -0.60869
0.09212 0.11889 0.79218 -0.61029
0.09235 0.11871 0.79094 -0.61189
0.09259 0.11852 0.78971 -0.61348
0.09282 0.11834 0.78847 -0.61508
0.09306 0.11816 0.78722 -0.61667
0.09329 0.11797 0.78598 -0.61826
0.09352 0.11779 0.78473 -0.61984
0.09376 0.11761 0.78347 -0.62142
0.09399 0.11742 0.78222 -0.62301
0.09422 0.11723 0.78096 -0.62458
0.09446 0.11705 0.77969 -0.62616
0.09469 0.11686 0.77843 -0.62773
0.09492 0.11668 0.77716 -0.62930
0.09515 0.11649 0.77589 -0.63087
0.09538 0.11630 0.77461 -0.63244
0.09561 0.11611 0.77333 -0.63400
0.09584 0.11592 0.77205 -0.63556
0.09607 0.11573 0.77076 -0.63712
0.09630 0.11554 0.76947 -0.63868
0.09653 0.11535 0.76818 -0.64023
0.09676 0.11516 0.76689 -0.64178
0.09698 0.11497 0.76559 -0.64333
0.09721 0.11478 0.76429 -0.64488
0.09744 0.11459 0.76298 -0.64642
0.09767 0.11439 0.76168 -0.64796
0.09789 0.11420 0.76036 -0.64950
0.09812 0.11401 0.75905 -0.65103
0.09834 0.11381 0.75773 -0.65257
0.09857 0.11362 0.75641 -0.65410
0.09879 0.11343 0.75509 -0.65562
0.09902 0.11323 0.75376 -0.65715
0.09924 0.11303 0.75243 -0.65867
0.09947 0.11284 0.75110 -0.66019
0.09969 0.11264 0.74976 -0.66171
0.09991 0.11244 0.74842 -0.66322
0.10013 0.11225 0.74708 -0.66473
0.10036 0.11205 0.74574 -0.66624
0.10058 0.11185 0.74439 -0.66775
0.10080 0.11165 0.74304 -0.66925
0.10102 0.11145 0.74168 -0.67075
0.10124 0.11125 0.74032 -0.67225
0.10146 0.11105 0.73896 -0.67375
0.10168 0.11085 0.73760 -0.67524
0.10190 0.11065 0.73623 -0.67673
0.10212 0.11045 0.73486 -0.67822
0.10234 0.11025 0.73349 -0.67970
0.10255 0.11004 0.73211 -0.68118
0.10277 0.10984 0.73073 -0.68266
0.10299 0.10964 0.72935 -0.68414
0.10321 0.10944 0.72797 -0.68561
0.10342 0.10923 0.72658 -0.68708
0.10364 0.10903 0.72519 -0.68855
0.10385 0.10882 0.72379 -0.69002
0.10407 0.10862 0.72240 -0.69148
0.10428 0.10841 0.72100 -0.69294
0.10450 0.10820 0.71959 -0.69440
0.10471 0.10800 0.71819 -0.69585
0.10493 0.10779 0.71678 -0.69730
0.10514 0.10758 0.71537 -0.69875
0.10535 0.10737 0.71395 -0.70020
0.10556 0.10717 0.71253 -0.70164
0.10577 0.10696 0.71111 -0.70308
0.10599 0.10675 0.70969 -0.70451
0.10620 0.10654 0.70826 -0.70595
0.10641 0.10633 0.70683 -0.70738
0.10662 0.10612 0.70540 -0.70881
0.10683 0.10591 0.70397 -0.71023
0.10704 0.10569 0.70253 -0.71166
0.10724 0.10548 0.70109 -0.71307
0.10745 0.10527 0.69964 -0.71449
0.10766 0.10506 0.69820 -0.71591
0.10787 0.10484 0.69675 -0.71732
0.10808 0.10463 0.69530 -0.71872
0.10828 0.10442 0.69384 -0.72013
0.10849 0.10420 0.69238 -0.72153
0.10869 0.10399 0.69092 -0.72293
0.10890 0.10377 0.68946 -0.72433
0.10910 0.10356 0.68799 -0.72572
0.10931 0.10334 0.68652 -0.72711
0.10951 0.10312 0.68505 -0.72849
0.10972 0.10291 0.68358 -0.72988
0.10992 0.10269 0.68210 -0.73126
0.11012 0.10247 0.68062 -0.73264
0.11032 0.10225 0.67914 -0.73401
0.11053 0.10204 0.67765 -0.73538
0.11073 0.10182 0.67616 -0.73675
0.11093 0.10160 0.67467 -0.73812
0.11113 0.10138 0.67318 -0.73948
0.11133 0.10116 0.67168 -0.74084
0.11153 0.10094 0.67018 -0.74220
0.11173 0.10072 0.66868 -0.74355
0.11193 0.10049 0.66717 -0.74490
0.11212 0.10027 0.66567 -0.74625
0.11232 0.10005 0.66416 -0.74759
0.11252 0.09983 0.66264 -0.74893
0.11272 0.09960 0.66113 -0.75027
0.11291 0.09938 0.65961 -0.75161
0.11311 0.09916 0.65809 -0.75294
0.11330 0.09893 0.65657 -0.75427
0.11350 0.09871 0.65504 -0.75559
0.11369 0.09848 0.65351 -0.75692
0.11389 0.09826 0.65198 -0.75824
0.11408 0.09803 0.65045 -0.75955
0.11428 0.09781 0.64891 -0.76086
0.11447 0.09758 0.64737 -0.76217
0.11466 0.09735 0.64583 -0.76348
0.11485 0.09713 0.64429 -0.76478
0.11504 0.09690 0.64274 -0.76609
0.11524 0.09667 0.64119 -0.76738
0.11543 0.09644 0.63964 -0.76868
0.11562 0.09621 0.63808 -0.76997
0.11581 0.09598 0.63653 -0.77125
0.11599 0.09575 0.63497 -0.77254
0.11618 0.09552 0.63341 -0.77382
0.11637 0.09529 0.63184 -0.77510
0.11656 0.09506 0.63027 -0.77637
0.11675 0.09483 0.62870 -0.77764
0.11693 0.09460 0.62713 -0.77891
0.11712 0.09437 0.62556 -0.78018
0.11731 0.09413 0.62398 -0.78144
0.11749 0.09390 0.62240 -0.78270
0.11768 0.09367 0.62082 -0.78395
0.11786 0.09344 0.61924 -0.78520
0.11804 0.09320 0.61765 -0.78645
0.11823 0.09297 0.61606 -0.78770
0.11841 0.09273 0.61447 -0.78894
0.11859 0.09250 0.61288 -0.79018
0.11878 0.09226 0.61128 -0.79141
0.11896 0.09203 0.60968 -0.79265
0.11914 0.09179 0.60808 -0.79388
0.11932 0.09155 0.60648 -0.79510
0.11950 0.09132 0.60487 -0.79632
0.11968 0.09108 0.60326 -0.79754
0.11986 0.09084 0.60165 -0.79876
0.12004 0.09060 0.60004 -0.79997
0.12022 0.09037 0.59843 -0.80118
0.12039 0.09013 0.59681 -0.80238
0.12057 0.08989 0.59519 -0.80359
0.12075 0.08965 0.59357 -0.80478
0.12093 0.08941 0.59194 -0.80598
0.12110 0.08917 0.59032 -0.80717
0.12128 0.08893 0.58869 -0.80836
0.12145 0.08869 0.58706 -0.80955
0.12163 0.08845 0.58542 -0.81073
0.12180 0.08821 0.58379 -0.81191
0.12197 0.08796 0.58215 -0.81308
0.12215 0.08772 0.58051 -0.81425
0.12232 0.08748 0.57887 -0.81542
0.12249 0.08724 0.57722 -0.81659
0.12266 0.08699 0.57558 -0.81775
0.12283 0.08675 0.57393 -0.81891
0.12300 0.08650 0.57228 -0.82006
0.12317 0.08626 0.57062 -0.82121
0.12334 0.08602 0.56897 -0.82236
0.12351 0.08577 0.56731 -0.82350
0.12368 0.08553 0.56565 -0.82465
0.12385 0.08528 0.56399 -0.82578
0.12402 0.08503 0.56232 -0.82692
0.12419 0.08479 0.56066 -0.82805
0.12435 0.08454 0.55899 -0.82917
0.12452 0.08429 0.55732 -0.83030
0.12468 0.08405 0.55565 -0.83142
0.12485 0.08380 0.55397 -0.83254
0.12501 0.08355 0.55230 -0.83365
0.12518 0.08330 0.55062 -0.83476
0.12534 0.08305 0.54894 -0.83586
0.12551 0.08280 0.54725 -0.83697
0.12567 0.08255 0.54557 -0.83807
0.12583 0.08230 0.54388 -0.83916
0.12599 0.08205 0.54219 -0.84025
0.12615 0.08180 0.54050 -0.84134
0.12631 0.08155 0.53881 -0.84243
0.12647 0.08130 0.53711 -0.84351
0.12663 0.08105 0.53542 -0.84459
0.12679 0.08080 0.53372 -0.84566
0.12695 0.08055 0.53202 -0.84673
0.12711 0.08029 0.53031 -0.84780
0.12727 0.08004 0.52861 -0.84887
0.12743 0.07979 0.52690 -0.84993
0.12758 0.07953 0.52519 -0.85098
0.12774 0.07928 0.52348 -0.85204
0.12789 0.07903 0.52177 -0.85309
0.12805 0.07877 0.52005 -0.85413
0.12820 0.07852 0.51834 -0.85518
0.12836 0.07826 0.51662 -0.85622
0.12851 0.07801 0.51490 -0.85725
0.12866 0.07775 0.51318 -0.85828
0.12882 0.07750 0.51145 -0.85931
0.12897 0.07724 0.50973 -0.86034
0.12912 0.07698 0.50800 -0.86136
0.12927 0.07673 0.50627 -0.86238
0.12942 0.07647 0.50454 -0.86339
0.12957 0.07621 0.50280 -0.86440
0.12972 0.07595 0.50107 -0.86541
0.12987 0.07570 0.49933 -0.86641
0.13002 0.07544 0.49759 -0.86741
0.13017 0.07518 0.49585 -0.86841
0.13032 0.07492 0.49411 -0.86940
0.13046 0.07466 0.49237 -0.87039
0.13061 0.07440 0.49062 -0.87137
0.13076 0.07414 0.48887 -0.87236
0.13090 0.07388 0.48712 -0.87333
0.13105 0.07362 0.48537 -0.87431
0.13119 0.07336 0.48362 -0.87528
0.13133 0.07310 0.48186 -0.87625
0.13148 0.07284 0.48011 -0.87721
0.13162 0.07258 0.47835 -0.87817
0.13176 0.07231 0.47659 -0.87913
0.13191 0.07205 0.47483 -0.88008
0.13205 0.07179 0.47307 -0.88103
0.13219 0.07153 0.47130 -0.88197
0.13233 0.07126 0.46953 -0.88291
0.13247 0.07100 0.46777 -0.88385
0.13261 0.07074 0.46600 -0.88479
0.13275 0.07047 0.46422 -0.88572
0.13288 0.07021 0.46245 -0.88664
0.13302 0.06994 0.46068 -0.88757
0.13316 0.06968 0.45890 -0.88849
0.13330 0.06941 0.45712 -0.88940
0.13343 0.06915 0.45534 -0.89032
0.13357 0.06888 0.45356 -0.89123
0.13370 0.06861 0.45178 -0.89213
0.13384 0.06835 0.44999 -0.89303
0.13397 0.06808 0.44821 -0.89393
0.13410 0.06782 0.44642 -0.89482
0.13424 0.06755 0.44463 -0.89571
0.13437 0.06728 0.44284 -0.89660
0.13450 0.06701 0.44105 -0.89748
0.13463 0.06675 0.43926 -0.89836
0.13476 0.06648 0.43746 -0.89924
0.13489 0.06621 0.43566 -0.90011
0.13502 0.06594 0.43387 -0.90098
0.13515 0.06567 0.43207 -0.90184
0.13528 0.06540 0.43026 -0.90270
0.13541 0.06513 0.42846 -0.90356
0.13554 0.06486 0.42666 -0.90441
0.13566 0.06459 0.42485 -0.90526
0.13579 0.06432 0.42305 -0.90611
0.13592 0.06405 0.42124 -0.90695
0.13604 0.06378 0.41943 -0.90779
0.13617 0.06351 0.41762 -0.90862
0.13629 0.06324 0.41580 -0.90945
0.13641 0.06297 0.41399 -0.91028
0.13654 0.06269 0.41217 -0.91111
0.13666 0.06242 0.41036 -0.91193
0.13678 0.06215 0.40854 -0.91274
0.13690 0.06188 0.40672 -0.91355
0.13703 0.06160 0.40490 -0.91436
0.13715 0.06133 0.40308 -0.91517
0.13727 0.06106 0.40125 -0.91597
0.13739 0.06078 0.39943 -0.91677
0.13751 0.06051 0.39760 -0.91756
0.13762 0.06024 0.39577 -0.91835
0.13774 0.05996 0.39394 -0.91913
0.13786 0.05969 0.39211 -0.91992
0.13798 0.05941 0.39028 -0.92070
0.13809 0.05914 0.38845 -0.92147
0.13821 0.05886 0.38661 -0.92224
0.13832 0.05859 0.38478 -0.92301
0.13844 0.05831 0.38294 -0.92377
0.13855 0.05803 0.38110 -0.92453
0.13867 0.05776 0.37926 -0.92529
0.13878 0.05748 0.37742 -0.92604
0.13889 0.05720 0.37558 -0.92679
0.13900 0.05693 0.37374 -0.92753
0.13911 0.05665 0.37189 -0.92828
0.13923 0.05637 0.37005 -0.92901
0.13934 0.05610 0.36820 -0.92975
0.13945 0.05582 0.36635 -0.93048
0.13955 0.05554 0.36450 -0.93120
0.13966 0.05526 0.36265 -0.93192
0.13977 0.05498 0.36080 -0.93264
0.13988 0.05470 0.35895 -0.93336
0.13999 0.05442 0.35710 -0.93407
0.14009 0.05415 0.35524 -0.93478
0.14020 0.05387 0.35338 -0.93548
0.14030 0.05359 0.35153 -0.93618
0.14041 0.05331 0.34967 -0.93687
0.14051 0.05303 0.34781 -0.93757
0.14062 0.05275 0.34595 -0.93825
0.14072 0.05247 0.34409 -0.93894
0.14082 0.05218 0.34222 -0.93962
0.14092 0.05190 0.34036 -0.94030
0.14103 0.05162 0.33849 -0.94097
0.14113 0.05134 0.33663 -0.94164
0.14123 0.05106 0.33476 -0.94230
0.14133 0.05078 0.33289 -0.94296
0.14143 0.05050 0.33102 -0.94362
0.14152 0.05021 0.32915 -0.94428
0.14162 0.04993 0.32728 -0.94493
0.14172 0.04965 0.32541 -0.94557
0.14182 0.04937 0.32353 -0.94622
0.14191 0.04908 0.32166 -0.94686
0.14201 0.04880 0.31978 -0.94749
0.14210 0.04852 0.31791 -0.94812
0.14220 0.04823 0.31603 -0.94875
0.14229 0.04795 0.31415 -0.94937
0.14239 0.04766 0.31227 -0.94999
0.14248 0.04738 0.31039 -0.95061
0.14257 0.04710 0.30851 -0.95122
0.14267 0.04681 0.30663 -0.95183
0.14276 0.04653 0.30474 -0.95243
0.14285 0.04624 0.30286 -0.95304
0.14294 0.04596 0.30097 -0.95363
0.14303 0.04567 0.29909 -0.95423
0.14312 0.04538 0.29720 -0.95482
0.14321 0.04510 0.29531 -0.95540
0.14329 0.04481 0.29342 -0.95598
0.14338 0.04453 0.29153 -0.95656
0.14347 0.04424 0.28964 -0.95714
0.14355 0.04395 0.28775 -0.95771
0.14364 0.04367 0.28586 -0.95827
0.14373 0.04338 0.28396 -0.95883
0.14381 0.04309 0.28207 -0.95939
0.14389 0.04281 0.28017 -0.95995
0.14398 0.04252 0.27828 -0.96050
0.14406 0.04223 0.27638 -0.96105
0.14414 0.04194 0.27448 -0.96159
0.14422 0.04166 0.27258 -0.96213
0.14431 0.04137 0.27069 -0.96267
0.14439 0.04108 0.26878 -0.96320
0.14447 0.04079 0.26688 -0.96373
0.14455 0.04050 0.26498 -0.96425
0.14463 0.04021 0.26308 -0.96477
0.14470 0.03993 0.26118 -0.96529
0.14478 0.03964 0.25927 -0.96580
0.14486 0.03935 0.25737 -0.96631
0.14494 0.03906 0.25546 -0.96682
0.14501 0.03877 0.25355 -0.96732
0.14509 0.03848 0.25165 -0.96782
0.14516 0.03819 0.24974 -0.96831
0.14524 0.03790 0.24783 -0.96880
0.14531 0.03761 0.24592 -0.96929
0.14538 0.03732 0.24401 -0.96977
0.14546 0.03703 0.24210 -0.97025
0.14553 0.03674 0.24019 -0.97073
0.14560 0.03645 0.23827 -0.97120
0.14567 0.03616 0.23636 -0.97167
0.14574 0.03587 0.23445 -0.97213
0.14581 0.03557 0.23253 -0.97259
0.14588 0.03528 0.23062 -0.97304
0.14595 0.03499 0.22870 -0.97350
0.14602 0.03470 0.22678 -0.97395
0.14609 0.03441 0.22487 -0.97439
0.14615 0.03412 0.22295 -0.97483
0.14622 0.03382 0.22103 -0.97527
0.14629 0.03353 0.21911 -0.97570
0.14635 0.03324 0.21719 -0.97613
0.14642 0.03295 0.21527 -0.97655
0.14648 0.03265 0.21335 -0.97698
0.14654 0.03236 0.21143 -0.97739
0.14661 0.03207 0.20950 -0.97781
0.14667 0.03178 0.20758 -0.97822
0.14673 0.03148 0.20566 -0.97862
0.14679 0.03119 0.20373 -0.97903
0.14685 0.03090 0.20181 -0.97943
0.14691 0.03060 0.19988 -0.97982
0.14697 0.03031 0.19795 -0.98021
0.14703 0.03002 0.19603 -0.98060
0.14709 0.02972 0.19410 -0.98098
0.14715 0.02943 0.19217 -0.98136
0.14721 0.02913 0.19024 -0.98174
0.14726 0.02884 0.18832 -0.98211
0.14732 0.02854 0.18639 -0.98248
0.14737 0.02825 0.18446 -0.98284
0.14743 0.02796 0.18253 -0.98320
0.14748 0.02766 0.18059 -0.98356
0.14754 0.02737 0.17866 -0.98391
0.14759 0.02707 0.17673 -0.98426
0.14764 0.02678 0.17480 -0.98460
0.14770 0.02648 0.17286 -0.98495
0.14775 0.02619 0.17093 -0.98528
0.14780 0.02589 0.16900 -0.98562
0.14785 0.02560 0.16706 -0.98595
0.14790 0.02530 0.16513 -0.98627
0.14795 0.02500 0.16319 -0.98659
0.14800 0.02471 0.16126 -0.98691
0.14804 0.02441 0.15932 -0.98723
0.14809 0.02412 0.15738 -0.98754
0.14814 0.02382 0.15544 -0.98784
0.14818 0.02352 0.15351 -0.98815
0.14823 0.02323 0.15157 -0.98845
0.14828 0.02293 0.14963 -0.98874
0.14832 0.02263 0.14769 -0.98903
0.14836 0.02234 0.14575 -0.98932
0.14841 0.02204 0.14381 -0.98961
0.14845 0.02175 0.14187 -0.98989
0.14849 0.02145 0.13993 -0.99016
0.14853 0.02115 0.13799 -0.99043
0.14858 0.02085 0.13605 -0.99070
0.14862 0.02056 0.13410 -0.99097
0.14866 0.02026 0.13216 -0.99123
0.14870 0.01996 0.13022 -0.99149
0.14873 0.01967 0.12828 -0.99174
0.14877 0.01937 0.12633 -0.99199
0.14881 0.01907 0.12439 -0.99223
0.14885 0.01877 0.12245 -0.99248
0.14888 0.01848 0.12050 -0.99271
0.14892 0.01818 0.11856 -0.99295
0.14895 0.01788 0.11661 -0.99318
0.14899 0.01758 0.11467 -0.99340
0.14902 0.01728 0.11272 -0.99363
0.14906 0.01699 0.11077 -0.99385
0.14909 0.01669 0.10883 -0.99406
0.14912 0.01639 0.10688 -0.99427
0.14915 0.01609 0.10493 -0.99448
0.14918 0.01579 0.10299 -0.99468
0.14922 0.01550 0.10104 -0.99488
0.14925 0.01520 0.09909 -0.99508
0.14927 0.01490 0.09714 -0.99527
0.14930 0.01460 0.09519 -0.99546
0.14933 0.01430 0.09325 -0.99564
0.14936 0.01400 0.09130 -0.99582
0.14939 0.01370 0.08935 -0.99600
0.14941 0.01341 0.08740 -0.99617
0.14944 0.01311 0.08545 -0.99634
0.14946 0.01281 0.08350 -0.99651
0.14949 0.01251 0.08155 -0.99667
0.14951 0.01221 0.07960 -0.99683
0.14954 0.01191 0.07765 -0.99698
0.14956 0.01161 0.07570 -0.99713
0.14958 0.01131 0.07374 -0.99728
0.14960 0.01101 0.07179 -0.99742
0.14963 0.01071 0.06984 -0.99756
0.14965 0.01042 0.06789 -0.99769
0.14967 0.01012 0.06594 -0.99782
0.14969 0.00982 0.06399 -0.99795
0.14970 0.00952 0.06203 -0.99807
0.14972 0.00922 0.06008 -0.99819
0.14974 0.00892 0.05813 -0.99831
0.14976 0.00862 0.05618 -0.99842
0.14977 0.00832 0.05422 -0.99853
0.14979 0.00802 0.05227 -0.99863
0.14981 0.00772 0.05032 -0.99873
0.14982 0.00742 0.04836 -0.99883
0.14983 0.00712 0.04641 -0.99892
0.14985 0.00682 0.04446 -0.99901
0.14986 0.00652 0.04250 -0.99910
0.14987 0.00622 0.04055 -0.99918
0.14989 0.00592 0.03860 -0.99925
0.14990 0.00562 0.03664 -0.99933
0.14991 0.00532 0.03469 -0.99940
0.14992 0.00502 0.03273 -0.99946
0.14993 0.00472 0.03078 -0.99953
0.14994 0.00442 0.02882 -0.99958
0.14994 0.00412 0.02687 -0.99964
0.14995 0.00382 0.02492 -0.99969
0.14996 0.00352 0.02296 -0.99974
0.14997 0.00322 0.02101 -0.99978
0.14997 0.00292 0.01905 -0.99982
0.14998 0.00262 0.01710 -0.99985
0.14998 0.00232 0.01514 -0.99989
0.14999 0.00202 0.01319 -0.99991
0.14999 0.00172 0.01123 -0.99994
0.14999 0.00142 0.00928 -0.99996
0.15000 0.00112 0.00732 -0.99997
0.15000 0.00082 0.00537 -0.99999
0.15000 0.00052 0.00341 -0.99999
0.15000 0.00022 0.00146 -1.00000
0.15000 -0.00008 -0.00050 -1.00000
