-0.75000 0.00000
-0.75000 0.00150
-0.75000 0.00300
-0.74999 0.00450
-0.74999 0.00600
-0.74998 0.00750
-0.74998 0.00900
-0.74997 0.01050
-0.74996 0.01200
-0.74995 0.01350
-0.74993 0.01500
-0.74992 0.01650
-0.74991 0.01800
-0.74989 0.01950
-0.74987 0.02100
-0.74985 0.02249
-0.74983 0.02399
-0.74981 0.02549
-0.74979 0.02699
-0.74976 0.02849
-0.74974 0.02999
-0.74971 0.03149
-0.74968 0.03298
-0.74965 0.03448
-0.74962 0.03598
-0.74959 0.03748
-0.74956 0.03897
-0.74952 0.04047
-0.74949 0.04197
-0.74945 0.04346
-0.74941 0.04496
-0.74937 0.04645
-0.74933 0.04795
-0.74928 0.04944
-0.74924 0.05094
-0.74920 0.05243
-0.74915 0.05393
-0.74910 0.05542
-0.74905 0.05691
-0.74900 0.05841
-0.74895 0.05990
-0.74890 0.06139
-0.74884 0.06288
-0.74879 0.06438
-0.74873 0.06587
-0.74867 0.06736
-0.74861 0.06885
-0.74855 0.07034
-0.74849 0.07183
-0.74842 0.07332
-0.74836 0.07481
-0.74829 0.07629
-0.74822 0.07778
-0.74815 0.07927
-0.74808 0.08075
-0.74801 0.08224
-0.74794 0.08373
-0.74786 0.08521
-0.74779 0.08670
-0.74771 0.08818
-0.74763 0.08966
-0.74755 0.09115
-0.74747 0.09263
-0.74739 0.09411
-0.74731 0.09559
-0.74722 0.09707
-0.74713 0.09855
-0.74705 0.10003
-0.74696 0.10151
-0.74687 0.10299
-0.74677 0.10447
-0.74668 0.10594
-0.74659 0.10742
-0.74649 0.10890
-0.74639 0.11037
-0.74630 0.11185
-0.74620 0.11332
-0.74610 0.11479
-0.74599 0.11626
-0.74589 0.11774
-0.74578 0.11921
-0.74568 0.12068
-0.74557 0.12215
-0.74546 0.12361
-0.74535 0.12508
-0.74524 0.12655
-0.74512 0.12801
-0.74501 0.12948
-0.74489 0.13094
-0.74478 0.13241
-0.74466 0.13387
-0.74454 0.13533
-0.74442 0.13680
-0.74429 0.13826
-0.74417 0.13972
-0.74405 0.14117
-0.74392 0.14263
-0.74379 0.14409
-0.74366 0.14555
-0.74353 0.14700
-0.74340 0.14846
-0.74326 0.14991
-0.74313 0.15136
-0.74299 0.15281
-0.74286 0.15426
-0.74272 0.15571
-0.74258 0.15716
-0.74243 0.15861
-0.74229 0.16006
-0.74215 0.16150
-0.74200 0.16295
-0.74185 0.16439
-0.74171 0.16584
-0.74156 0.16728
-0.74140 0.16872
-0.74125 0.17016
-0.74110 0.17160
-0.74094 0.17304
-0.74079 0.17447
-0.74063 0.17591
-0.74047 0.17734
-0.74031 0.17878
-0.74015 0.18021
-0.73998 0.18164
-0.73982 0.18307
-0.73965 0.18450
-0.73948 0.18593
-0.73931 0.18736
-0.73914 0.18879
-0.73897 0.19021
-0.73880 0.19163
-0.73862 0.19306
-0.73845 0.19448
-0.73827 0.19590
-0.73809 0.19732
-0.73791 0.19874
-0.73773 0.20015
-0.73754 0.20157
-0.73736 0.20298
-0.73717 0.20440
-0.73699 0.20581
-0.73680 0.20722
-0.73661 0.20863
-0.73642 0.21004
-0.73622 0.21145
-0.73603 0.21285
-0.73583 0.21426
-0.73564 0.21566
-0.73544 0.21706
-0.73524 0.21846
-0.73504 0.21986
-0.73483 0.22126
-0.73463 0.22266
-0.73442 0.22405
-0.73422 0.22545
-0.73401 0.22684
-0.73380 0.22823
-0.73359 0.22962
-0.73337 0.23101
-0.73316 0.23240
-0.73294 0.23379
-0.73273 0.23517
-0.73251 0.23656
-0.73229 0.23794
-0.73207 0.23932
-0.73184 0.24070
-0.73162 0.24208
-0.73139 0.24345
-0.73117 0.24483
-0.73094 0.24620
-0.73071 0.24758
-0.73048 0.24895
-0.73024 0.25032
-0.73001 0.25168
-0.72977 0.25305
-0.72954 0.25442
-0.72930 0.25578
-0.72906 0.25714
-0.72881 0.25850
-0.72857 0.25986
-0.72833 0.26122
-0.72808 0.26258
-0.72783 0.26393
-0.72758 0.26529
-0.72733 0.26664
-0.72708 0.26799
-0.72683 0.26934
-0.72657 0.27069
-0.72632 0.27203
-0.72606 0.27338
-0.72580 0.27472
-0.72554 0.27606
-0.72528 0.27740
-0.72501 0.27874
-0.72475 0.28007
-0.72448 0.28141
-0.72421 0.28274
-0.72394 0.28407
-0.72367 0.28540
-0.72340 0.28673
-0.72313 0.28806
-0.72285 0.28939
-0.72257 0.29071
-0.72230 0.29203
-0.72201 0.29335
-0.72173 0.29467
-0.72145 0.29599
-0.72117 0.29730
-0.72088 0.29862
-0.72059 0.29993
-0.72030 0.30124
-0.72001 0.30255
-0.71972 0.30386
-0.71943 0.30516
-0.71913 0.30647
-0.71883 0.30777
-0.71854 0.30907
-0.71824 0.31037
-0.71794 0.31167
-0.71763 0.31296
-0.71733 0.31426
-0.71702 0.31555
-0.71671 0.31684
-0.71641 0.31813
-0.71610 0.31941
-0.71578 0.32070
-0.71547 0.32198
-0.71515 0.32326
-0.71484 0.32454
-0.71452 0.32582
-0.71420 0.32710
-0.71388 0.32837
-0.71356 0.32965
-0.71323 0.33092
-0.71291 0.33219
-0.71258 0.33345
-0.71225 0.33472
-0.71192 0.33598
-0.71159 0.33725
-0.71125 0.33851
-0.71092 0.33977
-0.71058 0.34102
-0.71024 0.34228
-0.70990 0.34353
-0.70956 0.34478
-0.70922 0.34603
-0.70887 0.34728
-0.70853 0.34853
-0.70818 0.34977
-0.70783 0.35101
-0.70748 0.35225
-0.70712 0.35349
-0.70677 0.35473
-0.70641 0.35596
-0.70606 0.35719
-0.70570 0.35843
-0.70534 0.35965
-0.70498 0.36088
-0.70461 0.36211
-0.70425 0.36333
-0.70388 0.36455
-0.70351 0.36577
-0.70314 0.36699
-0.70277 0.36821
-0.70239 0.36942
-0.70202 0.37063
-0.70164 0.37184
-0.70126 0.37305
-0.70088 0.37426
-0.70050 0.37546
-0.70012 0.37666
-0.69973 0.37786
-0.69935 0.37906
-0.69896 0.38026
-0.69857 0.38145
-0.69818 0.38265
-0.69779 0.38384
-0.69739 0.38503
-0.69699 0.38621
-0.69660 0.38740
-0.69620 0.38858
-0.69580 0.38976
-0.69539 0.39094
-0.69499 0.39212
-0.69458 0.39330
-0.69417 0.39447
-0.69376 0.39564
-0.69335 0.39681
-0.69294 0.39798
-0.69253 0.39914
-0.69211 0.40031
-0.69169 0.40147
-0.69127 0.40263
-0.69085 0.40378
-0.69043 0.40494
-0.69000 0.40609
-0.68958 0.40724
-0.68915 0.40839
-0.68872 0.40954
-0.68829 0.41069
-0.68785 0.41183
-0.68742 0.41297
-0.68698 0.41411
-0.68654 0.41525
-0.68610 0.41638
-0.68566 0.41752
-0.68522 0.41865
-0.68477 0.41978
-0.68433 0.42090
-0.68388 0.42203
-0.68343 0.42315
-0.68298 0.42427
-0.68252 0.42539
-0.68207 0.42651
-0.68161 0.42762
-0.68115 0.42874
-0.68069 0.42985
-0.68023 0.43096
-0.67977 0.43206
-0.67930 0.43317
-0.67883 0.43427
-0.67836 0.43537
-0.67789 0.43647
-0.67742 0.43757
-0.67695 0.43866
-0.67647 0.43975
-0.67599 0.44084
-0.67551 0.44193
-0.67503 0.44302
-0.67455 0.44410
-0.67406 0.44518
-0.67358 0.44626
-0.67309 0.44734
-0.67260 0.44842
-0.67210 0.44949
-0.67161 0.45056
-0.67112 0.45163
-0.67062 0.45270
-0.67012 0.45377
-0.66962 0.45483
-0.66912 0.45589
-0.66861 0.45695
-0.66810 0.45801
-0.66760 0.45906
-0.66709 0.46011
-0.66658 0.46116
-0.66606 0.46221
-0.66555 0.46326
-0.66503 0.46430
-0.66451 0.46535
-0.66399 0.46639
-0.66347 0.46742
-0.66294 0.46846
-0.66242 0.46949
-0.66189 0.47053
-0.66136 0.47156
-0.66083 0.47258
-0.66030 0.47361
-0.65976 0.47463
-0.65922 0.47565
-0.65868 0.47667
-0.65814 0.47769
-0.65760 0.47870
-0.65706 0.47972
-0.65651 0.48073
-0.65596 0.48174
-0.65541 0.48274
-0.65486 0.48375
-0.65431 0.48475
-0.65375 0.48575
-0.65320 0.48675
-0.65264 0.48774
-0.65208 0.48874
-0.65151 0.48973
-0.65095 0.49072
-0.65038 0.49170
-0.64981 0.49269
-0.64924 0.49367
-0.64867 0.49465
-0.64810 0.49563
-0.64752 0.49661
-0.64694 0.49758
-0.64636 0.49856
-0.64578 0.49953
-0.64520 0.50049
-0.64461 0.50146
-0.64403 0.50242
-0.64344 0.50339
-0.64285 0.50435
-0.64225 0.50530
-0.64166 0.50626
-0.64106 0.50721
-0.64046 0.50816
-0.63986 0.50911
-0.63926 0.51006
-0.63866 0.51100
-0.63805 0.51195
-0.63744 0.51289
-0.63683 0.51383
-0.63622 0.51476
-0.63561 0.51570
-0.63499 0.51663
-0.63437 0.51756
-0.63375 0.51849
-0.63313 0.51941
-0.63251 0.52034
-0.63188 0.52126
-0.63126 0.52218
-0.63063 0.52309
-0.63000 0.52401
-0.62936 0.52492
-0.62873 0.52583
-0.62809 0.52674
-0.62745 0.52765
-0.62681 0.52855
-0.62617 0.52946
-0.62552 0.53036
-0.62488 0.53125
-0.62423 0.53215
-0.62358 0.53304
-0.62293 0.53394
-0.62227 0.53482
-0.62162 0.53571
-0.62096 0.53660
-0.62030 0.53748
-0.61963 0.53836
-0.61897 0.53924
-0.61830 0.54012
-0.61764 0.54099
-0.61697 0.54187
-0.61629 0.54274
-0.61562 0.54360
-0.61494 0.54447
-0.61426 0.54534
-0.61358 0.54620
-0.61290 0.54706
-0.61222 0.54792
-0.61153 0.54877
-0.61084 0.54962
-0.61015 0.55048
-0.60946 0.55133
-0.60877 0.55217
-0.60807 0.55302
-0.60737 0.55386
-0.60667 0.55470
-0.60597 0.55554
-0.60527 0.55638
-0.60456 0.55721
-0.60385 0.55805
-0.60314 0.55888
-0.60243 0.55970
-0.60172 0.56053
-0.60100 0.56136
-0.60028 0.56218
-0.59956 0.56300
-0.59884 0.56382
-0.59812 0.56463
-0.59739 0.56545
-0.59666 0.56626
-0.59593 0.56707
-0.59520 0.56787
-0.59446 0.56868
-0.59373 0.56948
-0.59299 0.57028
-0.59225 0.57108
-0.59151 0.57188
-0.59076 0.57268
-0.59001 0.57347
-0.58927 0.57426
-0.58852 0.57505
-0.58776 0.57584
-0.58701 0.57662
-0.58625 0.57740
-0.58549 0.57818
-0.58473 0.57896
-0.58397 0.57974
-0.58320 0.58051
-0.58244 0.58129
-0.58167 0.58206
-0.58090 0.58282
-0.58012 0.58359
-0.57935 0.58435
-0.57857 0.58512
-0.57779 0.58588
-0.57701 0.58663
-0.57622 0.58739
-0.57544 0.58814
-0.57465 0.58889
-0.57386 0.58964
-0.57307 0.59039
-0.57227 0.59114
-0.57148 0.59188
-0.57068 0.59262
-0.56988 0.59336
-0.56908 0.59410
-0.56827 0.59484
-0.56747 0.59557
-0.56666 0.59630
-0.56585 0.59703
-0.56503 0.59776
-0.56422 0.59848
-0.56340 0.59921
-0.56258 0.59993
-0.56176 0.60065
-0.56094 0.60136
-0.56011 0.60208
-0.55929 0.60279
-0.55846 0.60350
-0.55763 0.60421
-0.55679 0.60492
-0.55596 0.60562
-0.55512 0.60633
-0.55428 0.60703
-0.55344 0.60773
-0.55259 0.60842
-0.55175 0.60912
-0.55090 0.60981
-0.55005 0.61050
-0.54919 0.61119
-0.54834 0.61188
-0.54748 0.61256
-0.54662 0.61325
-0.54576 0.61393
-0.54490 0.61461
-0.54403 0.61528
-0.54317 0.61596
-0.54230 0.61663
-0.54143 0.61730
-0.54055 0.61797
-0.53968 0.61864
-0.53880 0.61931
-0.53792 0.61997
-0.53704 0.62063
-0.53615 0.62129
-0.53526 0.62195
-0.53438 0.62260
-0.53349 0.62326
-0.53259 0.62391
-0.53170 0.62456
-0.53080 0.62521
-0.52990 0.62585
-0.52900 0.62649
-0.52810 0.62714
-0.52719 0.62778
-0.52628 0.62841
-0.52537 0.62905
-0.52446 0.62968
-0.52355 0.63032
-0.52263 0.63095
-0.52171 0.63157
-0.52079 0.63220
-0.51987 0.63282
-0.51895 0.63345
-0.51802 0.63407
-0.51709 0.63469
-0.51616 0.63530
-0.51523 0.63592
-0.51429 0.63653
-0.51335 0.63714
-0.51241 0.63775
-0.51147 0.63836
-0.51053 0.63896
-0.50958 0.63957
-0.50863 0.64017
-0.50768 0.64077
-0.50673 0.64136
-0.50578 0.64196
-0.50482 0.64255
-0.50386 0.64315
-0.50290 0.64374
-0.50194 0.64432
-0.50097 0.64491
-0.50001 0.64549
-0.49904 0.64608
-0.49807 0.64666
-0.49709 0.64724
-0.49612 0.64781
-0.49514 0.64839
-0.49416 0.64896
-0.49318 0.64953
-0.49219 0.65010
-0.49121 0.65067
-0.49022 0.65123
-0.48923 0.65180
-0.48823 0.65236
-0.48724 0.65292
-0.48624 0.65348
-0.48524 0.65403
-0.48424 0.65459
-0.48324 0.65514
-0.48223 0.65569
-0.48123 0.65624
-0.48022 0.65679
-0.47921 0.65733
-0.47819 0.65788
-0.47718 0.65842
-0.47616 0.65896
-0.47514 0.65949
-0.47411 0.66003
-0.47309 0.66056
-0.47206 0.66110
-0.47104 0.66163
-0.47000 0.66216
-0.46897 0.66268
-0.46794 0.66321
-0.46690 0.66373
-0.46586 0.66425
-0.46482 0.66477
-0.46378 0.66529
-0.46273 0.66581
-0.46168 0.66632
-0.46063 0.66683
-0.45958 0.66734
-0.45853 0.66785
-0.45747 0.66836
-0.45641 0.66887
-0.45535 0.66937
-0.45429 0.66987
-0.45323 0.67037
-0.45216 0.67087
-0.45109 0.67137
-0.45002 0.67186
-0.44895 0.67235
-0.44787 0.67284
-0.44680 0.67333
-0.44572 0.67382
-0.44464 0.67431
-0.44356 0.67479
-0.44247 0.67527
-0.44138 0.67575
-0.44029 0.67623
-0.43920 0.67671
-0.43811 0.67719
-0.43701 0.67766
-0.43592 0.67813
-0.43482 0.67860
-0.43371 0.67907
-0.43261 0.67954
-0.43151 0.68000
-0.43040 0.68046
-0.42929 0.68092
-0.42818 0.68138
-0.42706 0.68184
-0.42595 0.68230
-0.42483 0.68275
-0.42371 0.68321
-0.42259 0.68366
-0.42146 0.68411
-0.42034 0.68455
-0.41921 0.68500
-0.41808 0.68544
-0.41694 0.68589
-0.41581 0.68633
-0.41467 0.68677
-0.41354 0.68720
-0.41240 0.68764
-0.41125 0.68807
-0.41011 0.68851
-0.40896 0.68894
-0.40781 0.68936
-0.40666 0.68979
-0.40551 0.69022
-0.40436 0.69064
-0.40320 0.69106
-0.40204 0.69148
-0.40088 0.69190
-0.39972 0.69232
-0.39855 0.69273
-0.39739 0.69315
-0.39622 0.69356
-0.39505 0.69397
-0.39388 0.69438
-0.39270 0.69479
-0.39153 0.69519
-0.39035 0.69560
-0.38917 0.69600
-0.38799 0.69640
-0.38680 0.69680
-0.38562 0.69719
-0.38443 0.69759
-0.38324 0.69798
-0.38205 0.69838
-0.38085 0.69877
-0.37966 0.69916
-0.37846 0.69954
-0.37726 0.69993
-0.37606 0.70031
-0.37485 0.70070
-0.37365 0.70108
-0.37244 0.70146
-0.37123 0.70183
-0.37002 0.70221
-0.36881 0.70258
-0.36759 0.70296
-0.36637 0.70333
-0.36516 0.70370
-0.36394 0.70406
-0.36271 0.70443
-0.36149 0.70480
-0.36026 0.70516
-0.35903 0.70552
-0.35780 0.70588
-0.35657 0.70624
-0.35534 0.70659
-0.35410 0.70695
-0.35286 0.70730
-0.35163 0.70766
-0.35038 0.70801
-0.34914 0.70835
-0.34790 0.70870
-0.34665 0.70905
-0.34540 0.70939
-0.34415 0.70973
-0.34290 0.71007
-0.34164 0.71041
-0.34039 0.71075
-0.33913 0.71109
-0.33787 0.71142
-0.33661 0.71175
-0.33535 0.71209
-0.33408 0.71242
-0.33281 0.71274
-0.33155 0.71307
-0.33028 0.71340
-0.32900 0.71372
-0.32773 0.71404
-0.32645 0.71436
-0.32518 0.71468
-0.32390 0.71500
-0.32262 0.71531
-0.32133 0.71563
-0.32005 0.71594
-0.31876 0.71625
-0.31748 0.71656
-0.31619 0.71687
-0.31490 0.71718
-0.31360 0.71748
-0.31231 0.71779
-0.31101 0.71809
-0.30971 0.71839
-0.30841 0.71869
-0.30711 0.71898
-0.30581 0.71928
-0.30450 0.71957
-0.30320 0.71987
-0.30189 0.72016
-0.30058 0.72045
-0.29927 0.72074
-0.29795 0.72102
-0.29664 0.72131
-0.29532 0.72159
-0.29401 0.72188
-0.29269 0.72216
-0.29136 0.72244
-0.29004 0.72271
-0.28872 0.72299
-0.28739 0.72327
-0.28606 0.72354
-0.28473 0.72381
-0.28340 0.72408
-0.28207 0.72435
-0.28074 0.72462
-0.27940 0.72488
-0.27806 0.72515
-0.27672 0.72541
-0.27538 0.72567
-0.27404 0.72593
-0.27270 0.72619
-0.27135 0.72645
-0.27000 0.72670
-0.26866 0.72696
-0.26731 0.72721
-0.26596 0.72746
-0.26460 0.72771
-0.26325 0.72796
-0.26189 0.72821
-0.26054 0.72845
-0.25918 0.72869
-0.25782 0.72894
-0.25645 0.72918
-0.25509 0.72942
-0.25373 0.72966
-0.25236 0.72989
-0.25099 0.73013
-0.24962 0.73036
-0.24825 0.73059
-0.24688 0.73082
-0.24551 0.73105
-0.24413 0.73128
-0.24276 0.73151
-0.24138 0.73173
-0.24000 0.73196
-0.23862 0.73218
-0.23724 0.73240
-0.23586 0.73262
-0.23447 0.73284
-0.23309 0.73305
-0.23170 0.73327
-0.23031 0.73348
-0.22892 0.73369
-0.22753 0.73390
-0.22614 0.73411
-0.22474 0.73432
-0.22335 0.73453
-0.22195 0.73473
-0.22055 0.73494
-0.21916 0.73514
-0.21776 0.73534
-0.21635 0.73554
-0.21495 0.73574
-0.21355 0.73593
-0.21214 0.73613
-0.21073 0.73632
-0.20933 0.73651
-0.20792 0.73670
-0.20651 0.73689
-0.20510 0.73708
-0.20368 0.73727
-0.20227 0.73745
-0.20085 0.73764
-0.19944 0.73782
-0.19802 0.73800
-0.19660 0.73818
-0.19518 0.73836
-0.19376 0.73854
-0.19234 0.73871
-0.19091 0.73888
-0.18949 0.73906
-0.18806 0.73923
-0.18664 0.73940
-0.18521 0.73957
-0.18378 0.73973
-0.18235 0.73990
-0.18092 0.74006
-0.17949 0.74023
-0.17805 0.74039
-0.17662 0.74055
-0.17518 0.74071
-0.17375 0.74087
-0.17231 0.74102
-0.17087 0.74118
-0.16943 0.74133
-0.16799 0.74148
-0.16655 0.74163
-0.16511 0.74178
-0.16366 0.74193
-0.16222 0.74208
-0.16077 0.74222
-0.15933 0.74236
-0.15788 0.74251
-0.15643 0.74265
-0.15498 0.74279
-0.15353 0.74293
-0.15208 0.74306
-0.15063 0.74320
-0.14918 0.74333
-0.14772 0.74346
-0.14627 0.74360
-0.14481 0.74373
-0.14335 0.74386
-0.14190 0.74398
-0.14044 0.74411
-0.13898 0.74423
-0.13752 0.74436
-0.13606 0.74448
-0.13460 0.74460
-0.13313 0.74472
-0.13167 0.74484
-0.13021 0.74495
-0.12874 0.74507
-0.12727 0.74518
-0.12581 0.74529
-0.12434 0.74541
-0.12287 0.74552
-0.12140 0.74562
-0.11993 0.74573
-0.11846 0.74584
-0.11699 0.74594
-0.11552 0.74604
-0.11405 0.74615
-0.11257 0.74625
-0.11110 0.74635
-0.10963 0.74644
-0.10815 0.74654
-0.10667 0.74664
-0.10520 0.74673
-0.10372 0.74682
-0.10224 0.74691
-0.10076 0.74700
-0.09929 0.74709
-0.09781 0.74718
-0.09633 0.74726
-0.09484 0.74735
-0.09336 0.74743
-0.09188 0.74751
-0.09040 0.74759
-0.08891 0.74767
-0.08743 0.74775
-0.08595 0.74783
-0.08446 0.74790
-0.08298 0.74798
-0.08149 0.74805
-0.08000 0.74812
-0.07852 0.74819
-0.07703 0.74826
-0.07554 0.74832
-0.07405 0.74839
-0.07256 0.74845
-0.07108 0.74852
-0.06959 0.74858
-0.06810 0.74864
-0.06661 0.74870
-0.06511 0.74876
-0.06362 0.74881
-0.06213 0.74887
-0.06064 0.74892
-0.05915 0.74898
-0.05765 0.74903
-0.05616 0.74908
-0.05467 0.74913
-0.05317 0.74917
-0.05168 0.74922
-0.05018 0.74926
-0.04869 0.74931
-0.04719 0.74935
-0.04570 0.74939
-0.04420 0.74943
-0.04271 0.74947
-0.04121 0.74950
-0.03971 0.74954
-0.03822 0.74957
-0.03672 0.74961
-0.03522 0.74964
-0.03372 0.74967
-0.03223 0.74970
-0.03073 0.74972
-0.02923 0.74975
-0.02773 0.74978
-0.02623 0.74980
-0.02474 0.74982
-0.02324 0.74984
-0.02174 0.74986
-0.02024 0.74988
-0.01874 0.74990
-0.01724 0.74991
-0.01574 0.74993
-0.01424 0.74994
-0.01274 0.74995
-0.01124 0.74996
-0.00974 0.74997
-0.00824 0.74998
-0.00674 0.74999
-0.00524 0.74999
-0.00374 0.75000
-0.00224 0.75000
-0.00074 0.75000
0.00076 0.75000
0.00226 0.75000
0.00376 0.75000
0.00526 0.74999
0.00676 0.74999
0.00826 0.74998
0.00976 0.74997
0.01126 0.74996
0.01276 0.74995
0.01426 0.74994
0.01576 0.74993
0.01726 0.74991
0.01875 0.74990
0.02025 0.74988
0.02175 0.74986
0.02325 0.74984
0.02475 0.74982
0.02625 0.74980
0.02775 0.74978
0.02925 0.74975
0.03074 0.74972
0.03224 0.74970
0.03374 0.74967
0.03524 0.74964
0.03673 0.74961
0.03823 0.74957
0.03973 0.74954
0.04123 0.74950
0.04272 0.74947
0.04422 0.74943
0.04571 0.74939
0.04721 0.74935
0.04870 0.74931
0.05020 0.74926
0.05169 0.74922
0.05319 0.74917
0.05468 0.74912
0.05618 0.74908
0.05767 0.74903
0.05916 0.74897
0.06065 0.74892
0.06215 0.74887
0.06364 0.74881
0.06513 0.74876
0.06662 0.74870
0.06811 0.74864
0.06960 0.74858
0.07109 0.74852
0.07258 0.74845
0.07407 0.74839
0.07556 0.74832
0.07704 0.74826
0.07853 0.74819
0.08002 0.74812
0.08151 0.74805
0.08299 0.74797
0.08448 0.74790
0.08596 0.74783
0.08745 0.74775
0.08893 0.74767
0.09041 0.74759
0.09190 0.74751
0.09338 0.74743
0.09486 0.74735
0.09634 0.74726
0.09782 0.74718
0.09930 0.74709
0.10078 0.74700
0.10226 0.74691
0.10374 0.74682
0.10521 0.74673
0.10669 0.74663
0.10817 0.74654
0.10964 0.74644
0.11112 0.74634
0.11259 0.74625
0.11406 0.74615
0.11554 0.74604
0.11701 0.74594
0.11848 0.74584
0.11995 0.74573
0.12142 0.74562
0.12289 0.74551
0.12436 0.74540
0.12582 0.74529
0.12729 0.74518
0.12876 0.74507
0.13022 0.74495
0.13168 0.74484
0.13315 0.74472
0.13461 0.74460
0.13607 0.74448
0.13753 0.74436
0.13899 0.74423
0.14045 0.74411
0.14191 0.74398
0.14337 0.74385
0.14483 0.74373
0.14628 0.74360
0.14774 0.74346
0.14919 0.74333
0.15064 0.74320
0.15210 0.74306
0.15355 0.74292
0.15500 0.74279
0.15645 0.74265
0.15789 0.74251
0.15934 0.74236
0.16079 0.74222
0.16223 0.74207
0.16368 0.74193
0.16512 0.74178
0.16657 0.74163
0.16801 0.74148
0.16945 0.74133
0.17089 0.74117
0.17233 0.74102
0.17376 0.74086
0.17520 0.74071
0.17663 0.74055
0.17807 0.74039
0.17950 0.74023
0.18093 0.74006
0.18237 0.73990
0.18380 0.73973
0.18522 0.73957
0.18665 0.73940
0.18808 0.73923
0.18951 0.73906
0.19093 0.73888
0.19235 0.73871
0.19378 0.73853
0.19520 0.73836
0.19662 0.73818
0.19803 0.73800
0.19945 0.73782
0.20087 0.73764
0.20228 0.73745
0.20370 0.73727
0.20511 0.73708
0.20652 0.73689
0.20793 0.73670
0.20934 0.73651
0.21075 0.73632
0.21216 0.73612
0.21356 0.73593
0.21497 0.73573
0.21637 0.73554
0.21777 0.73534
0.21917 0.73514
0.22057 0.73493
0.22197 0.73473
0.22336 0.73452
0.22476 0.73432
0.22615 0.73411
0.22754 0.73390
0.22894 0.73369
0.23033 0.73348
0.23171 0.73326
0.23310 0.73305
0.23449 0.73283
0.23587 0.73262
0.23725 0.73240
0.23864 0.73218
0.24002 0.73195
0.24139 0.73173
0.24277 0.73150
0.24415 0.73128
0.24552 0.73105
0.24690 0.73082
0.24827 0.73059
0.24964 0.73036
0.25101 0.73012
0.25238 0.72989
0.25374 0.72965
0.25511 0.72941
0.25647 0.72918
0.25783 0.72893
0.25919 0.72869
0.26055 0.72845
0.26191 0.72820
0.26326 0.72796
0.26462 0.72771
0.26597 0.72746
0.26732 0.72721
0.26867 0.72695
0.27002 0.72670
0.27137 0.72644
0.27271 0.72619
0.27405 0.72593
0.27540 0.72567
0.27674 0.72541
0.27808 0.72514
0.27941 0.72488
0.28075 0.72461
0.28208 0.72435
0.28342 0.72408
0.28475 0.72381
0.28608 0.72354
0.28740 0.72326
0.28873 0.72299
0.29005 0.72271
0.29138 0.72243
0.29270 0.72215
0.29402 0.72187
0.29534 0.72159
0.29665 0.72131
0.29797 0.72102
0.29928 0.72073
0.30059 0.72045
0.30190 0.72016
0.30321 0.71986
0.30452 0.71957
0.30582 0.71928
0.30713 0.71898
0.30843 0.71868
0.30973 0.71838
0.31102 0.71808
0.31232 0.71778
0.31362 0.71748
0.31491 0.71717
0.31620 0.71687
0.31749 0.71656
0.31878 0.71625
0.32006 0.71594
0.32135 0.71563
0.32263 0.71531
0.32391 0.71499
0.32519 0.71468
0.32647 0.71436
0.32774 0.71404
0.32902 0.71372
0.33029 0.71339
0.33156 0.71307
0.33283 0.71274
0.33409 0.71241
0.33536 0.71208
0.33662 0.71175
0.33788 0.71142
0.33914 0.71108
0.34040 0.71075
0.34166 0.71041
0.34291 0.71007
0.34416 0.70973
0.34541 0.70939
0.34666 0.70904
0.34791 0.70870
0.34915 0.70835
0.35040 0.70800
0.35164 0.70765
0.35288 0.70730
0.35412 0.70695
0.35535 0.70659
0.35658 0.70623
0.35782 0.70588
0.35905 0.70552
0.36027 0.70515
0.36150 0.70479
0.36273 0.70443
0.36395 0.70406
0.36517 0.70369
0.36639 0.70332
0.36760 0.70295
0.36882 0.70258
0.37003 0.70221
0.37124 0.70183
0.37245 0.70145
0.37366 0.70107
0.37487 0.70069
0.37607 0.70031
0.37727 0.69993
0.37847 0.69954
0.37967 0.69915
0.38086 0.69876
0.38206 0.69837
0.38325 0.69798
0.38444 0.69759
0.38563 0.69719
0.38681 0.69679
0.38800 0.69639
0.38918 0.69599
0.39036 0.69559
0.39154 0.69519
0.39271 0.69478
0.39389 0.69438
0.39506 0.69397
0.39623 0.69356
0.39740 0.69314
0.39857 0.69273
0.39973 0.69232
0.40089 0.69190
0.40205 0.69148
0.40321 0.69106
0.40437 0.69064
0.40552 0.69021
0.40667 0.68979
0.40783 0.68936
0.40897 0.68893
0.41012 0.68850
0.41126 0.68807
0.41241 0.68763
0.41355 0.68720
0.41469 0.68676
0.41582 0.68632
0.41696 0.68588
0.41809 0.68544
0.41922 0.68500
0.42035 0.68455
0.42147 0.68410
0.42260 0.68365
0.42372 0.68320
0.42484 0.68275
0.42596 0.68229
0.42707 0.68184
0.42819 0.68138
0.42930 0.68092
0.43041 0.68046
0.43152 0.68000
0.43262 0.67953
0.43373 0.67906
0.43483 0.67860
0.43593 0.67813
0.43702 0.67765
0.43812 0.67718
0.43921 0.67671
0.44030 0.67623
0.44139 0.67575
0.44248 0.67527
0.44357 0.67479
0.44465 0.67430
0.44573 0.67382
0.44681 0.67333
0.44789 0.67284
0.44896 0.67235
0.45003 0.67186
0.45110 0.67136
0.45217 0.67086
0.45324 0.67037
0.45430 0.66987
0.45536 0.66936
0.45642 0.66886
0.45748 0.66836
0.45854 0.66785
0.45959 0.66734
0.46064 0.66683
0.46169 0.66632
0.46274 0.66580
0.46379 0.66529
0.46483 0.66477
0.46587 0.66425
0.46691 0.66373
0.46795 0.66320
0.46898 0.66268
0.47002 0.66215
0.47105 0.66162
0.47207 0.66109
0.47310 0.66056
0.47413 0.66003
0.47515 0.65949
0.47617 0.65895
0.47719 0.65841
0.47820 0.65787
0.47922 0.65733
0.48023 0.65678
0.48124 0.65623
0.48224 0.65569
0.48325 0.65513
0.48425 0.65458
0.48525 0.65403
0.48625 0.65347
0.48725 0.65291
0.48824 0.65235
0.48924 0.65179
0.49023 0.65123
0.49122 0.65066
0.49220 0.65009
0.49319 0.64953
0.49417 0.64895
0.49515 0.64838
0.49613 0.64781
0.49710 0.64723
0.49808 0.64665
0.49905 0.64607
0.50002 0.64549
0.50098 0.64490
0.50195 0.64432
0.50291 0.64373
0.50387 0.64314
0.50483 0.64255
0.50579 0.64195
0.50674 0.64136
0.50769 0.64076
0.50864 0.64016
0.50959 0.63956
0.51054 0.63896
0.51148 0.63835
0.51242 0.63774
0.51336 0.63714
0.51430 0.63652
0.51524 0.63591
0.51617 0.63530
0.51710 0.63468
0.51803 0.63406
0.51895 0.63344
0.51988 0.63282
0.52080 0.63219
0.52172 0.63157
0.52264 0.63094
0.52356 0.63031
0.52447 0.62968
0.52538 0.62904
0.52629 0.62841
0.52720 0.62777
0.52811 0.62713
0.52901 0.62649
0.52991 0.62584
0.53081 0.62520
0.53171 0.62455
0.53260 0.62390
0.53349 0.62325
0.53438 0.62260
0.53527 0.62194
0.53616 0.62128
0.53704 0.62062
0.53793 0.61996
0.53881 0.61930
0.53968 0.61863
0.54056 0.61797
0.54143 0.61730
0.54231 0.61663
0.54318 0.61595
0.54404 0.61528
0.54491 0.61460
0.54577 0.61392
0.54663 0.61324
0.54749 0.61256
0.54835 0.61187
0.54920 0.61119
0.55006 0.61050
0.55091 0.60980
0.55175 0.60911
0.55260 0.60842
0.55344 0.60772
0.55429 0.60702
0.55513 0.60632
0.55596 0.60562
0.55680 0.60491
0.55763 0.60420
0.55847 0.60349
0.55930 0.60278
0.56012 0.60207
0.56095 0.60136
0.56177 0.60064
0.56259 0.59992
0.56341 0.59920
0.56423 0.59847
0.56504 0.59775
0.56586 0.59702
0.56667 0.59629
0.56748 0.59556
0.56828 0.59483
0.56909 0.59409
0.56989 0.59335
0.57069 0.59262
0.57149 0.59187
0.57228 0.59113
0.57308 0.59038
0.57387 0.58964
0.57466 0.58889
0.57545 0.58814
0.57623 0.58738
0.57702 0.58663
0.57780 0.58587
0.57858 0.58511
0.57935 0.58435
0.58013 0.58358
0.58090 0.58282
0.58167 0.58205
0.58244 0.58128
0.58321 0.58050
0.58398 0.57973
0.58474 0.57895
0.58550 0.57818
0.58626 0.57739
0.58702 0.57661
0.58777 0.57583
0.58852 0.57504
0.58927 0.57425
0.59002 0.57346
0.59077 0.57267
0.59151 0.57187
0.59226 0.57108
0.59300 0.57028
0.59374 0.56948
0.59447 0.56867
0.59521 0.56787
0.59594 0.56706
0.59667 0.56625
0.59740 0.56544
0.59812 0.56462
0.59885 0.56381
0.59957 0.56299
0.60029 0.56217
0.60101 0.56135
0.60172 0.56052
0.60244 0.55970
0.60315 0.55887
0.60386 0.55804
0.60457 0.55720
0.60527 0.55637
0.60598 0.55553
0.60668 0.55469
0.60738 0.55385
0.60808 0.55301
0.60878 0.55216
0.60947 0.55132
0.61016 0.55047
0.61085 0.54962
0.61154 0.54876
0.61223 0.54791
0.61291 0.54705
0.61359 0.54619
0.61427 0.54533
0.61495 0.54446
0.61563 0.54360
0.61630 0.54273
0.61697 0.54186
0.61764 0.54098
0.61831 0.54011
0.61898 0.53923
0.61964 0.53835
0.62030 0.53747
0.62096 0.53659
0.62162 0.53570
0.62228 0.53482
0.62293 0.53393
0.62359 0.53303
0.62424 0.53214
0.62488 0.53124
0.62553 0.53035
0.62618 0.52945
0.62682 0.52854
0.62746 0.52764
0.62810 0.52673
0.62874 0.52582
0.62937 0.52491
0.63000 0.52400
0.63063 0.52309
0.63126 0.52217
0.63189 0.52125
0.63252 0.52033
0.63314 0.51940
0.63376 0.51848
0.63438 0.51755
0.63500 0.51662
0.63561 0.51569
0.63623 0.51475
0.63684 0.51382
0.63745 0.51288
0.63806 0.51194
0.63866 0.51100
0.63927 0.51005
0.63987 0.50910
0.64047 0.50815
0.64107 0.50720
0.64167 0.50625
0.64226 0.50529
0.64285 0.50434
0.64344 0.50338
0.64403 0.50242
0.64462 0.50145
0.64520 0.50048
0.64579 0.49952
0.64637 0.49855
0.64695 0.49757
0.64753 0.49660
0.64810 0.49562
0.64868 0.49464
0.64925 0.49366
0.64982 0.49268
0.65039 0.49169
0.65095 0.49071
0.65152 0.48972
0.65208 0.48873
0.65264 0.48773
0.65320 0.48674
0.65376 0.48574
0.65431 0.48474
0.65487 0.48374
0.65542 0.48273
0.65597 0.48173
0.65652 0.48072
0.65706 0.47971
0.65761 0.47869
0.65815 0.47768
0.65869 0.47666
0.65923 0.47564
0.65977 0.47462
0.66030 0.47360
0.66083 0.47257
0.66137 0.47154
0.66190 0.47052
0.66242 0.46948
0.66295 0.46845
0.66347 0.46741
0.66400 0.46638
0.66452 0.46534
0.66504 0.46429
0.66555 0.46325
0.66607 0.46220
0.66658 0.46115
0.66709 0.46010
0.66760 0.45905
0.66811 0.45799
0.66862 0.45694
0.66912 0.45588
0.66962 0.45482
0.67012 0.45375
0.67062 0.45269
0.67112 0.45162
0.67162 0.45055
0.67211 0.44948
0.67260 0.44841
0.67309 0.44733
0.67358 0.44625
0.67407 0.44517
0.67455 0.44409
0.67504 0.44301
0.67552 0.44192
0.67600 0.44083
0.67647 0.43974
0.67695 0.43865
0.67742 0.43756
0.67790 0.43646
0.67837 0.43536
0.67884 0.43426
0.67931 0.43316
0.67977 0.43205
0.68023 0.43095
0.68070 0.42984
0.68116 0.42873
0.68162 0.42761
0.68207 0.42650
0.68253 0.42538
0.68298 0.42426
0.68343 0.42314
0.68388 0.42202
0.68433 0.42089
0.68478 0.41977
0.68522 0.41864
0.68567 0.41751
0.68611 0.41637
0.68655 0.41524
0.68699 0.41410
0.68742 0.41296
0.68786 0.41182
0.68829 0.41067
0.68872 0.40953
0.68915 0.40838
0.68958 0.40723
0.69001 0.40608
0.69043 0.40493
0.69085 0.40377
0.69128 0.40261
0.69170 0.40146
0.69211 0.40029
0.69253 0.39913
0.69294 0.39797
0.69336 0.39680
0.69377 0.39563
0.69418 0.39446
0.69459 0.39328
0.69499 0.39211
0.69540 0.39093
0.69580 0.38975
0.69620 0.38857
0.69660 0.38739
0.69700 0.38620
0.69739 0.38502
0.69779 0.38383
0.69818 0.38264
0.69857 0.38144
0.69896 0.38025
0.69935 0.37905
0.69974 0.37785
0.70012 0.37665
0.70051 0.37545
0.70089 0.37424
0.70127 0.37304
0.70165 0.37183
0.70202 0.37062
0.70240 0.36941
0.70277 0.36819
0.70314 0.36698
0.70351 0.36576
0.70388 0.36454
0.70425 0.36332
0.70462 0.36209
0.70498 0.36087
0.70534 0.35964
0.70570 0.35841
0.70606 0.35718
0.70642 0.35595
0.70677 0.35471
0.70713 0.35348
0.70748 0.35224
0.70783 0.35100
0.70818 0.34976
0.70853 0.34851
0.70888 0.34727
0.70922 0.34602
0.70956 0.34477
0.70991 0.34352
0.71025 0.34226
0.71058 0.34101
0.71092 0.33975
0.71126 0.33849
0.71159 0.33723
0.71192 0.33597
0.71225 0.33471
0.71258 0.33344
0.71291 0.33217
0.71323 0.33091
0.71356 0.32963
0.71388 0.32836
0.71420 0.32709
0.71452 0.32581
0.71484 0.32453
0.71516 0.32325
0.71547 0.32197
0.71579 0.32069
0.71610 0.31940
0.71641 0.31811
0.71672 0.31683
0.71703 0.31554
0.71733 0.31424
0.71764 0.31295
0.71794 0.31165
0.71824 0.31036
0.71854 0.30906
0.71884 0.30776
0.71913 0.30645
0.71943 0.30515
0.71972 0.30384
0.72002 0.30254
0.72031 0.30123
0.72059 0.29992
0.72088 0.29860
0.72117 0.29729
0.72145 0.29598
0.72174 0.29466
0.72202 0.29334
0.72230 0.29202
0.72258 0.29070
0.72285 0.28937
0.72313 0.28805
0.72340 0.28672
0.72368 0.28539
0.72395 0.28406
0.72422 0.28273
0.72448 0.28140
0.72475 0.28006
0.72502 0.27872
0.72528 0.27739
0.72554 0.27605
0.72580 0.27470
0.72606 0.27336
0.72632 0.27202
0.72658 0.27067
0.72683 0.26932
0.72708 0.26798
0.72734 0.26662
0.72759 0.26527
0.72784 0.26392
0.72808 0.26256
0.72833 0.26121
0.72857 0.25985
0.72882 0.25849
0.72906 0.25713
0.72930 0.25577
0.72954 0.25440
0.72977 0.25304
0.73001 0.25167
0.73025 0.25030
0.73048 0.24893
0.73071 0.24756
0.73094 0.24619
0.73117 0.24481
0.73140 0.24344
0.73162 0.24206
0.73185 0.24068
0.73207 0.23930
0.73229 0.23792
0.73251 0.23654
0.73273 0.23516
0.73295 0.23377
0.73316 0.23239
0.73338 0.23100
0.73359 0.22961
0.73380 0.22822
0.73401 0.22683
0.73422 0.22543
0.73442 0.22404
0.73463 0.22264
0.73483 0.22125
0.73504 0.21985
0.73524 0.21845
0.73544 0.21705
0.73564 0.21565
0.73583 0.21424
0.73603 0.21284
0.73622 0.21143
0.73642 0.21002
0.73661 0.20862
0.73680 0.20721
0.73699 0.20579
0.73718 0.20438
0.73736 0.20297
0.73755 0.20155
0.73773 0.20014
0.73791 0.19872
0.73809 0.19730
0.73827 0.19588
0.73845 0.19446
0.73862 0.19304
0.73880 0.19162
0.73897 0.19020
0.73914 0.18877
0.73931 0.18734
0.73948 0.18592
0.73965 0.18449
0.73982 0.18306
0.73998 0.18163
0.74015 0.18020
0.74031 0.17876
0.74047 0.17733
0.74063 0.17590
0.74079 0.17446
0.74094 0.17302
0.74110 0.17158
0.74125 0.17015
0.74141 0.16871
0.74156 0.16726
0.74171 0.16582
0.74186 0.16438
0.74200 0.16293
0.74215 0.16149
0.74229 0.16004
0.74244 0.15860
0.74258 0.15715
0.74272 0.15570
0.74286 0.15425
0.74299 0.15280
0.74313 0.15135
0.74327 0.14989
0.74340 0.14844
0.74353 0.14699
0.74366 0.14553
0.74379 0.14407
0.74392 0.14262
0.74405 0.14116
0.74417 0.13970
0.74430 0.13824
0.74442 0.13678
0.74454 0.13532
0.74466 0.13386
0.74478 0.13239
0.74490 0.13093
0.74501 0.12947
0.74513 0.12800
0.74524 0.12653
0.74535 0.12507
0.74546 0.12360
0.74557 0.12213
0.74568 0.12066
0.74578 0.11919
0.74589 0.11772
0.74599 0.11625
0.74610 0.11478
0.74620 0.11330
0.74630 0.11183
0.74640 0.11036
0.74649 0.10888
0.74659 0.10741
0.74668 0.10593
0.74678 0.10445
0.74687 0.10297
0.74696 0.10150
0.74705 0.10002
0.74713 0.09854
0.74722 0.09706
0.74731 0.09558
0.74739 0.09410
0.74747 0.09261
0.74755 0.09113
0.74763 0.08965
0.74771 0.08817
0.74779 0.08668
0.74786 0.08520
0.74794 0.08371
0.74801 0.08223
0.74808 0.08074
0.74815 0.07925
0.74822 0.07777
0.74829 0.07628
0.74836 0.07479
0.74842 0.07330
0.74849 0.07181
0.74855 0.07032
0.74861 0.06883
0.74867 0.06734
0.74873 0.06585
0.74879 0.06436
0.74884 0.06287
0.74890 0.06138
0.74895 0.05988
0.74900 0.05839
0.74905 0.05690
0.74910 0.05541
0.74915 0.05391
0.74920 0.05242
0.74924 0.05092
0.74929 0.04943
0.74933 0.04793
0.74937 0.04644
0.74941 0.04494
0.74945 0.04345
0.74949 0.04195
0.74952 0.04045
0.74956 0.03896
0.74959 0.03746
0.74962 0.03596
0.74965 0.03447
0.74968 0.03297
0.74971 0.03147
0.74974 0.02997
0.74976 0.02847
0.74979 0.02698
0.74981 0.02548
0.74983 0.02398
0.74985 0.02248
0.74987 0.02098
0.74989 0.01948
0.74991 0.01798
0.74992 0.01648
0.74993 0.01498
0.74995 0.01348
0.74996 0.01198
0.74997 0.01048
0.74998 0.00898
0.74998 0.00748
0.74999 0.00598
0.74999 0.00448
0.75000 0.00298
0.75000 0.00148
0.75000 -0.00002
