-0.25000 0.00000 0.00000 1.00000
-0.25000 0.00050 0.00187 1.00000
-0.25000 0.00100 0.00375 0.99999
-0.25000 0.00150 0.00562 0.99998
-0.24999 0.00200 0.00750 0.99997
-0.24999 0.00250 0.00937 0.99996
-0.24998 0.00300 0.01125 0.99994
-0.24998 0.00350 0.01312 0.99991
-0.24997 0.00400 0.01500 0.99989
-0.24996 0.00450 0.01687 0.99986
-0.24995 0.00500 0.01875 0.99982
-0.24994 0.00550 0.02062 0.99979
-0.24993 0.00600 0.02250 0.99975
-0.24992 0.00650 0.02437 0.99970
-0.24991 0.00700 0.02625 0.99966
-0.24989 0.00750 0.02812 0.99960
-0.24988 0.00800 0.03000 0.99955
-0.24986 0.00850 0.03187 0.99949
-0.24985 0.00900 0.03375 0.99943
-0.24983 0.00950 0.03562 0.99937
-0.24981 0.01000 0.03750 0.99930
-0.24979 0.01050 0.03937 0.99922
-0.24977 0.01100 0.04125 0.99915
-0.24975 0.01150 0.04312 0.99907
-0.24973 0.01200 0.04500 0.99899
-0.24971 0.01249 0.04687 0.99890
-0.24968 0.01299 0.04875 0.99881
-0.24966 0.01349 0.05062 0.99872
-0.24963 0.01399 0.05250 0.99862
-0.24961 0.01449 0.05437 0.99852
-0.24958 0.01499 0.05625 0.99842
-0.24955 0.01549 0.05812 0.99831
-0.24952 0.01599 0.05999 0.99820
-0.24949 0.01649 0.06187 0.99808
-0.24946 0.01699 0.06374 0.99797
-0.24943 0.01748 0.06562 0.99784
-0.24939 0.01798 0.06749 0.99772
-0.24936 0.01848 0.06937 0.99759
-0.24932 0.01898 0.07124 0.99746
-0.24929 0.01948 0.07311 0.99732
-0.24925 0.01998 0.07499 0.99718
-0.24921 0.02048 0.07686 0.99704
-0.24917 0.02097 0.07874 0.99690
-0.24913 0.02147 0.08061 0.99675
-0.24909 0.02197 0.08248 0.99659
-0.24905 0.02247 0.08436 0.99644
-0.24901 0.02297 0.08623 0.99628
-0.24897 0.02346 0.08811 0.99611
-0.24892 0.02396 0.08998 0.99594
-0.24888 0.02446 0.09185 0.99577
-0.24883 0.02496 0.09373 0.99560
-0.24878 0.02545 0.09560 0.99542
-0.24873 0.02595 0.09747 0.99524
-0.24868 0.02645 0.09935 0.99505
-0.24863 0.02694 0.10122 0.99486
-0.24858 0.02744 0.10309 0.99467
-0.24853 0.02794 0.10497 0.99448
-0.24848 0.02843 0.10684 0.99428
-0.24842 0.02893 0.10871 0.99407
-0.24837 0.02943 0.11059 0.99387
-0.24831 0.02992 0.11246 0.99366
-0.24826 0.03042 0.11433 0.99344
-0.24820 0.03092 0.11621 0.99323
-0.24814 0.03141 0.11808 0.99300
-0.24808 0.03191 0.11995 0.99278
-0.24802 0.03240 0.12182 0.99255
-0.24796 0.03290 0.12370 0.99232
-0.24790 0.03339 0.12557 0.99208
-0.24783 0.03389 0.12744 0.99185
-0.24777 0.03438 0.12931 0.99160
-0.24771 0.03488 0.13118 0.99136
-0.24764 0.03537 0.13306 0.99111
-0.24757 0.03587 0.13493 0.99086
-0.24751 0.03636 0.13680 0.99060
-0.24744 0.03686 0.13867 0.99034
-0.24737 0.03735 0.14054 0.99007
-0.24730 0.03784 0.14242 0.98981
-0.24722 0.03834 0.14429 0.98954
-0.24715 0.03883 0.14616 0.98926
-0.24708 0.03933 0.14803 0.98898
-0.24700 0.03982 0.14990 0.98870
-0.24693 0.04031 0.15177 0.98842
-0.24685 0.04081 0.15364 0.98813
-0.24678 0.04130 0.15551 0.98783
-0.24670 0.04179 0.15738 0.98754
-0.24662 0.04228 0.15925 0.98724
-0.24654 0.04278 0.16112 0.98693
-0.24646 0.04327 0.16299 0.98663
-0.24638 0.04376 0.16486 0.98632
-0.24629 0.04425 0.16673 0.98600
-0.24621 0.04474 0.16860 0.98568
-0.24613 0.04523 0.17047 0.98536
-0.24604 0.04573 0.17234 0.98504
-0.24595 0.04622 0.17421 0.98471
-0.24587 0.04671 0.17608 0.98438
-0.24578 0.04720 0.17795 0.98404
-0.24569 0.04769 0.17982 0.98370
-0.24560 0.04818 0.18169 0.98336
-0.24551 0.04867 0.18355 0.98301
-0.24542 0.04916 0.18542 0.98266
-0.24532 0.04965 0.18729 0.98230
-0.24523 0.05014 0.18916 0.98195
-0.24513 0.05063 0.19103 0.98158
-0.24504 0.05111 0.19289 0.98122
-0.24494 0.05160 0.19476 0.98085
-0.24485 0.05209 0.19663 0.98048
-0.24475 0.05258 0.19850 0.98010
-0.24465 0.05307 0.20036 0.97972
-0.24455 0.05356 0.20223 0.97934
-0.24445 0.05404 0.20409 0.97895
-0.24434 0.05453 0.20596 0.97856
-0.24424 0.05502 0.20783 0.97817
-0.24414 0.05550 0.20969 0.97777
-0.24403 0.05599 0.21156 0.97737
-0.24393 0.05648 0.21342 0.97696
-0.24382 0.05696 0.21529 0.97655
-0.24371 0.05745 0.21715 0.97614
-0.24360 0.05794 0.21902 0.97572
-0.24349 0.05842 0.22088 0.97530
-0.24338 0.05891 0.22275 0.97488
-0.24327 0.05939 0.22461 0.97445
-0.24316 0.05988 0.22647 0.97402
-0.24305 0.06036 0.22834 0.97358
-0.24293 0.06084 0.23020 0.97314
-0.24282 0.06133 0.23206 0.97270
-0.24270 0.06181 0.23392 0.97225
-0.24259 0.06230 0.23579 0.97180
-0.24247 0.06278 0.23765 0.97135
-0.24235 0.06326 0.23951 0.97089
-0.24223 0.06374 0.24137 0.97043
-0.24211 0.06423 0.24323 0.96997
-0.24199 0.06471 0.24509 0.96950
-0.24187 0.06519 0.24695 0.96903
-0.24174 0.06567 0.24881 0.96855
-0.24162 0.06615 0.25067 0.96807
-0.24149 0.06663 0.25253 0.96759
-0.24137 0.06711 0.25439 0.96710
-0.24124 0.06760 0.25625 0.96661
-0.24111 0.06808 0.25811 0.96612
-0.24098 0.06856 0.25997 0.96562
-0.24085 0.06903 0.26183 0.96511
-0.24072 0.06951 0.26368 0.96461
-0.24059 0.06999 0.26554 0.96410
-0.24046 0.07047 0.26740 0.96359
-0.24033 0.07095 0.26925 0.96307
-0.24019 0.07143 0.27111 0.96255
-0.24006 0.07191 0.27297 0.96202
-0.23992 0.07238 0.27482 0.96150
-0.23978 0.07286 0.27668 0.96096
-0.23965 0.07334 0.27853 0.96043
-0.23951 0.07381 0.28039 0.95989
-0.23937 0.07429 0.28224 0.95934
-0.23923 0.07477 0.28409 0.95880
-0.23909 0.07524 0.28595 0.95825
-0.23894 0.07572 0.28780 0.95769
-0.23880 0.07619 0.28965 0.95713
-0.23866 0.07667 0.29150 0.95657
-0.23851 0.07714 0.29335 0.95600
-0.23837 0.07762 0.29520 0.95543
-0.23822 0.07809 0.29706 0.95486
-0.23807 0.07856 0.29891 0.95428
-0.23792 0.07904 0.30075 0.95370
-0.23777 0.07951 0.30260 0.95312
-0.23762 0.07998 0.30445 0.95253
-0.23747 0.08045 0.30630 0.95193
-0.23732 0.08092 0.30815 0.95134
-0.23717 0.08140 0.31000 0.95074
-0.23701 0.08187 0.31184 0.95013
-0.23686 0.08234 0.31369 0.94953
-0.23670 0.08281 0.31553 0.94891
-0.23654 0.08328 0.31738 0.94830
-0.23639 0.08375 0.31922 0.94768
-0.23623 0.08422 0.32107 0.94706
-0.23607 0.08469 0.32291 0.94643
-0.23591 0.08515 0.32475 0.94580
-0.23575 0.08562 0.32660 0.94516
-0.23558 0.08609 0.32844 0.94453
-0.23542 0.08656 0.33028 0.94388
-0.23526 0.08702 0.33212 0.94324
-0.23509 0.08749 0.33396 0.94259
-0.23493 0.08796 0.33580 0.94193
-0.23476 0.08842 0.33764 0.94128
-0.23459 0.08889 0.33948 0.94061
-0.23442 0.08935 0.34131 0.93995
-0.23425 0.08982 0.34315 0.93928
-0.23408 0.09028 0.34499 0.93861
-0.23391 0.09075 0.34682 0.93793
-0.23374 0.09121 0.34866 0.93725
-0.23357 0.09168 0.35049 0.93657
-0.23339 0.09214 0.35233 0.93588
-0.23322 0.09260 0.35416 0.93518
-0.23304 0.09306 0.35599 0.93449
-0.23287 0.09353 0.35783 0.93379
-0.23269 0.09399 0.35966 0.93308
-0.23251 0.09445 0.36149 0.93238
-0.23233 0.09491 0.36332 0.93167
-0.23215 0.09537 0.36515 0.93095
-0.23197 0.09583 0.36697 0.93023
-0.23179 0.09629 0.36880 0.92951
-0.23161 0.09675 0.37063 0.92878
-0.23142 0.09721 0.37245 0.92805
-0.23124 0.09766 0.37428 0.92732
-0.23105 0.09812 0.37610 0.92658
-0.23087 0.09858 0.37793 0.92583
-0.23068 0.09904 0.37975 0.92509
-0.23049 0.09949 0.38157 0.92434
-0.23030 0.09995 0.38340 0.92358
-0.23011 0.10041 0.38522 0.92283
-0.22992 0.10086 0.38704 0.92206
-0.22973 0.10132 0.38886 0.92130
-0.22954 0.10177 0.39067 0.92053
-0.22935 0.10222 0.39249 0.91976
-0.22915 0.10268 0.39431 0.91898
-0.22896 0.10313 0.39612 0.91820
-0.22876 0.10358 0.39794 0.91741
-0.22856 0.10404 0.39975 0.91662
-0.22837 0.10449 0.40157 0.91583
-0.22817 0.10494 0.40338 0.91503
-0.22797 0.10539 0.40519 0.91423
-0.22777 0.10584 0.40700 0.91343
-0.22757 0.10629 0.40881 0.91262
-0.22737 0.10674 0.41062 0.91181
-0.22716 0.10719 0.41242 0.91099
-0.22696 0.10764 0.41423 0.91017
-0.22675 0.10809 0.41604 0.90935
-0.22655 0.10854 0.41784 0.90852
-0.22634 0.10898 0.41964 0.90769
-0.22614 0.10943 0.42145 0.90685
-0.22593 0.10988 0.42325 0.90601
-0.22572 0.11032 0.42505 0.90517
-0.22551 0.11077 0.42685 0.90432
-0.22530 0.11121 0.42865 0.90347
-0.22509 0.11166 0.43045 0.90262
-0.22487 0.11210 0.43224 0.90176
-0.22466 0.11255 0.43404 0.90089
-0.22445 0.11299 0.43583 0.90003
-0.22423 0.11343 0.43763 0.89916
-0.22402 0.11388 0.43942 0.89828
-0.22380 0.11432 0.44121 0.89740
-0.22358 0.11476 0.44300 0.89652
-0.22336 0.11520 0.44479 0.89564
-0.22314 0.11564 0.44658 0.89475
-0.22292 0.11608 0.44836 0.89385
-0.22270 0.11652 0.45015 0.89295
-0.22248 0.11696 0.45193 0.89205
-0.22226 0.11740 0.45371 0.89115
-0.22203 0.11784 0.45550 0.89024
-0.22181 0.11827 0.45728 0.88932
-0.22158 0.11871 0.45906 0.88841
-0.22136 0.11915 0.46084 0.88749
-0.22113 0.11958 0.46261 0.88656
-0.22090 0.12002 0.46439 0.88563
-0.22067 0.12046 0.46616 0.88470
-0.22044 0.12089 0.46794 0.88376
-0.22021 0.12132 0.46971 0.88282
-0.21998 0.12176 0.47148 0.88188
-0.21975 0.12219 0.47325 0.88093
-0.21952 0.12262 0.47502 0.87998
-0.21928 0.12306 0.47678 0.87902
-0.21905 0.12349 0.47855 0.87806
-0.21881 0.12392 0.48031 0.87710
-0.21858 0.12435 0.48208 0.87613
-0.21834 0.12478 0.48384 0.87516
-0.21810 0.12521 0.48560 0.87418
-0.21786 0.12564 0.48736 0.87320
-0.21762 0.12607 0.48911 0.87222
-0.21738 0.12650 0.49087 0.87123
-0.21714 0.12692 0.49262 0.87024
-0.21690 0.12735 0.49438 0.86925
-0.21666 0.12778 0.49613 0.86825
-0.21641 0.12820 0.49788 0.86725
-0.21617 0.12863 0.49963 0.86624
-0.21592 0.12905 0.50138 0.86523
-0.21567 0.12948 0.50312 0.86422
-0.21543 0.12990 0.50487 0.86320
-0.21518 0.13032 0.50661 0.86218
-0.21493 0.13075 0.50835 0.86115
-0.21468 0.13117 0.51009 0.86012
-0.21443 0.13159 0.51183 0.85909
-0.21418 0.13201 0.51356 0.85805
-0.21393 0.13243 0.51530 0.85701
-0.21367 0.13285 0.51703 0.85597
-0.21342 0.13327 0.51876 0.85492
-0.21316 0.13369 0.52049 0.85387
-0.21291 0.13411 0.52222 0.85281
-0.21265 0.13453 0.52395 0.85175
-0.21239 0.13494 0.52567 0.85069
-0.21214 0.13536 0.52740 0.84962
-0.21188 0.13578 0.52912 0.84855
-0.21162 0.13619 0.53084 0.84747
-0.21136 0.13661 0.53256 0.84639
-0.21110 0.13702 0.53428 0.84531
-0.21083 0.13744 0.53599 0.84422
-0.21057 0.13785 0.53770 0.84313
-0.21031 0.13826 0.53942 0.84204
-0.21004 0.13868 0.54113 0.84094
-0.20978 0.13909 0.54283 0.83984
-0.20951 0.13950 0.54454 0.83873
-0.20924 0.13991 0.54625 0.83762
-0.20897 0.14032 0.54795 0.83651
-0.20871 0.14073 0.54965 0.83540
-0.20844 0.14114 0.55135 0.83427
-0.20817 0.14155 0.55305 0.83315
-0.20789 0.14195 0.55474 0.83202
-0.20762 0.14236 0.55644 0.83089
-0.20735 0.14277 0.55813 0.82976
-0.20708 0.14317 0.55982 0.82862
-0.20680 0.14358 0.56151 0.82747
-0.20653 0.14398 0.56319 0.82633
-0.20625 0.14439 0.56488 0.82518
-0.20597 0.14479 0.56656 0.82402
-0.20570 0.14519 0.56824 0.82286
-0.20542 0.14560 0.56992 0.82170
-0.20514 0.14600 0.57159 0.82054
-0.20486 0.14640 0.57327 0.81937
-0.20458 0.14680 0.57494 0.81820
-0.20429 0.14720 0.57661 0.81702
-0.20401 0.14760 0.57828 0.81584
-0.20373 0.14800 0.57994 0.81466
-0.20344 0.14840 0.58161 0.81347
-0.20316 0.14879 0.58327 0.81228
-0.20287 0.14919 0.58493 0.81108
-0.20259 0.14959 0.58659 0.80988
-0.20230 0.14998 0.58825 0.80868
-0.20201 0.15038 0.58990 0.80748
-0.20172 0.15077 0.59155 0.80627
-0.20143 0.15117 0.59320 0.80506
-0.20114 0.15156 0.59485 0.80384
-0.20085 0.15195 0.59649 0.80262
-0.20056 0.15235 0.59814 0.80139
-0.20027 0.15274 0.59978 0.80017
-0.19997 0.15313 0.60142 0.79894
-0.19968 0.15352 0.60305 0.79770
-0.19938 0.15391 0.60469 0.79646
-0.19909 0.15430 0.60632 0.79522
-0.19879 0.15469 0.60795 0.79398
-0.19849 0.15507 0.60958 0.79273
-0.19820 0.15546 0.61120 0.79148
-0.19790 0.15585 0.61282 0.79022
-0.19760 0.15623 0.61444 0.78896
-0.19730 0.15662 0.61606 0.78770
-0.19699 0.15700 0.61768 0.78643
-0.19669 0.15739 0.61929 0.78516
-0.19639 0.15777 0.62090 0.78389
-0.19609 0.15815 0.62251 0.78261
-0.19578 0.15853 0.62412 0.78133
-0.19548 0.15892 0.62572 0.78005
-0.19517 0.15930 0.62733 0.77876
-0.19486 0.15968 0.62892 0.77747
-0.19456 0.16006 0.63052 0.77617
-0.19425 0.16043 0.63212 0.77487
-0.19394 0.16081 0.63371 0.77357
-0.19363 0.16119 0.63530 0.77227
-0.19332 0.16157 0.63688 0.77096
-0.19301 0.16194 0.63847 0.76965
-0.19269 0.16232 0.64005 0.76833
-0.19238 0.16269 0.64163 0.76701
-0.19207 0.16307 0.64321 0.76569
-0.19175 0.16344 0.64478 0.76437
-0.19144 0.16381 0.64636 0.76304
-0.19112 0.16419 0.64792 0.76170
-0.19080 0.16456 0.64949 0.76037
-0.19049 0.16493 0.65106 0.75903
-0.19017 0.16530 0.65262 0.75769
-0.18985 0.16567 0.65418 0.75634
-0.18953 0.16604 0.65573 0.75499
-0.18921 0.16641 0.65729 0.75364
-0.18889 0.16677 0.65884 0.75228
-0.18857 0.16714 0.66039 0.75092
-0.18824 0.16751 0.66193 0.74956
-0.18792 0.16787 0.66348 0.74820
-0.18760 0.16824 0.66502 0.74683
-0.18727 0.16860 0.66656 0.74546
-0.18694 0.16897 0.66809 0.74408
-0.18662 0.16933 0.66962 0.74270
-0.18629 0.16969 0.67115 0.74132
-0.18596 0.17005 0.67268 0.73993
-0.18563 0.17041 0.67420 0.73854
-0.18530 0.17077 0.67573 0.73715
-0.18497 0.17113 0.67724 0.73576
-0.18464 0.17149 0.67876 0.73436
-0.18431 0.17185 0.68027 0.73296
-0.18398 0.17221 0.68178 0.73155
-0.18365 0.17256 0.68329 0.73015
-0.18331 0.17292 0.68480 0.72873
-0.18298 0.17328 0.68630 0.72732
-0.18264 0.17363 0.68780 0.72590
-0.18231 0.17398 0.68929 0.72448
-0.18197 0.17434 0.69079 0.72306
-0.18163 0.17469 0.69228 0.72163
-0.18129 0.17504 0.69376 0.72020
-0.18096 0.17539 0.69525 0.71877
-0.18062 0.17574 0.69673 0.71733
-0.18028 0.17609 0.69821 0.71589
-0.17993 0.17644 0.69968 0.71445
-0.17959 0.17679 0.70116 0.71301
-0.17925 0.17714 0.70263 0.71156
-0.17891 0.17748 0.70409 0.71011
-0.17856 0.17783 0.70556 0.70865
-0.17822 0.17818 0.70702 0.70720
-0.17787 0.17852 0.70848 0.70573
-0.17753 0.17886 0.70993 0.70427
-0.17718 0.17921 0.71138 0.70280
-0.17683 0.17955 0.71283 0.70134
-0.17648 0.17989 0.71428 0.69986
-0.17613 0.18023 0.71572 0.69839
-0.17579 0.18057 0.71716 0.69691
-0.17543 0.18091 0.71860 0.69543
-0.17508 0.18125 0.72003 0.69394
-0.17473 0.18159 0.72146 0.69246
-0.17438 0.18193 0.72289 0.69097
-0.17403 0.18227 0.72431 0.68947
-0.17367 0.18260 0.72573 0.68798
-0.17332 0.18294 0.72715 0.68648
-0.17296 0.18327 0.72856 0.68498
-0.17261 0.18361 0.72997 0.68347
-0.17225 0.18394 0.73138 0.68197
-0.17189 0.18427 0.73279 0.68046
-0.17154 0.18460 0.73419 0.67894
-0.17118 0.18493 0.73559 0.67743
-0.17082 0.18526 0.73698 0.67591
-0.17046 0.18559 0.73838 0.67439
-0.17010 0.18592 0.73977 0.67286
-0.16973 0.18625 0.74115 0.67134
-0.16937 0.18658 0.74253 0.66981
-0.16901 0.18691 0.74391 0.66828
-0.16865 0.18723 0.74529 0.66674
-0.16828 0.18756 0.74666 0.66520
-0.16792 0.18788 0.74803 0.66366
-0.16755 0.18820 0.74940 0.66212
-0.16719 0.18853 0.75076 0.66058
-0.16682 0.18885 0.75212 0.65903
-0.16645 0.18917 0.75348 0.65748
-0.16608 0.18949 0.75483 0.65592
-0.16571 0.18981 0.75618 0.65437
-0.16534 0.19013 0.75752 0.65281
-0.16497 0.19045 0.75887 0.65125
-0.16460 0.19077 0.76021 0.64968
-0.16423 0.19108 0.76154 0.64811
-0.16386 0.19140 0.76288 0.64655
-0.16349 0.19171 0.76420 0.64497
-0.16311 0.19203 0.76553 0.64340
-0.16274 0.19234 0.76685 0.64182
-0.16236 0.19266 0.76817 0.64024
-0.16199 0.19297 0.76949 0.63866
-0.16161 0.19328 0.77080 0.63708
-0.16124 0.19359 0.77211 0.63549
-0.16086 0.19390 0.77341 0.63390
-0.16048 0.19421 0.77472 0.63231
-0.16010 0.19452 0.77601 0.63071
-0.15972 0.19483 0.77731 0.62912
-0.15934 0.19513 0.77860 0.62752
-0.15896 0.19544 0.77989 0.62592
-0.15858 0.19574 0.78117 0.62431
-0.15820 0.19605 0.78245 0.62271
-0.15782 0.19635 0.78373 0.62110
-0.15743 0.19666 0.78501 0.61949
-0.15705 0.19696 0.78628 0.61787
-0.15666 0.19726 0.78754 0.61626
-0.15628 0.19756 0.78881 0.61464
-0.15589 0.19786 0.79007 0.61302
-0.15551 0.19816 0.79132 0.61140
-0.15512 0.19846 0.79258 0.60977
-0.15473 0.19876 0.79383 0.60815
-0.15434 0.19905 0.79507 0.60652
-0.15396 0.19935 0.79631 0.60488
-0.15357 0.19964 0.79755 0.60325
-0.15318 0.19994 0.79879 0.60161
-0.15278 0.20023 0.80002 0.59998
-0.15239 0.20052 0.80125 0.59833
-0.15200 0.20082 0.80247 0.59669
-0.15161 0.20111 0.80369 0.59505
-0.15122 0.20140 0.80491 0.59340
-0.15082 0.20169 0.80612 0.59175
-0.15043 0.20198 0.80733 0.59010
-0.15003 0.20227 0.80854 0.58845
-0.14964 0.20255 0.80974 0.58679
-0.14924 0.20284 0.81094 0.58513
-0.14884 0.20313 0.81213 0.58347
-0.14844 0.20341 0.81332 0.58181
-0.14805 0.20369 0.81451 0.58015
-0.14765 0.20398 0.81570 0.57848
-0.14725 0.20426 0.81688 0.57681
-0.14685 0.20454 0.81805 0.57514
-0.14645 0.20482 0.81923 0.57347
-0.14605 0.20510 0.82040 0.57180
-0.14565 0.20538 0.82156 0.57012
-0.14524 0.20566 0.82272 0.56844
-0.14484 0.20594 0.82388 0.56676
-0.14444 0.20622 0.82504 0.56508
-0.14403 0.20649 0.82619 0.56340
-0.14363 0.20677 0.82733 0.56171
-0.14322 0.20704 0.82848 0.56002
-0.14282 0.20732 0.82962 0.55833
-0.14241 0.20759 0.83075 0.55664
-0.14200 0.20786 0.83189 0.55495
-0.14160 0.20813 0.83301 0.55325
-0.14119 0.20840 0.83414 0.55155
-0.14078 0.20867 0.83526 0.54986
-0.14037 0.20894 0.83638 0.54815
-0.13996 0.20921 0.83749 0.54645
-0.13955 0.20948 0.83860 0.54475
-0.13914 0.20974 0.83971 0.54304
-0.13873 0.21001 0.84081 0.54133
-0.13831 0.21027 0.84191 0.53962
-0.13790 0.21054 0.84300 0.53791
-0.13749 0.21080 0.84409 0.53620
-0.13707 0.21106 0.84518 0.53448
-0.13666 0.21133 0.84626 0.53277
-0.13624 0.21159 0.84734 0.53105
-0.13583 0.21185 0.84842 0.52933
-0.13541 0.21210 0.84949 0.52761
-0.13500 0.21236 0.85056 0.52588
-0.13458 0.21262 0.85162 0.52416
-0.13416 0.21288 0.85268 0.52243
-0.13374 0.21313 0.85374 0.52070
-0.13332 0.21339 0.85479 0.51897
-0.13290 0.21364 0.85584 0.51724
-0.13248 0.21390 0.85688 0.51551
-0.13206 0.21415 0.85793 0.51377
-0.13164 0.21440 0.85896 0.51204
-0.13122 0.21465 0.86000 0.51030
-0.13080 0.21490 0.86103 0.50856
-0.13038 0.21515 0.86205 0.50682
-0.12995 0.21540 0.86307 0.50508
-0.12953 0.21564 0.86409 0.50333
-0.12910 0.21589 0.86511 0.50159
-0.12868 0.21614 0.86612 0.49984
-0.12825 0.21638 0.86712 0.49809
-0.12783 0.21663 0.86813 0.49634
-0.12740 0.21687 0.86913 0.49459
-0.12697 0.21711 0.87012 0.49284
-0.12655 0.21735 0.87111 0.49108
-0.12612 0.21759 0.87210 0.48933
-0.12569 0.21783 0.87308 0.48757
-0.12526 0.21807 0.87406 0.48581
-0.12483 0.21831 0.87504 0.48405
-0.12440 0.21855 0.87601 0.48229
-0.12397 0.21878 0.87698 0.48053
-0.12354 0.21902 0.87794 0.47876
-0.12311 0.21926 0.87890 0.47700
-0.12268 0.21949 0.87986 0.47523
-0.12224 0.21972 0.88081 0.47346
-0.12181 0.21995 0.88176 0.47169
-0.12138 0.22019 0.88271 0.46992
-0.12094 0.22042 0.88365 0.46815
-0.12051 0.22065 0.88459 0.46638
-0.12007 0.22088 0.88552 0.46460
-0.11964 0.22110 0.88645 0.46283
-0.11920 0.22133 0.88737 0.46105
-0.11876 0.22156 0.88830 0.45927
-0.11833 0.22178 0.88921 0.45749
-0.11789 0.22201 0.89013 0.45571
-0.11745 0.22223 0.89104 0.45393
-0.11701 0.22245 0.89194 0.45215
-0.11657 0.22268 0.89285 0.45036
-0.11613 0.22290 0.89374 0.44858
-0.11569 0.22312 0.89464 0.44679
-0.11525 0.22334 0.89553 0.44500
-0.11481 0.22355 0.89642 0.44322
-0.11437 0.22377 0.89730 0.44143
-0.11393 0.22399 0.89818 0.43963
-0.11349 0.22421 0.89905 0.43784
-0.11304 0.22442 0.89992 0.43605
-0.11260 0.22463 0.90079 0.43426
-0.11216 0.22485 0.90165 0.43246
-0.11171 0.22506 0.90251 0.43066
-0.11127 0.22527 0.90337 0.42887
-0.11082 0.22548 0.90422 0.42707
-0.11038 0.22569 0.90507 0.42527
-0.10993 0.22590 0.90591 0.42347
-0.10948 0.22611 0.90675 0.42167
-0.10904 0.22632 0.90759 0.41986
-0.10859 0.22652 0.90842 0.41806
-0.10814 0.22673 0.90925 0.41626
-0.10769 0.22693 0.91007 0.41445
-0.10725 0.22714 0.91089 0.41264
-0.10680 0.22734 0.91171 0.41084
-0.10635 0.22754 0.91252 0.40903
-0.10590 0.22774 0.91333 0.40722
-0.10545 0.22795 0.91414 0.40541
-0.10499 0.22814 0.91494 0.40360
-0.10454 0.22834 0.91573 0.40178
-0.10409 0.22854 0.91653 0.39997
-0.10364 0.22874 0.91732 0.39816
-0.10319 0.22893 0.91810 0.39634
-0.10273 0.22913 0.91888 0.39453
-0.10228 0.22932 0.91966 0.39271
-0.10183 0.22952 0.92044 0.39089
-0.10137 0.22971 0.92121 0.38908
-0.10092 0.22990 0.92197 0.38726
-0.10046 0.23009 0.92273 0.38544
-0.10000 0.23028 0.92349 0.38362
-0.09955 0.23047 0.92425 0.38179
-0.09909 0.23066 0.92500 0.37997
-0.09863 0.23085 0.92574 0.37815
-0.09818 0.23103 0.92649 0.37633
-0.09772 0.23122 0.92723 0.37450
-0.09726 0.23140 0.92796 0.37268
-0.09680 0.23159 0.92869 0.37085
-0.09634 0.23177 0.92942 0.36902
-0.09588 0.23195 0.93014 0.36720
-0.09542 0.23213 0.93086 0.36537
-0.09496 0.23231 0.93158 0.36354
-0.09450 0.23249 0.93229 0.36171
-0.09404 0.23267 0.93300 0.35988
-0.09358 0.23285 0.93370 0.35805
-0.09312 0.23302 0.93440 0.35622
-0.09266 0.23320 0.93510 0.35438
-0.09219 0.23337 0.93579 0.35255
-0.09173 0.23355 0.93648 0.35072
-0.09127 0.23372 0.93717 0.34888
-0.09080 0.23389 0.93785 0.34705
-0.09034 0.23406 0.93853 0.34521
-0.08988 0.23423 0.93920 0.34337
-0.08941 0.23440 0.93987 0.34154
-0.08895 0.23457 0.94053 0.33970
-0.08848 0.23474 0.94120 0.33786
-0.08801 0.23491 0.94185 0.33602
-0.08755 0.23507 0.94251 0.33418
-0.08708 0.23524 0.94316 0.33234
-0.08661 0.23540 0.94381 0.33050
-0.08615 0.23556 0.94445 0.32866
-0.08568 0.23573 0.94509 0.32682
-0.08521 0.23589 0.94572 0.32498
-0.08474 0.23605 0.94635 0.32313
-0.08427 0.23621 0.94698 0.32129
-0.08380 0.23637 0.94760 0.31945
-0.08333 0.23652 0.94822 0.31760
-0.08286 0.23668 0.94884 0.31576
-0.08239 0.23684 0.94945 0.31391
-0.08192 0.23699 0.95006 0.31207
-0.08145 0.23715 0.95067 0.31022
-0.08098 0.23730 0.95127 0.30837
-0.08051 0.23745 0.95186 0.30652
-0.08004 0.23760 0.95246 0.30468
-0.07957 0.23775 0.95305 0.30283
-0.07909 0.23790 0.95363 0.30098
-0.07862 0.23805 0.95421 0.29913
-0.07815 0.23820 0.95479 0.29728
-0.07767 0.23835 0.95536 0.29543
-0.07720 0.23849 0.95594 0.29358
-0.07672 0.23864 0.95650 0.29173
-0.07625 0.23878 0.95706 0.28988
-0.07577 0.23893 0.95762 0.28802
-0.07530 0.23907 0.95818 0.28617
-0.07482 0.23921 0.95873 0.28432
-0.07435 0.23935 0.95928 0.28246
-0.07387 0.23949 0.95982 0.28061
-0.07340 0.23963 0.96036 0.27876
-0.07292 0.23977 0.96090 0.27690
-0.07244 0.23990 0.96143 0.27505
-0.07196 0.24004 0.96196 0.27319
-0.07149 0.24018 0.96248 0.27134
-0.07101 0.24031 0.96301 0.26948
-0.07053 0.24044 0.96352 0.26762
-0.07005 0.24058 0.96404 0.26577
-0.06957 0.24071 0.96455 0.26391
-0.06909 0.24084 0.96505 0.26205
-0.06861 0.24097 0.96556 0.26019
-0.06813 0.24110 0.96606 0.25834
-0.06765 0.24122 0.96655 0.25648
-0.06717 0.24135 0.96704 0.25462
-0.06669 0.24148 0.96753 0.25276
-0.06621 0.24160 0.96801 0.25090
-0.06573 0.24173 0.96849 0.24904
-0.06525 0.24185 0.96897 0.24718
-0.06477 0.24197 0.96944 0.24532
-0.06428 0.24209 0.96991 0.24346
-0.06380 0.24221 0.97038 0.24160
-0.06332 0.24233 0.97084 0.23974
-0.06284 0.24245 0.97130 0.23787
-0.06235 0.24257 0.97175 0.23601
-0.06187 0.24269 0.97220 0.23415
-0.06139 0.24280 0.97265 0.23229
-0.06090 0.24292 0.97309 0.23042
-0.06042 0.24303 0.97353 0.22856
-0.05993 0.24315 0.97396 0.22670
-0.05945 0.24326 0.97440 0.22484
-0.05896 0.24337 0.97482 0.22297
-0.05848 0.24348 0.97525 0.22111
-0.05799 0.24359 0.97567 0.21924
-0.05751 0.24370 0.97609 0.21738
-0.05702 0.24381 0.97650 0.21551
-0.05654 0.24391 0.97691 0.21365
-0.05605 0.24402 0.97732 0.21178
-0.05556 0.24412 0.97772 0.20992
-0.05508 0.24423 0.97812 0.20805
-0.05459 0.24433 0.97851 0.20619
-0.05410 0.24443 0.97890 0.20432
-0.05361 0.24453 0.97929 0.20245
-0.05313 0.24464 0.97968 0.20059
-0.05264 0.24473 0.98006 0.19872
-0.05215 0.24483 0.98043 0.19685
-0.05166 0.24493 0.98081 0.19499
-0.05117 0.24503 0.98118 0.19312
-0.05068 0.24512 0.98154 0.19125
-0.05020 0.24522 0.98190 0.18938
-0.04971 0.24531 0.98226 0.18752
-0.04922 0.24540 0.98262 0.18565
-0.04873 0.24550 0.98297 0.18378
-0.04824 0.24559 0.98331 0.18191
-0.04775 0.24568 0.98366 0.18004
-0.04726 0.24577 0.98400 0.17817
-0.04677 0.24586 0.98434 0.17631
-0.04628 0.24594 0.98467 0.17444
-0.04578 0.24603 0.98500 0.17257
-0.04529 0.24612 0.98532 0.17070
-0.04480 0.24620 0.98565 0.16883
-0.04431 0.24628 0.98596 0.16696
-0.04382 0.24637 0.98628 0.16509
-0.04333 0.24645 0.98659 0.16322
-0.04283 0.24653 0.98690 0.16135
-0.04234 0.24661 0.98720 0.15948
-0.04185 0.24669 0.98750 0.15761
-0.04136 0.24677 0.98780 0.15574
-0.04086 0.24684 0.98809 0.15387
-0.04037 0.24692 0.98838 0.15200
-0.03988 0.24700 0.98867 0.15013
-0.03939 0.24707 0.98895 0.14826
-0.03889 0.24714 0.98923 0.14638
-0.03840 0.24722 0.98950 0.14451
-0.03790 0.24729 0.98977 0.14264
-0.03741 0.24736 0.99004 0.14077
-0.03692 0.24743 0.99031 0.13890
-0.03642 0.24750 0.99057 0.13703
-0.03593 0.24756 0.99082 0.13516
-0.03543 0.24763 0.99108 0.13328
-0.03494 0.24770 0.99133 0.13141
-0.03444 0.24776 0.99157 0.12954
-0.03395 0.24783 0.99182 0.12767
-0.03345 0.24789 0.99206 0.12580
-0.03296 0.24795 0.99229 0.12392
-0.03246 0.24801 0.99252 0.12205
-0.03197 0.24807 0.99275 0.12018
-0.03147 0.24813 0.99298 0.11831
-0.03098 0.24819 0.99320 0.11643
-0.03048 0.24825 0.99342 0.11456
-0.02998 0.24831 0.99363 0.11269
-0.02949 0.24836 0.99384 0.11081
-0.02899 0.24842 0.99405 0.10894
-0.02849 0.24847 0.99425 0.10707
-0.02800 0.24852 0.99445 0.10519
-0.02750 0.24858 0.99465 0.10332
-0.02700 0.24863 0.99484 0.10145
-0.02651 0.24868 0.99503 0.09957
-0.02601 0.24873 0.99522 0.09770
-0.02551 0.24878 0.99540 0.09583
-0.02502 0.24882 0.99558 0.09395
-0.02452 0.24887 0.99575 0.09208
-0.02402 0.24892 0.99592 0.09021
-0.02352 0.24896 0.99609 0.08833
-0.02303 0.24900 0.99626 0.08646
-0.02253 0.24905 0.99642 0.08459
-0.02203 0.24909 0.99657 0.08271
-0.02153 0.24913 0.99673 0.08084
-0.02103 0.24917 0.99688 0.07896
-0.02054 0.24921 0.99702 0.07709
-0.02004 0.24925 0.99717 0.07522
-0.01954 0.24928 0.99731 0.07334
-0.01904 0.24932 0.99744 0.07147
-0.01854 0.24935 0.99758 0.06959
-0.01804 0.24939 0.99770 0.06772
-0.01755 0.24942 0.99783 0.06584
-0.01705 0.24945 0.99795 0.06397
-0.01655 0.24949 0.99807 0.06210
-0.01605 0.24952 0.99819 0.06022
-0.01555 0.24955 0.99830 0.05835
-0.01505 0.24957 0.99840 0.05647
-0.01455 0.24960 0.99851 0.05460
-0.01405 0.24963 0.99861 0.05272
-0.01355 0.24966 0.99871 0.05085
-0.01305 0.24968 0.99880 0.04897
-0.01255 0.24970 0.99889 0.04710
-0.01206 0.24973 0.99898 0.04522
-0.01156 0.24975 0.99906 0.04335
-0.01106 0.24977 0.99914 0.04148
-0.01056 0.24979 0.99922 0.03960
-0.01006 0.24981 0.99929 0.03773
-0.00956 0.24983 0.99936 0.03585
-0.00906 0.24985 0.99942 0.03398
-0.00856 0.24986 0.99948 0.03210
-0.00806 0.24988 0.99954 0.03023
-0.00756 0.24989 0.99960 0.02835
-0.00706 0.24991 0.99965 0.02648
-0.00656 0.24992 0.99970 0.02460
-0.00606 0.24993 0.99974 0.02273
-0.00556 0.24994 0.99978 0.02085
-0.00506 0.24995 0.99982 0.01898
-0.00456 0.24996 0.99985 0.01710
-0.00406 0.24997 0.99988 0.01523
-0.00356 0.24998 0.99991 0.01335
-0.00306 0.24998 0.99993 0.01148
-0.00256 0.24999 0.99995 0.00960
-0.00206 0.24999 0.99997 0.00773
-0.00156 0.25000 0.99998 0.00585
-0.00106 0.25000 0.99999 0.00398
-0.00056 0.25000 1.00000 0.00210
-0.00006 0.25000 1.00000 0.00023
0.00044 0.25000 1.00000 -0.00165
0.00094 0.25000 0.99999 -0.00352
0.00144 0.25000 0.99999 -0.00540
0.00194 0.24999 0.99997 -0.00727
0.00244 0.24999 0.99996 -0.00915
0.00294 0.24998 0.99994 -0.01102
0.00344 0.24998 0.99992 -0.01290
0.00394 0.24997 0.99989 -0.01477
0.00444 0.24996 0.99986 -0.01665
0.00494 0.24995 0.99983 -0.01852
0.00544 0.24994 0.99979 -0.02040
0.00594 0.24993 0.99975 -0.02227
0.00644 0.24992 0.99971 -0.02415
0.00694 0.24991 0.99966 -0.02602
0.00744 0.24990 0.99961 -0.02790
0.00794 0.24988 0.99956 -0.02977
0.00844 0.24987 0.99950 -0.03165
0.00894 0.24985 0.99944 -0.03352
0.00944 0.24983 0.99937 -0.03540
0.00994 0.24981 0.99931 -0.03727
0.01044 0.24980 0.99923 -0.03915
0.01094 0.24978 0.99916 -0.04102
0.01144 0.24975 0.99908 -0.04290
0.01193 0.24973 0.99900 -0.04477
0.01243 0.24971 0.99891 -0.04665
0.01293 0.24969 0.99882 -0.04852
0.01343 0.24966 0.99873 -0.05039
0.01393 0.24964 0.99863 -0.05227
0.01443 0.24961 0.99853 -0.05414
0.01493 0.24958 0.99843 -0.05602
0.01543 0.24955 0.99832 -0.05789
0.01593 0.24952 0.99821 -0.05977
0.01643 0.24949 0.99810 -0.06164
0.01693 0.24946 0.99798 -0.06352
0.01742 0.24943 0.99786 -0.06539
0.01792 0.24940 0.99774 -0.06726
0.01842 0.24936 0.99761 -0.06914
0.01892 0.24933 0.99748 -0.07101
0.01942 0.24929 0.99734 -0.07289
0.01992 0.24925 0.99720 -0.07476
0.02042 0.24922 0.99706 -0.07664
0.02091 0.24918 0.99691 -0.07851
0.02141 0.24914 0.99676 -0.08038
0.02191 0.24910 0.99661 -0.08226
0.02241 0.24906 0.99645 -0.08413
0.02291 0.24901 0.99629 -0.08601
0.02340 0.24897 0.99613 -0.08788
0.02390 0.24893 0.99596 -0.08975
0.02440 0.24888 0.99579 -0.09163
0.02490 0.24883 0.99562 -0.09350
0.02539 0.24879 0.99544 -0.09537
0.02589 0.24874 0.99526 -0.09725
0.02639 0.24869 0.99508 -0.09912
0.02688 0.24864 0.99489 -0.10099
0.02738 0.24859 0.99470 -0.10287
0.02788 0.24854 0.99450 -0.10474
0.02837 0.24848 0.99430 -0.10661
0.02887 0.24843 0.99410 -0.10849
0.02937 0.24838 0.99389 -0.11036
0.02986 0.24832 0.99368 -0.11223
0.03036 0.24826 0.99347 -0.11411
0.03086 0.24821 0.99325 -0.11598
0.03135 0.24815 0.99303 -0.11785
0.03185 0.24809 0.99281 -0.11972
0.03234 0.24803 0.99258 -0.12160
0.03284 0.24797 0.99235 -0.12347
0.03333 0.24791 0.99211 -0.12534
0.03383 0.24784 0.99188 -0.12721
0.03432 0.24778 0.99163 -0.12909
0.03482 0.24771 0.99139 -0.13096
0.03531 0.24765 0.99114 -0.13283
0.03581 0.24758 0.99089 -0.13470
0.03630 0.24751 0.99063 -0.13657
0.03680 0.24744 0.99037 -0.13845
0.03729 0.24738 0.99011 -0.14032
0.03779 0.24730 0.98984 -0.14219
0.03828 0.24723 0.98957 -0.14406
0.03877 0.24716 0.98929 -0.14593
0.03927 0.24709 0.98902 -0.14780
0.03976 0.24701 0.98874 -0.14967
0.04025 0.24694 0.98845 -0.15154
0.04075 0.24686 0.98816 -0.15341
0.04124 0.24679 0.98787 -0.15529
0.04173 0.24671 0.98757 -0.15716
0.04222 0.24663 0.98727 -0.15903
0.04272 0.24655 0.98697 -0.16090
0.04321 0.24647 0.98666 -0.16277
0.04370 0.24639 0.98635 -0.16464
0.04419 0.24630 0.98604 -0.16651
0.04468 0.24622 0.98572 -0.16838
0.04517 0.24614 0.98540 -0.17025
0.04567 0.24605 0.98508 -0.17212
0.04616 0.24596 0.98475 -0.17398
0.04665 0.24588 0.98442 -0.17585
0.04714 0.24579 0.98408 -0.17772
0.04763 0.24570 0.98374 -0.17959
0.04812 0.24561 0.98340 -0.18146
0.04861 0.24552 0.98305 -0.18333
0.04910 0.24543 0.98270 -0.18520
0.04959 0.24533 0.98235 -0.18706
0.05008 0.24524 0.98199 -0.18893
0.05057 0.24515 0.98163 -0.19080
0.05106 0.24505 0.98126 -0.19267
0.05154 0.24495 0.98090 -0.19453
0.05203 0.24486 0.98052 -0.19640
0.05252 0.24476 0.98015 -0.19827
0.05301 0.24466 0.97977 -0.20014
0.05350 0.24456 0.97939 -0.20200
0.05398 0.24446 0.97900 -0.20387
0.05447 0.24436 0.97861 -0.20573
0.05496 0.24425 0.97821 -0.20760
0.05545 0.24415 0.97782 -0.20947
0.05593 0.24404 0.97741 -0.21133
0.05642 0.24394 0.97701 -0.21320
0.05690 0.24383 0.97660 -0.21506
0.05739 0.24373 0.97619 -0.21693
0.05788 0.24362 0.97577 -0.21879
0.05836 0.24351 0.97535 -0.22066
0.05885 0.24340 0.97493 -0.22252
0.05933 0.24329 0.97450 -0.22438
0.05982 0.24317 0.97407 -0.22625
0.06030 0.24306 0.97364 -0.22811
0.06079 0.24295 0.97320 -0.22997
0.06127 0.24283 0.97275 -0.23184
0.06175 0.24272 0.97231 -0.23370
0.06224 0.24260 0.97186 -0.23556
0.06272 0.24248 0.97141 -0.23742
0.06320 0.24236 0.97095 -0.23929
0.06369 0.24224 0.97049 -0.24115
0.06417 0.24212 0.97002 -0.24301
0.06465 0.24200 0.96956 -0.24487
0.06513 0.24188 0.96908 -0.24673
0.06561 0.24176 0.96861 -0.24859
0.06609 0.24163 0.96813 -0.25045
0.06658 0.24151 0.96765 -0.25231
0.06706 0.24138 0.96716 -0.25417
0.06754 0.24126 0.96667 -0.25603
0.06802 0.24113 0.96618 -0.25789
0.06850 0.24100 0.96568 -0.25974
0.06898 0.24087 0.96518 -0.26160
0.06946 0.24074 0.96467 -0.26346
0.06994 0.24061 0.96416 -0.26532
0.07041 0.24048 0.96365 -0.26717
0.07089 0.24034 0.96313 -0.26903
0.07137 0.24021 0.96261 -0.27089
0.07185 0.24007 0.96209 -0.27274
0.07233 0.23994 0.96156 -0.27460
0.07280 0.23980 0.96103 -0.27645
0.07328 0.23966 0.96049 -0.27831
0.07376 0.23952 0.95995 -0.28016
0.07423 0.23939 0.95941 -0.28202
0.07471 0.23924 0.95886 -0.28387
0.07518 0.23910 0.95831 -0.28572
0.07566 0.23896 0.95776 -0.28757
0.07613 0.23882 0.95720 -0.28943
0.07661 0.23867 0.95664 -0.29128
0.07708 0.23853 0.95607 -0.29313
0.07756 0.23838 0.95550 -0.29498
0.07803 0.23824 0.95493 -0.29683
0.07850 0.23809 0.95435 -0.29868
0.07898 0.23794 0.95377 -0.30053
0.07945 0.23779 0.95319 -0.30238
0.07992 0.23764 0.95260 -0.30423
0.08040 0.23749 0.95201 -0.30608
0.08087 0.23734 0.95141 -0.30792
0.08134 0.23718 0.95081 -0.30977
0.08181 0.23703 0.95021 -0.31162
0.08228 0.23688 0.94960 -0.31346
0.08275 0.23672 0.94899 -0.31531
0.08322 0.23656 0.94837 -0.31716
0.08369 0.23641 0.94775 -0.31900
0.08416 0.23625 0.94713 -0.32084
0.08463 0.23609 0.94651 -0.32269
0.08510 0.23593 0.94588 -0.32453
0.08557 0.23577 0.94524 -0.32637
0.08603 0.23560 0.94460 -0.32821
0.08650 0.23544 0.94396 -0.33006
0.08697 0.23528 0.94332 -0.33190
0.08743 0.23511 0.94267 -0.33374
0.08790 0.23495 0.94201 -0.33558
0.08837 0.23478 0.94136 -0.33742
0.08883 0.23461 0.94069 -0.33925
0.08930 0.23444 0.94003 -0.34109
0.08976 0.23427 0.93936 -0.34293
0.09023 0.23410 0.93869 -0.34477
0.09069 0.23393 0.93801 -0.34660
0.09116 0.23376 0.93733 -0.34844
0.09162 0.23359 0.93665 -0.35027
0.09208 0.23342 0.93596 -0.35211
0.09255 0.23324 0.93527 -0.35394
0.09301 0.23307 0.93457 -0.35577
0.09347 0.23289 0.93387 -0.35760
0.09393 0.23271 0.93317 -0.35943
0.09439 0.23253 0.93246 -0.36127
0.09485 0.23235 0.93175 -0.36310
0.09531 0.23217 0.93104 -0.36492
0.09577 0.23199 0.93032 -0.36675
0.09623 0.23181 0.92960 -0.36858
0.09669 0.23163 0.92887 -0.37041
0.09715 0.23145 0.92814 -0.37223
0.09761 0.23126 0.92740 -0.37406
0.09807 0.23108 0.92667 -0.37588
0.09852 0.23089 0.92592 -0.37771
0.09898 0.23070 0.92518 -0.37953
0.09944 0.23052 0.92443 -0.38135
0.09989 0.23033 0.92368 -0.38318
0.10035 0.23014 0.92292 -0.38500
0.10081 0.22995 0.92216 -0.38682
0.10126 0.22976 0.92139 -0.38864
0.10172 0.22956 0.92062 -0.39045
0.10217 0.22937 0.91985 -0.39227
0.10262 0.22918 0.91907 -0.39409
0.10308 0.22898 0.91829 -0.39590
0.10353 0.22879 0.91751 -0.39772
0.10398 0.22859 0.91672 -0.39953
0.10443 0.22839 0.91593 -0.40135
0.10489 0.22819 0.91513 -0.40316
0.10534 0.22799 0.91433 -0.40497
0.10579 0.22779 0.91353 -0.40678
0.10624 0.22759 0.91272 -0.40859
0.10669 0.22739 0.91191 -0.41040
0.10714 0.22719 0.91109 -0.41221
0.10759 0.22698 0.91027 -0.41401
0.10803 0.22678 0.90945 -0.41582
0.10848 0.22657 0.90862 -0.41762
0.10893 0.22637 0.90779 -0.41943
0.10938 0.22616 0.90695 -0.42123
0.10982 0.22595 0.90612 -0.42303
0.11027 0.22574 0.90527 -0.42483
0.11072 0.22553 0.90443 -0.42663
0.11116 0.22532 0.90357 -0.42843
0.11161 0.22511 0.90272 -0.43023
0.11205 0.22490 0.90186 -0.43202
0.11249 0.22469 0.90100 -0.43382
0.11294 0.22447 0.90013 -0.43561
0.11338 0.22426 0.89926 -0.43741
0.11382 0.22404 0.89839 -0.43920
0.11426 0.22383 0.89751 -0.44099
0.11471 0.22361 0.89663 -0.44278
0.11515 0.22339 0.89574 -0.44457
0.11559 0.22317 0.89485 -0.44636
0.11603 0.22295 0.89396 -0.44815
0.11647 0.22273 0.89306 -0.44993
0.11691 0.22251 0.89216 -0.45172
0.11735 0.22228 0.89126 -0.45350
0.11778 0.22206 0.89035 -0.45528
0.11822 0.22184 0.88943 -0.45706
0.11866 0.22161 0.88852 -0.45884
0.11910 0.22139 0.88760 -0.46062
0.11953 0.22116 0.88667 -0.46240
0.11997 0.22093 0.88574 -0.46417
0.12040 0.22070 0.88481 -0.46595
0.12084 0.22047 0.88388 -0.46772
0.12127 0.22024 0.88294 -0.46949
0.12171 0.22001 0.88199 -0.47126
0.12214 0.21978 0.88104 -0.47303
0.12257 0.21955 0.88009 -0.47480
0.12300 0.21931 0.87914 -0.47657
0.12344 0.21908 0.87818 -0.47834
0.12387 0.21884 0.87721 -0.48010
0.12430 0.21861 0.87625 -0.48186
0.12473 0.21837 0.87528 -0.48362
0.12516 0.21813 0.87430 -0.48538
0.12559 0.21789 0.87332 -0.48714
0.12602 0.21765 0.87234 -0.48890
0.12644 0.21741 0.87135 -0.49066
0.12687 0.21717 0.87036 -0.49241
0.12730 0.21693 0.86937 -0.49417
0.12772 0.21668 0.86837 -0.49592
0.12815 0.21644 0.86737 -0.49767
0.12858 0.21620 0.86636 -0.49942
0.12900 0.21595 0.86535 -0.50116
0.12943 0.21570 0.86434 -0.50291
0.12985 0.21546 0.86332 -0.50465
0.13027 0.21521 0.86230 -0.50640
0.13070 0.21496 0.86128 -0.50814
0.13112 0.21471 0.86025 -0.50988
0.13154 0.21446 0.85921 -0.51162
0.13196 0.21421 0.85818 -0.51335
0.13238 0.21396 0.85714 -0.51509
0.13280 0.21370 0.85609 -0.51682
0.13322 0.21345 0.85504 -0.51855
0.13364 0.21319 0.85399 -0.52028
0.13406 0.21294 0.85294 -0.52201
0.13448 0.21268 0.85188 -0.52374
0.13489 0.21243 0.85081 -0.52547
0.13531 0.21217 0.84975 -0.52719
0.13573 0.21191 0.84868 -0.52891
0.13614 0.21165 0.84760 -0.53063
0.13656 0.21139 0.84652 -0.53235
0.13697 0.21113 0.84544 -0.53407
0.13739 0.21086 0.84436 -0.53578
0.13780 0.21060 0.84327 -0.53750
0.13821 0.21034 0.84217 -0.53921
0.13863 0.21007 0.84107 -0.54092
0.13904 0.20981 0.83997 -0.54263
0.13945 0.20954 0.83887 -0.54433
0.13986 0.20927 0.83776 -0.54604
0.14027 0.20901 0.83665 -0.54774
0.14068 0.20874 0.83553 -0.54944
0.14109 0.20847 0.83441 -0.55114
0.14150 0.20820 0.83329 -0.55284
0.14190 0.20793 0.83216 -0.55454
0.14231 0.20766 0.83103 -0.55623
0.14272 0.20738 0.82989 -0.55792
0.14312 0.20711 0.82875 -0.55961
0.14353 0.20683 0.82761 -0.56130
0.14393 0.20656 0.82647 -0.56299
0.14434 0.20628 0.82532 -0.56467
0.14474 0.20601 0.82416 -0.56635
0.14515 0.20573 0.82300 -0.56803
0.14555 0.20545 0.82184 -0.56971
0.14595 0.20517 0.82068 -0.57139
0.14635 0.20489 0.81951 -0.57306
0.14675 0.20461 0.81834 -0.57474
0.14715 0.20433 0.81716 -0.57641
0.14755 0.20405 0.81598 -0.57808
0.14795 0.20376 0.81480 -0.57974
0.14835 0.20348 0.81361 -0.58141
0.14875 0.20319 0.81242 -0.58307
0.14914 0.20291 0.81123 -0.58473
0.14954 0.20262 0.81003 -0.58639
0.14994 0.20234 0.80883 -0.58804
0.15033 0.20205 0.80762 -0.58970
0.15073 0.20176 0.80641 -0.59135
0.15112 0.20147 0.80520 -0.59300
0.15151 0.20118 0.80399 -0.59465
0.15191 0.20089 0.80277 -0.59629
0.15230 0.20060 0.80154 -0.59794
0.15269 0.20030 0.80032 -0.59958
0.15308 0.20001 0.79909 -0.60122
0.15347 0.19972 0.79785 -0.60285
0.15386 0.19942 0.79661 -0.60449
0.15425 0.19912 0.79537 -0.60612
0.15464 0.19883 0.79413 -0.60775
0.15503 0.19853 0.79288 -0.60938
0.15541 0.19823 0.79163 -0.61100
0.15580 0.19793 0.79037 -0.61263
0.15619 0.19763 0.78911 -0.61425
0.15657 0.19733 0.78785 -0.61587
0.15696 0.19703 0.78658 -0.61748
0.15734 0.19673 0.78531 -0.61910
0.15772 0.19643 0.78404 -0.62071
0.15811 0.19612 0.78276 -0.62232
0.15849 0.19582 0.78148 -0.62392
0.15887 0.19551 0.78020 -0.62553
0.15925 0.19521 0.77891 -0.62713
0.15963 0.19490 0.77762 -0.62873
0.16001 0.19459 0.77633 -0.63033
0.16039 0.19428 0.77503 -0.63192
0.16077 0.19398 0.77373 -0.63352
0.16114 0.19367 0.77243 -0.63511
0.16152 0.19335 0.77112 -0.63669
0.16190 0.19304 0.76981 -0.63828
0.16227 0.19273 0.76849 -0.63986
0.16265 0.19242 0.76717 -0.64144
0.16302 0.19210 0.76585 -0.64302
0.16340 0.19179 0.76453 -0.64459
0.16377 0.19148 0.76320 -0.64617
0.16414 0.19116 0.76187 -0.64773
0.16451 0.19084 0.76053 -0.64930
0.16488 0.19053 0.75919 -0.65087
0.16526 0.19021 0.75785 -0.65243
0.16562 0.18989 0.75650 -0.65399
0.16599 0.18957 0.75516 -0.65555
0.16636 0.18925 0.75380 -0.65710
0.16673 0.18893 0.75245 -0.65865
0.16710 0.18860 0.75109 -0.66020
0.16746 0.18828 0.74973 -0.66175
0.16783 0.18796 0.74836 -0.66329
0.16819 0.18763 0.74699 -0.66483
0.16856 0.18731 0.74562 -0.66637
0.16892 0.18698 0.74425 -0.66791
0.16928 0.18666 0.74287 -0.66944
0.16965 0.18633 0.74149 -0.67097
0.17001 0.18600 0.74010 -0.67250
0.17037 0.18567 0.73871 -0.67402
0.17073 0.18534 0.73732 -0.67554
0.17109 0.18501 0.73593 -0.67706
0.17145 0.18468 0.73453 -0.67858
0.17181 0.18435 0.73313 -0.68009
0.17216 0.18402 0.73172 -0.68160
0.17252 0.18369 0.73032 -0.68311
0.17288 0.18335 0.72891 -0.68461
0.17323 0.18302 0.72749 -0.68612
0.17359 0.18268 0.72607 -0.68762
0.17394 0.18235 0.72465 -0.68911
0.17429 0.18201 0.72323 -0.69061
0.17465 0.18167 0.72181 -0.69210
0.17500 0.18134 0.72038 -0.69358
0.17535 0.18100 0.71894 -0.69507
0.17570 0.18066 0.71751 -0.69655
0.17605 0.18032 0.71607 -0.69803
0.17640 0.17998 0.71463 -0.69951
0.17675 0.17963 0.71318 -0.70098
0.17710 0.17929 0.71173 -0.70245
0.17744 0.17895 0.71028 -0.70392
0.17779 0.17860 0.70883 -0.70538
0.17813 0.17826 0.70737 -0.70684
0.17848 0.17791 0.70591 -0.70830
0.17882 0.17757 0.70445 -0.70975
0.17917 0.17722 0.70298 -0.71121
0.17951 0.17687 0.70151 -0.71266
0.17985 0.17653 0.70004 -0.71410
0.18019 0.17618 0.69857 -0.71555
0.18053 0.17583 0.69709 -0.71699
0.18087 0.17548 0.69561 -0.71842
0.18121 0.17513 0.69412 -0.71986
0.18155 0.17477 0.69264 -0.72129
0.18189 0.17442 0.69115 -0.72271
0.18223 0.17407 0.68966 -0.72414
0.18256 0.17372 0.68816 -0.72556
0.18290 0.17336 0.68666 -0.72698
0.18323 0.17301 0.68516 -0.72839
0.18357 0.17265 0.68366 -0.72980
0.18390 0.17229 0.68215 -0.73121
0.18423 0.17194 0.68064 -0.73262
0.18456 0.17158 0.67913 -0.73402
0.18489 0.17122 0.67761 -0.73542
0.18522 0.17086 0.67609 -0.73682
0.18555 0.17050 0.67457 -0.73821
0.18588 0.17014 0.67305 -0.73960
0.18621 0.16978 0.67152 -0.74098
0.18654 0.16942 0.66999 -0.74237
0.18687 0.16905 0.66846 -0.74375
0.18719 0.16869 0.66693 -0.74512
0.18752 0.16833 0.66539 -0.74650
0.18784 0.16796 0.66385 -0.74787
0.18816 0.16760 0.66231 -0.74923
0.18849 0.16723 0.66076 -0.75060
0.18881 0.16686 0.65921 -0.75196
0.18913 0.16650 0.65766 -0.75331
0.18945 0.16613 0.65611 -0.75466
0.18977 0.16576 0.65455 -0.75601
0.19009 0.16539 0.65300 -0.75736
0.19041 0.16502 0.65143 -0.75870
0.19073 0.16465 0.64987 -0.76004
0.19104 0.16428 0.64830 -0.76138
0.19136 0.16391 0.64674 -0.76271
0.19168 0.16353 0.64516 -0.76404
0.19199 0.16316 0.64359 -0.76537
0.19230 0.16278 0.64201 -0.76669
0.19262 0.16241 0.64043 -0.76801
0.19293 0.16203 0.63885 -0.76933
0.19324 0.16166 0.63727 -0.77064
0.19355 0.16128 0.63568 -0.77195
0.19386 0.16090 0.63409 -0.77326
0.19417 0.16053 0.63250 -0.77456
0.19448 0.16015 0.63091 -0.77586
0.19479 0.15977 0.62931 -0.77715
0.19510 0.15939 0.62771 -0.77845
0.19540 0.15901 0.62611 -0.77973
0.19571 0.15863 0.62451 -0.78102
0.19601 0.15824 0.62290 -0.78230
0.19632 0.15786 0.62129 -0.78358
0.19662 0.15748 0.61968 -0.78485
0.19692 0.15710 0.61807 -0.78612
0.19722 0.15671 0.61645 -0.78739
0.19752 0.15633 0.61484 -0.78865
0.19782 0.15594 0.61322 -0.78992
0.19812 0.15555 0.61159 -0.79117
0.19842 0.15517 0.60997 -0.79243
0.19872 0.15478 0.60834 -0.79367
0.19902 0.15439 0.60671 -0.79492
0.19931 0.15400 0.60508 -0.79616
0.19961 0.15361 0.60345 -0.79740
0.19990 0.15322 0.60181 -0.79864
0.20020 0.15283 0.60017 -0.79987
0.20049 0.15244 0.59853 -0.80110
0.20078 0.15205 0.59689 -0.80232
0.20107 0.15166 0.59525 -0.80354
0.20136 0.15126 0.59360 -0.80476
0.20165 0.15087 0.59195 -0.80597
0.20194 0.15047 0.59030 -0.80718
0.20223 0.15008 0.58865 -0.80839
0.20252 0.14968 0.58699 -0.80959
0.20281 0.14929 0.58533 -0.81079
0.20309 0.14889 0.58367 -0.81199
0.20338 0.14849 0.58201 -0.81318
0.20366 0.14810 0.58035 -0.81437
0.20394 0.14770 0.57868 -0.81555
0.20423 0.14730 0.57701 -0.81673
0.20451 0.14690 0.57534 -0.81791
0.20479 0.14650 0.57367 -0.81908
0.20507 0.14610 0.57200 -0.82025
0.20535 0.14569 0.57032 -0.82142
0.20563 0.14529 0.56864 -0.82258
0.20591 0.14489 0.56697 -0.82374
0.20618 0.14449 0.56528 -0.82490
0.20646 0.14408 0.56360 -0.82605
0.20673 0.14368 0.56191 -0.82720
0.20701 0.14327 0.56023 -0.82834
0.20728 0.14287 0.55854 -0.82948
0.20756 0.14246 0.55685 -0.83062
0.20783 0.14205 0.55515 -0.83175
0.20810 0.14164 0.55346 -0.83288
0.20837 0.14124 0.55176 -0.83400
0.20864 0.14083 0.55006 -0.83512
0.20891 0.14042 0.54836 -0.83624
0.20918 0.14001 0.54666 -0.83736
0.20945 0.13960 0.54495 -0.83847
0.20971 0.13919 0.54325 -0.83957
0.20998 0.13878 0.54154 -0.84067
0.21024 0.13836 0.53983 -0.84177
0.21051 0.13795 0.53812 -0.84287
0.21077 0.13754 0.53641 -0.84396
0.21103 0.13712 0.53469 -0.84505
0.21129 0.13671 0.53298 -0.84613
0.21155 0.13629 0.53126 -0.84721
0.21181 0.13588 0.52954 -0.84829
0.21207 0.13546 0.52782 -0.84936
0.21233 0.13505 0.52609 -0.85043
0.21259 0.13463 0.52437 -0.85149
0.21285 0.13421 0.52264 -0.85255
0.21310 0.13379 0.52091 -0.85361
0.21336 0.13337 0.51918 -0.85466
0.21361 0.13295 0.51745 -0.85571
0.21386 0.13253 0.51572 -0.85676
0.21412 0.13211 0.51398 -0.85780
0.21437 0.13169 0.51225 -0.85884
0.21462 0.13127 0.51051 -0.85987
0.21487 0.13085 0.50877 -0.86090
0.21512 0.13043 0.50703 -0.86193
0.21537 0.13000 0.50529 -0.86295
0.21561 0.12958 0.50354 -0.86397
0.21586 0.12916 0.50180 -0.86498
0.21611 0.12873 0.50005 -0.86600
0.21635 0.12831 0.49830 -0.86700
0.21660 0.12788 0.49655 -0.86801
0.21684 0.12745 0.49480 -0.86901
0.21708 0.12703 0.49305 -0.87000
0.21732 0.12660 0.49129 -0.87099
0.21756 0.12617 0.48954 -0.87198
0.21780 0.12574 0.48778 -0.87297
0.21804 0.12531 0.48602 -0.87395
0.21828 0.12488 0.48426 -0.87492
0.21852 0.12445 0.48250 -0.87589
0.21876 0.12402 0.48074 -0.87686
0.21899 0.12359 0.47898 -0.87783
0.21923 0.12316 0.47721 -0.87879
0.21946 0.12273 0.47544 -0.87975
0.21969 0.12230 0.47368 -0.88070
0.21993 0.12186 0.47191 -0.88165
0.22016 0.12143 0.47014 -0.88259
0.22039 0.12100 0.46837 -0.88353
0.22062 0.12056 0.46659 -0.88447
0.22085 0.12013 0.46482 -0.88541
0.22108 0.11969 0.46304 -0.88634
0.22130 0.11925 0.46127 -0.88726
0.22153 0.11882 0.45949 -0.88818
0.22175 0.11838 0.45771 -0.88910
0.22198 0.11794 0.45593 -0.89002
0.22220 0.11751 0.45415 -0.89093
0.22243 0.11707 0.45236 -0.89183
0.22265 0.11663 0.45058 -0.89274
0.22287 0.11619 0.44879 -0.89363
0.22309 0.11575 0.44701 -0.89453
0.22331 0.11531 0.44522 -0.89542
0.22353 0.11487 0.44343 -0.89631
0.22375 0.11443 0.44164 -0.89719
0.22396 0.11398 0.43985 -0.89807
0.22418 0.11354 0.43806 -0.89895
0.22439 0.11310 0.43627 -0.89982
0.22461 0.11266 0.43447 -0.90069
0.22482 0.11221 0.43268 -0.90155
0.22503 0.11177 0.43088 -0.90241
0.22525 0.11132 0.42908 -0.90326
0.22546 0.11088 0.42729 -0.90412
0.22567 0.11043 0.42549 -0.90497
0.22588 0.10999 0.42369 -0.90581
0.22609 0.10954 0.42188 -0.90665
0.22629 0.10909 0.42008 -0.90749
0.22650 0.10864 0.41828 -0.90832
0.22670 0.10820 0.41647 -0.90915
0.22691 0.10775 0.41467 -0.90997
0.22711 0.10730 0.41286 -0.91079
0.22732 0.10685 0.41105 -0.91161
0.22752 0.10640 0.40925 -0.91242
0.22772 0.10595 0.40744 -0.91323
0.22792 0.10550 0.40563 -0.91404
0.22812 0.10505 0.40382 -0.91484
0.22832 0.10460 0.40200 -0.91564
0.22852 0.10415 0.40019 -0.91643
0.22871 0.10369 0.39838 -0.91722
0.22891 0.10324 0.39656 -0.91801
0.22911 0.10279 0.39475 -0.91879
0.22930 0.10233 0.39293 -0.91957
0.22949 0.10188 0.39111 -0.92034
0.22969 0.10143 0.38930 -0.92111
0.22988 0.10097 0.38748 -0.92188
0.23007 0.10052 0.38566 -0.92264
0.23026 0.10006 0.38384 -0.92340
0.23045 0.09960 0.38202 -0.92416
0.23064 0.09915 0.38019 -0.92491
0.23082 0.09869 0.37837 -0.92565
0.23101 0.09823 0.37655 -0.92640
0.23119 0.09778 0.37472 -0.92714
0.23138 0.09732 0.37290 -0.92787
0.23156 0.09686 0.37107 -0.92860
0.23175 0.09640 0.36924 -0.92933
0.23193 0.09594 0.36742 -0.93006
0.23211 0.09548 0.36559 -0.93078
0.23229 0.09502 0.36376 -0.93149
0.23247 0.09456 0.36193 -0.93221
0.23265 0.09410 0.36010 -0.93291
0.23282 0.09364 0.35827 -0.93362
0.23300 0.09318 0.35644 -0.93432
0.23318 0.09271 0.35460 -0.93502
0.23335 0.09225 0.35277 -0.93571
0.23353 0.09179 0.35094 -0.93640
0.23370 0.09132 0.34910 -0.93708
0.23387 0.09086 0.34727 -0.93777
0.23404 0.09040 0.34543 -0.93844
0.23421 0.08993 0.34360 -0.93912
0.23438 0.08947 0.34176 -0.93979
0.23455 0.08900 0.33992 -0.94045
0.23472 0.08854 0.33808 -0.94112
0.23489 0.08807 0.33624 -0.94177
0.23505 0.08760 0.33441 -0.94243
0.23522 0.08714 0.33257 -0.94308
0.23538 0.08667 0.33073 -0.94373
0.23554 0.08620 0.32888 -0.94437
0.23571 0.08574 0.32704 -0.94501
0.23587 0.08527 0.32520 -0.94565
0.23603 0.08480 0.32336 -0.94628
0.23619 0.08433 0.32151 -0.94690
0.23635 0.08386 0.31967 -0.94753
0.23651 0.08339 0.31783 -0.94815
0.23666 0.08292 0.31598 -0.94877
0.23682 0.08245 0.31414 -0.94938
0.23697 0.08198 0.31229 -0.94999
0.23713 0.08151 0.31044 -0.95059
0.23728 0.08104 0.30860 -0.95119
0.23743 0.08057 0.30675 -0.95179
0.23759 0.08009 0.30490 -0.95238
0.23774 0.07962 0.30305 -0.95297
0.23789 0.07915 0.30120 -0.95356
0.23804 0.07868 0.29935 -0.95414
0.23818 0.07820 0.29750 -0.95472
0.23833 0.07773 0.29565 -0.95530
0.23848 0.07726 0.29380 -0.95587
0.23862 0.07678 0.29195 -0.95643
0.23877 0.07631 0.29010 -0.95700
0.23891 0.07583 0.28825 -0.95756
0.23905 0.07536 0.28640 -0.95811
0.23919 0.07488 0.28454 -0.95866
0.23933 0.07441 0.28269 -0.95921
0.23947 0.07393 0.28084 -0.95976
0.23961 0.07345 0.27898 -0.96030
0.23975 0.07298 0.27713 -0.96083
0.23989 0.07250 0.27527 -0.96137
0.24002 0.07202 0.27342 -0.96190
0.24016 0.07154 0.27156 -0.96242
0.24029 0.07107 0.26970 -0.96294
0.24043 0.07059 0.26785 -0.96346
0.24056 0.07011 0.26599 -0.96398
0.24069 0.06963 0.26413 -0.96449
0.24082 0.06915 0.26228 -0.96499
0.24095 0.06867 0.26042 -0.96550
0.24108 0.06819 0.25856 -0.96599
0.24121 0.06771 0.25670 -0.96649
0.24134 0.06723 0.25484 -0.96698
0.24146 0.06675 0.25298 -0.96747
0.24159 0.06627 0.25112 -0.96795
0.24171 0.06579 0.24926 -0.96844
0.24184 0.06531 0.24740 -0.96891
0.24196 0.06483 0.24554 -0.96939
0.24208 0.06434 0.24368 -0.96985
0.24220 0.06386 0.24182 -0.97032
0.24232 0.06338 0.23996 -0.97078
0.24244 0.06290 0.23810 -0.97124
0.24256 0.06241 0.23624 -0.97170
0.24267 0.06193 0.23438 -0.97215
0.24279 0.06145 0.23251 -0.97259
0.24291 0.06096 0.23065 -0.97304
0.24302 0.06048 0.22879 -0.97348
0.24313 0.05999 0.22692 -0.97391
0.24325 0.05951 0.22506 -0.97434
0.24336 0.05902 0.22320 -0.97477
0.24347 0.05854 0.22133 -0.97520
0.24358 0.05805 0.21947 -0.97562
0.24369 0.05757 0.21760 -0.97604
0.24379 0.05708 0.21574 -0.97645
0.24390 0.05660 0.21387 -0.97686
0.24401 0.05611 0.21201 -0.97727
0.24411 0.05562 0.21014 -0.97767
0.24422 0.05514 0.20828 -0.97807
0.24432 0.05465 0.20641 -0.97847
0.24442 0.05416 0.20455 -0.97886
0.24452 0.05367 0.20268 -0.97924
0.24462 0.05319 0.20081 -0.97963
0.24472 0.05270 0.19895 -0.98001
0.24482 0.05221 0.19708 -0.98039
0.24492 0.05172 0.19521 -0.98076
0.24502 0.05123 0.19335 -0.98113
0.24511 0.05074 0.19148 -0.98150
0.24521 0.05025 0.18961 -0.98186
0.24530 0.04977 0.18774 -0.98222
0.24539 0.04928 0.18588 -0.98257
0.24549 0.04879 0.18401 -0.98292
0.24558 0.04830 0.18214 -0.98327
0.24567 0.04781 0.18027 -0.98362
0.24576 0.04732 0.17840 -0.98396
0.24585 0.04683 0.17653 -0.98429
0.24593 0.04633 0.17466 -0.98463
0.24602 0.04584 0.17279 -0.98496
0.24611 0.04535 0.17092 -0.98528
0.24619 0.04486 0.16906 -0.98561
0.24627 0.04437 0.16719 -0.98593
0.24636 0.04388 0.16532 -0.98624
0.24644 0.04339 0.16345 -0.98655
0.24652 0.04289 0.16158 -0.98686
0.24660 0.04240 0.15971 -0.98716
0.24668 0.04191 0.15784 -0.98747
0.24676 0.04142 0.15597 -0.98776
0.24683 0.04092 0.15409 -0.98806
0.24691 0.04043 0.15222 -0.98835
0.24699 0.03994 0.15035 -0.98863
0.24706 0.03945 0.14848 -0.98892
0.24713 0.03895 0.14661 -0.98919
0.24721 0.03846 0.14474 -0.98947
0.24728 0.03796 0.14287 -0.98974
0.24735 0.03747 0.14100 -0.99001
0.24742 0.03698 0.13913 -0.99027
0.24749 0.03648 0.13725 -0.99054
0.24756 0.03599 0.13538 -0.99079
0.24762 0.03549 0.13351 -0.99105
0.24769 0.03500 0.13164 -0.99130
0.24776 0.03450 0.12977 -0.99154
0.24782 0.03401 0.12789 -0.99179
0.24788 0.03351 0.12602 -0.99203
0.24795 0.03302 0.12415 -0.99226
0.24801 0.03252 0.12228 -0.99250
0.24807 0.03203 0.12040 -0.99272
0.24813 0.03153 0.11853 -0.99295
0.24819 0.03104 0.11666 -0.99317
0.24824 0.03054 0.11479 -0.99339
0.24830 0.03004 0.11291 -0.99360
0.24836 0.02955 0.11104 -0.99382
0.24841 0.02905 0.10917 -0.99402
0.24847 0.02855 0.10729 -0.99423
0.24852 0.02806 0.10542 -0.99443
0.24857 0.02756 0.10355 -0.99462
0.24862 0.02706 0.10168 -0.99482
0.24867 0.02657 0.09980 -0.99501
0.24872 0.02607 0.09793 -0.99519
0.24877 0.02557 0.09605 -0.99538
0.24882 0.02508 0.09418 -0.99556
0.24886 0.02458 0.09231 -0.99573
0.24891 0.02408 0.09043 -0.99590
0.24895 0.02358 0.08856 -0.99607
0.24900 0.02309 0.08669 -0.99624
0.24904 0.02259 0.08481 -0.99640
0.24908 0.02209 0.08294 -0.99655
0.24912 0.02159 0.08106 -0.99671
0.24916 0.02109 0.07919 -0.99686
0.24920 0.02060 0.07732 -0.99701
0.24924 0.02010 0.07544 -0.99715
0.24928 0.01960 0.07357 -0.99729
0.24931 0.01910 0.07169 -0.99743
0.24935 0.01860 0.06982 -0.99756
0.24938 0.01810 0.06795 -0.99769
0.24942 0.01761 0.06607 -0.99781
0.24945 0.01711 0.06420 -0.99794
0.24948 0.01661 0.06232 -0.99806
0.24951 0.01611 0.06045 -0.99817
0.24954 0.01561 0.05857 -0.99828
0.24957 0.01511 0.05670 -0.99839
0.24960 0.01461 0.05482 -0.99850
0.24963 0.01411 0.05295 -0.99860
0.24965 0.01361 0.05108 -0.99869
0.24968 0.01311 0.04920 -0.99879
0.24970 0.01262 0.04733 -0.99888
0.24972 0.01212 0.04545 -0.99897
0.24975 0.01162 0.04358 -0.99905
0.24977 0.01112 0.04170 -0.99913
0.24979 0.01062 0.03983 -0.99921
0.24981 0.01012 0.03795 -0.99928
0.24983 0.00962 0.03608 -0.99935
0.24984 0.00912 0.03420 -0.99941
0.24986 0.00862 0.03233 -0.99948
0.24988 0.00812 0.03045 -0.99954
0.24989 0.00762 0.02858 -0.99959
0.24990 0.00712 0.02670 -0.99964
0.24992 0.00662 0.02483 -0.99969
0.24993 0.00612 0.02295 -0.99974
0.24994 0.00562 0.02108 -0.99978
0.24995 0.00512 0.01920 -0.99982
0.24996 0.00462 0.01733 -0.99985
0.24997 0.00412 0.01545 -0.99988
0.24998 0.00362 0.01358 -0.99991
0.24998 0.00312 0.01170 -0.99993
0.24999 0.00262 0.00983 -0.99995
0.24999 0.00212 0.00795 -0.99997
0.25000 0.00162 0.00608 -0.99998
0.25000 0.00112 0.00420 -0.99999
0.25000 0.00062 0.00233 -1.00000
0.25000 0.00012 0.00045 -1.00000
0.25000 -0.00038 -0.00142 -1.00000
