-0.45000 0.00000
-0.45000 0.00090
-0.45000 0.00180
-0.44999 0.00270
-0.44999 0.00360
-0.44998 0.00450
-0.44997 0.00540
-0.44996 0.00630
-0.44995 0.00720
-0.44994 0.00810
-0.44993 0.00900
-0.44991 0.00990
-0.44990 0.01080
-0.44988 0.01170
-0.44986 0.01260
-0.44984 0.01350
-0.44982 0.01440
-0.44979 0.01530
-0.44977 0.01620
-0.44974 0.01710
-0.44971 0.01799
-0.44968 0.01889
-0.44965 0.01979
-0.44962 0.02069
-0.44959 0.02159
-0.44955 0.02249
-0.44951 0.02339
-0.44948 0.02429
-0.44944 0.02518
-0.44940 0.02608
-0.44935 0.02698
-0.44931 0.02788
-0.44927 0.02878
-0.44922 0.02967
-0.44917 0.03057
-0.44912 0.03147
-0.44907 0.03237
-0.44902 0.03326
-0.44896 0.03416
-0.44891 0.03506
-0.44885 0.03595
-0.44879 0.03685
-0.44873 0.03775
-0.44867 0.03864
-0.44861 0.03954
-0.44855 0.04043
-0.44848 0.04133
-0.44841 0.04223
-0.44835 0.04312
-0.44828 0.04402
-0.44821 0.04491
-0.44813 0.04580
-0.44806 0.04670
-0.44798 0.04759
-0.44791 0.04849
-0.44783 0.04938
-0.44775 0.05027
-0.44767 0.05117
-0.44759 0.05206
-0.44750 0.05295
-0.44742 0.05384
-0.44733 0.05474
-0.44724 0.05563
-0.44715 0.05652
-0.44706 0.05741
-0.44697 0.05830
-0.44687 0.05919
-0.44678 0.06008
-0.44668 0.06097
-0.44658 0.06186
-0.44648 0.06275
-0.44638 0.06364
-0.44628 0.06453
-0.44618 0.06542
-0.44607 0.06631
-0.44596 0.06720
-0.44585 0.06808
-0.44574 0.06897
-0.44563 0.06986
-0.44552 0.07075
-0.44541 0.07163
-0.44529 0.07252
-0.44517 0.07340
-0.44506 0.07429
-0.44494 0.07517
-0.44481 0.07606
-0.44469 0.07694
-0.44457 0.07783
-0.44444 0.07871
-0.44431 0.07959
-0.44419 0.08048
-0.44406 0.08136
-0.44392 0.08224
-0.44379 0.08312
-0.44366 0.08400
-0.44352 0.08488
-0.44339 0.08577
-0.44325 0.08665
-0.44311 0.08753
-0.44297 0.08840
-0.44282 0.08928
-0.44268 0.09016
-0.44253 0.09104
-0.44239 0.09192
-0.44224 0.09279
-0.44209 0.09367
-0.44194 0.09455
-0.44178 0.09542
-0.44163 0.09630
-0.44147 0.09717
-0.44132 0.09805
-0.44116 0.09892
-0.44100 0.09979
-0.44083 0.10067
-0.44067 0.10154
-0.44051 0.10241
-0.44034 0.10328
-0.44017 0.10415
-0.44001 0.10503
-0.43984 0.10590
-0.43966 0.10676
-0.43949 0.10763
-0.43932 0.10850
-0.43914 0.10937
-0.43896 0.11024
-0.43879 0.11110
-0.43860 0.11197
-0.43842 0.11284
-0.43824 0.11370
-0.43806 0.11457
-0.43787 0.11543
-0.43768 0.11630
-0.43749 0.11716
-0.43730 0.11802
-0.43711 0.11888
-0.43692 0.11975
-0.43672 0.12061
-0.43653 0.12147
-0.43633 0.12233
-0.43613 0.12319
-0.43593 0.12404
-0.43573 0.12490
-0.43553 0.12576
-0.43532 0.12662
-0.43512 0.12747
-0.43491 0.12833
-0.43470 0.12918
-0.43449 0.13004
-0.43428 0.13089
-0.43407 0.13175
-0.43385 0.13260
-0.43364 0.13345
-0.43342 0.13430
-0.43320 0.13515
-0.43298 0.13600
-0.43276 0.13685
-0.43253 0.13770
-0.43231 0.13855
-0.43208 0.13940
-0.43186 0.14025
-0.43163 0.14109
-0.43140 0.14194
-0.43116 0.14278
-0.43093 0.14363
-0.43070 0.14447
-0.43046 0.14531
-0.43022 0.14616
-0.42998 0.14700
-0.42974 0.14784
-0.42950 0.14868
-0.42926 0.14952
-0.42901 0.15036
-0.42877 0.15120
-0.42852 0.15203
-0.42827 0.15287
-0.42802 0.15371
-0.42777 0.15454
-0.42752 0.15538
-0.42726 0.15621
-0.42701 0.15705
-0.42675 0.15788
-0.42649 0.15871
-0.42623 0.15954
-0.42597 0.16037
-0.42570 0.16120
-0.42544 0.16203
-0.42517 0.16286
-0.42491 0.16369
-0.42464 0.16451
-0.42437 0.16534
-0.42409 0.16616
-0.42382 0.16699
-0.42355 0.16781
-0.42327 0.16863
-0.42299 0.16946
-0.42271 0.17028
-0.42243 0.17110
-0.42215 0.17192
-0.42187 0.17274
-0.42158 0.17355
-0.42130 0.17437
-0.42101 0.17519
-0.42072 0.17600
-0.42043 0.17682
-0.42014 0.17763
-0.41984 0.17845
-0.41955 0.17926
-0.41925 0.18007
-0.41896 0.18088
-0.41866 0.18169
-0.41836 0.18250
-0.41806 0.18331
-0.41775 0.18412
-0.41745 0.18492
-0.41714 0.18573
-0.41683 0.18654
-0.41652 0.18734
-0.41621 0.18814
-0.41590 0.18895
-0.41559 0.18975
-0.41527 0.19055
-0.41496 0.19135
-0.41464 0.19215
-0.41432 0.19295
-0.41400 0.19374
-0.41368 0.19454
-0.41336 0.19533
-0.41303 0.19613
-0.41271 0.19692
-0.41238 0.19772
-0.41205 0.19851
-0.41172 0.19930
-0.41139 0.20009
-0.41105 0.20088
-0.41072 0.20167
-0.41038 0.20246
-0.41005 0.20324
-0.40971 0.20403
-0.40937 0.20481
-0.40903 0.20560
-0.40868 0.20638
-0.40834 0.20716
-0.40799 0.20794
-0.40764 0.20872
-0.40730 0.20950
-0.40695 0.21028
-0.40659 0.21106
-0.40624 0.21183
-0.40589 0.21261
-0.40553 0.21338
-0.40517 0.21416
-0.40481 0.21493
-0.40445 0.21570
-0.40409 0.21647
-0.40373 0.21724
-0.40337 0.21801
-0.40300 0.21878
-0.40263 0.21955
-0.40226 0.22031
-0.40189 0.22108
-0.40152 0.22184
-0.40115 0.22261
-0.40078 0.22337
-0.40040 0.22413
-0.40002 0.22489
-0.39964 0.22565
-0.39926 0.22641
-0.39888 0.22716
-0.39850 0.22792
-0.39812 0.22867
-0.39773 0.22943
-0.39734 0.23018
-0.39696 0.23093
-0.39657 0.23168
-0.39617 0.23243
-0.39578 0.23318
-0.39539 0.23393
-0.39499 0.23468
-0.39460 0.23542
-0.39420 0.23617
-0.39380 0.23691
-0.39340 0.23766
-0.39299 0.23840
-0.39259 0.23914
-0.39218 0.23988
-0.39178 0.24062
-0.39137 0.24135
-0.39096 0.24209
-0.39055 0.24283
-0.39014 0.24356
-0.38972 0.24429
-0.38931 0.24503
-0.38889 0.24576
-0.38847 0.24649
-0.38805 0.24722
-0.38763 0.24795
-0.38721 0.24867
-0.38679 0.24940
-0.38636 0.25012
-0.38594 0.25085
-0.38551 0.25157
-0.38508 0.25229
-0.38465 0.25301
-0.38422 0.25373
-0.38379 0.25445
-0.38335 0.25517
-0.38291 0.25588
-0.38248 0.25660
-0.38204 0.25731
-0.38160 0.25803
-0.38116 0.25874
-0.38071 0.25945
-0.38027 0.26016
-0.37982 0.26087
-0.37938 0.26157
-0.37893 0.26228
-0.37848 0.26299
-0.37803 0.26369
-0.37757 0.26439
-0.37712 0.26509
-0.37666 0.26580
-0.37621 0.26650
-0.37575 0.26719
-0.37529 0.26789
-0.37483 0.26859
-0.37437 0.26928
-0.37390 0.26998
-0.37344 0.27067
-0.37297 0.27136
-0.37250 0.27205
-0.37203 0.27274
-0.37156 0.27343
-0.37109 0.27411
-0.37062 0.27480
-0.37014 0.27549
-0.36967 0.27617
-0.36919 0.27685
-0.36871 0.27753
-0.36823 0.27821
-0.36775 0.27889
-0.36726 0.27957
-0.36678 0.28025
-0.36629 0.28092
-0.36581 0.28160
-0.36532 0.28227
-0.36483 0.28294
-0.36434 0.28361
-0.36385 0.28428
-0.36335 0.28495
-0.36286 0.28562
-0.36236 0.28628
-0.36186 0.28695
-0.36136 0.28761
-0.36086 0.28827
-0.36036 0.28893
-0.35986 0.28959
-0.35935 0.29025
-0.35884 0.29091
-0.35834 0.29157
-0.35783 0.29222
-0.35732 0.29288
-0.35681 0.29353
-0.35629 0.29418
-0.35578 0.29483
-0.35526 0.29548
-0.35475 0.29613
-0.35423 0.29677
-0.35371 0.29742
-0.35319 0.29806
-0.35266 0.29871
-0.35214 0.29935
-0.35162 0.29999
-0.35109 0.30063
-0.35056 0.30127
-0.35003 0.30190
-0.34950 0.30254
-0.34897 0.30317
-0.34844 0.30381
-0.34790 0.30444
-0.34737 0.30507
-0.34683 0.30570
-0.34629 0.30633
-0.34575 0.30695
-0.34521 0.30758
-0.34467 0.30820
-0.34412 0.30883
-0.34358 0.30945
-0.34303 0.31007
-0.34248 0.31069
-0.34193 0.31131
-0.34138 0.31192
-0.34083 0.31254
-0.34028 0.31315
-0.33972 0.31377
-0.33917 0.31438
-0.33861 0.31499
-0.33805 0.31560
-0.33749 0.31621
-0.33693 0.31681
-0.33637 0.31742
-0.33581 0.31802
-0.33524 0.31863
-0.33467 0.31923
-0.33411 0.31983
-0.33354 0.32043
-0.33297 0.32103
-0.33240 0.32162
-0.33182 0.32222
-0.33125 0.32281
-0.33067 0.32341
-0.33010 0.32400
-0.32952 0.32459
-0.32894 0.32518
-0.32836 0.32576
-0.32778 0.32635
-0.32719 0.32694
-0.32661 0.32752
-0.32602 0.32810
-0.32544 0.32868
-0.32485 0.32926
-0.32426 0.32984
-0.32367 0.33042
-0.32308 0.33099
-0.32248 0.33157
-0.32189 0.33214
-0.32129 0.33272
-0.32069 0.33329
-0.32010 0.33386
-0.31950 0.33442
-0.31889 0.33499
-0.31829 0.33556
-0.31769 0.33612
-0.31708 0.33668
-0.31648 0.33724
-0.31587 0.33781
-0.31526 0.33836
-0.31465 0.33892
-0.31404 0.33948
-0.31343 0.34003
-0.31281 0.34059
-0.31220 0.34114
-0.31158 0.34169
-0.31096 0.34224
-0.31034 0.34279
-0.30972 0.34334
-0.30910 0.34388
-0.30848 0.34443
-0.30786 0.34497
-0.30723 0.34551
-0.30660 0.34605
-0.30598 0.34659
-0.30535 0.34713
-0.30472 0.34766
-0.30409 0.34820
-0.30345 0.34873
-0.30282 0.34927
-0.30218 0.34980
-0.30155 0.35033
-0.30091 0.35085
-0.30027 0.35138
-0.29963 0.35191
-0.29899 0.35243
-0.29835 0.35296
-0.29770 0.35348
-0.29706 0.35400
-0.29641 0.35452
-0.29577 0.35503
-0.29512 0.35555
-0.29447 0.35606
-0.29382 0.35658
-0.29316 0.35709
-0.29251 0.35760
-0.29186 0.35811
-0.29120 0.35862
-0.29054 0.35913
-0.28989 0.35963
-0.28923 0.36014
-0.28857 0.36064
-0.28790 0.36114
-0.28724 0.36164
-0.28658 0.36214
-0.28591 0.36264
-0.28524 0.36313
-0.28458 0.36363
-0.28391 0.36412
-0.28324 0.36461
-0.28257 0.36510
-0.28189 0.36559
-0.28122 0.36608
-0.28055 0.36657
-0.27987 0.36705
-0.27919 0.36753
-0.27851 0.36802
-0.27783 0.36850
-0.27715 0.36898
-0.27647 0.36945
-0.27579 0.36993
-0.27510 0.37041
-0.27442 0.37088
-0.27373 0.37135
-0.27304 0.37182
-0.27236 0.37229
-0.27167 0.37276
-0.27098 0.37323
-0.27028 0.37370
-0.26959 0.37416
-0.26890 0.37462
-0.26820 0.37509
-0.26750 0.37555
-0.26680 0.37600
-0.26611 0.37646
-0.26541 0.37692
-0.26470 0.37737
-0.26400 0.37783
-0.26330 0.37828
-0.26259 0.37873
-0.26189 0.37918
-0.26118 0.37963
-0.26047 0.38007
-0.25976 0.38052
-0.25905 0.38096
-0.25834 0.38140
-0.25763 0.38184
-0.25692 0.38228
-0.25620 0.38272
-0.25549 0.38316
-0.25477 0.38359
-0.25405 0.38403
-0.25333 0.38446
-0.25261 0.38489
-0.25189 0.38532
-0.25117 0.38575
-0.25044 0.38618
-0.24972 0.38660
-0.24900 0.38702
-0.24827 0.38745
-0.24754 0.38787
-0.24681 0.38829
-0.24608 0.38871
-0.24535 0.38912
-0.24462 0.38954
-0.24389 0.38995
-0.24315 0.39037
-0.24242 0.39078
-0.24168 0.39119
-0.24094 0.39160
-0.24021 0.39200
-0.23947 0.39241
-0.23873 0.39282
-0.23798 0.39322
-0.23724 0.39362
-0.23650 0.39402
-0.23575 0.39442
-0.23501 0.39482
-0.23426 0.39521
-0.23351 0.39561
-0.23277 0.39600
-0.23202 0.39639
-0.23127 0.39678
-0.23051 0.39717
-0.22976 0.39756
-0.22901 0.39795
-0.22825 0.39833
-0.22750 0.39871
-0.22674 0.39910
-0.22598 0.39948
-0.22522 0.39986
-0.22447 0.40023
-0.22370 0.40061
-0.22294 0.40098
-0.22218 0.40136
-0.22142 0.40173
-0.22065 0.40210
-0.21989 0.40247
-0.21912 0.40284
-0.21835 0.40320
-0.21758 0.40357
-0.21681 0.40393
-0.21604 0.40429
-0.21527 0.40466
-0.21450 0.40501
-0.21373 0.40537
-0.21295 0.40573
-0.21218 0.40608
-0.21140 0.40644
-0.21063 0.40679
-0.20985 0.40714
-0.20907 0.40749
-0.20829 0.40784
-0.20751 0.40818
-0.20673 0.40853
-0.20594 0.40887
-0.20516 0.40922
-0.20438 0.40956
-0.20359 0.40990
-0.20280 0.41023
-0.20202 0.41057
-0.20123 0.41091
-0.20044 0.41124
-0.19965 0.41157
-0.19886 0.41190
-0.19807 0.41223
-0.19727 0.41256
-0.19648 0.41289
-0.19569 0.41321
-0.19489 0.41354
-0.19410 0.41386
-0.19330 0.41418
-0.19250 0.41450
-0.19170 0.41482
-0.19090 0.41513
-0.19010 0.41545
-0.18930 0.41576
-0.18850 0.41608
-0.18770 0.41639
-0.18689 0.41670
-0.18609 0.41701
-0.18528 0.41731
-0.18448 0.41762
-0.18367 0.41792
-0.18286 0.41822
-0.18205 0.41852
-0.18124 0.41882
-0.18043 0.41912
-0.17962 0.41942
-0.17881 0.41971
-0.17799 0.42001
-0.17718 0.42030
-0.17637 0.42059
-0.17555 0.42088
-0.17473 0.42117
-0.17392 0.42146
-0.17310 0.42174
-0.17228 0.42203
-0.17146 0.42231
-0.17064 0.42259
-0.16982 0.42287
-0.16900 0.42315
-0.16818 0.42342
-0.16735 0.42370
-0.16653 0.42397
-0.16570 0.42425
-0.16488 0.42452
-0.16405 0.42479
-0.16322 0.42505
-0.16240 0.42532
-0.16157 0.42559
-0.16074 0.42585
-0.15991 0.42611
-0.15908 0.42637
-0.15825 0.42663
-0.15741 0.42689
-0.15658 0.42715
-0.15575 0.42740
-0.15491 0.42766
-0.15408 0.42791
-0.15324 0.42816
-0.15241 0.42841
-0.15157 0.42866
-0.15073 0.42891
-0.14989 0.42915
-0.14905 0.42939
-0.14821 0.42964
-0.14737 0.42988
-0.14653 0.43012
-0.14569 0.43036
-0.14485 0.43059
-0.14400 0.43083
-0.14316 0.43106
-0.14231 0.43129
-0.14147 0.43152
-0.14062 0.43175
-0.13977 0.43198
-0.13893 0.43221
-0.13808 0.43243
-0.13723 0.43266
-0.13638 0.43288
-0.13553 0.43310
-0.13468 0.43332
-0.13383 0.43354
-0.13298 0.43376
-0.13212 0.43397
-0.13127 0.43418
-0.13042 0.43440
-0.12956 0.43461
-0.12871 0.43482
-0.12785 0.43503
-0.12700 0.43523
-0.12614 0.43544
-0.12528 0.43564
-0.12443 0.43584
-0.12357 0.43604
-0.12271 0.43624
-0.12185 0.43644
-0.12099 0.43664
-0.12013 0.43683
-0.11927 0.43703
-0.11840 0.43722
-0.11754 0.43741
-0.11668 0.43760
-0.11581 0.43779
-0.11495 0.43797
-0.11409 0.43816
-0.11322 0.43834
-0.11236 0.43852
-0.11149 0.43871
-0.11062 0.43888
-0.10975 0.43906
-0.10889 0.43924
-0.10802 0.43941
-0.10715 0.43959
-0.10628 0.43976
-0.10541 0.43993
-0.10454 0.44010
-0.10367 0.44027
-0.10280 0.44043
-0.10193 0.44060
-0.10105 0.44076
-0.10018 0.44093
-0.09931 0.44109
-0.09843 0.44125
-0.09756 0.44140
-0.09669 0.44156
-0.09581 0.44171
-0.09493 0.44187
-0.09406 0.44202
-0.09318 0.44217
-0.09231 0.44232
-0.09143 0.44247
-0.09055 0.44261
-0.08967 0.44276
-0.08879 0.44290
-0.08791 0.44304
-0.08704 0.44318
-0.08616 0.44332
-0.08528 0.44346
-0.08439 0.44360
-0.08351 0.44373
-0.08263 0.44387
-0.08175 0.44400
-0.08087 0.44413
-0.07999 0.44426
-0.07910 0.44439
-0.07822 0.44451
-0.07733 0.44464
-0.07645 0.44476
-0.07557 0.44488
-0.07468 0.44500
-0.07380 0.44512
-0.07291 0.44524
-0.07202 0.44536
-0.07114 0.44547
-0.07025 0.44558
-0.06936 0.44570
-0.06848 0.44581
-0.06759 0.44591
-0.06670 0.44602
-0.06581 0.44613
-0.06493 0.44623
-0.06404 0.44634
-0.06315 0.44644
-0.06226 0.44654
-0.06137 0.44664
-0.06048 0.44674
-0.05959 0.44683
-0.05870 0.44693
-0.05781 0.44702
-0.05692 0.44711
-0.05602 0.44720
-0.05513 0.44729
-0.05424 0.44738
-0.05335 0.44746
-0.05246 0.44755
-0.05156 0.44763
-0.05067 0.44771
-0.04978 0.44779
-0.04888 0.44787
-0.04799 0.44795
-0.04709 0.44803
-0.04620 0.44810
-0.04531 0.44817
-0.04441 0.44825
-0.04352 0.44832
-0.04262 0.44838
-0.04173 0.44845
-0.04083 0.44852
-0.03994 0.44858
-0.03904 0.44865
-0.03814 0.44871
-0.03725 0.44877
-0.03635 0.44883
-0.03545 0.44888
-0.03456 0.44894
-0.03366 0.44899
-0.03276 0.44905
-0.03187 0.44910
-0.03097 0.44915
-0.03007 0.44920
-0.02917 0.44924
-0.02828 0.44929
-0.02738 0.44933
-0.02648 0.44938
-0.02558 0.44942
-0.02468 0.44946
-0.02379 0.44950
-0.02289 0.44954
-0.02199 0.44957
-0.02109 0.44961
-0.02019 0.44964
-0.01929 0.44967
-0.01839 0.44970
-0.01749 0.44973
-0.01659 0.44976
-0.01569 0.44978
-0.01480 0.44981
-0.01390 0.44983
-0.01300 0.44985
-0.01210 0.44987
-0.01120 0.44989
-0.01030 0.44991
-0.00940 0.44992
-0.00850 0.44994
-0.00760 0.44995
-0.00670 0.44996
-0.00580 0.44997
-0.00490 0.44998
-0.00400 0.44999
-0.00310 0.44999
-0.00220 0.45000
-0.00130 0.45000
-0.00040 0.45000
0.00050 0.45000
0.00140 0.45000
0.00230 0.45000
0.00320 0.44999
0.00410 0.44999
0.00500 0.44998
0.00590 0.44997
0.00680 0.44996
0.00770 0.44995
0.00860 0.44993
0.00950 0.44992
0.01040 0.44990
0.01130 0.44989
0.01220 0.44987
0.01310 0.44985
0.01400 0.44983
0.01490 0.44980
0.01580 0.44978
0.01670 0.44975
0.01760 0.44973
0.01849 0.44970
0.01939 0.44967
0.02029 0.44963
0.02119 0.44960
0.02209 0.44957
0.02299 0.44953
0.02389 0.44949
0.02479 0.44945
0.02568 0.44941
0.02658 0.44937
0.02748 0.44933
0.02838 0.44929
0.02928 0.44924
0.03017 0.44919
0.03107 0.44914
0.03197 0.44909
0.03287 0.44904
0.03376 0.44899
0.03466 0.44893
0.03556 0.44888
0.03645 0.44882
0.03735 0.44876
0.03825 0.44870
0.03914 0.44864
0.04004 0.44858
0.04093 0.44851
0.04183 0.44844
0.04272 0.44838
0.04362 0.44831
0.04451 0.44824
0.04541 0.44817
0.04630 0.44809
0.04720 0.44802
0.04809 0.44794
0.04898 0.44786
0.04988 0.44778
0.05077 0.44770
0.05166 0.44762
0.05256 0.44754
0.05345 0.44745
0.05434 0.44737
0.05523 0.44728
0.05613 0.44719
0.05702 0.44710
0.05791 0.44701
0.05880 0.44692
0.05969 0.44682
0.06058 0.44672
0.06147 0.44663
0.06236 0.44653
0.06325 0.44643
0.06414 0.44632
0.06503 0.44622
0.06592 0.44612
0.06680 0.44601
0.06769 0.44590
0.06858 0.44579
0.06947 0.44568
0.07035 0.44557
0.07124 0.44546
0.07213 0.44534
0.07301 0.44523
0.07390 0.44511
0.07478 0.44499
0.07567 0.44487
0.07655 0.44475
0.07744 0.44462
0.07832 0.44450
0.07920 0.44437
0.08009 0.44424
0.08097 0.44411
0.08185 0.44398
0.08273 0.44385
0.08361 0.44372
0.08449 0.44358
0.08538 0.44345
0.08626 0.44331
0.08714 0.44317
0.08801 0.44303
0.08889 0.44289
0.08977 0.44274
0.09065 0.44260
0.09153 0.44245
0.09241 0.44230
0.09328 0.44215
0.09416 0.44200
0.09503 0.44185
0.09591 0.44170
0.09679 0.44154
0.09766 0.44138
0.09853 0.44123
0.09941 0.44107
0.10028 0.44091
0.10115 0.44074
0.10203 0.44058
0.10290 0.44042
0.10377 0.44025
0.10464 0.44008
0.10551 0.43991
0.10638 0.43974
0.10725 0.43957
0.10812 0.43939
0.10899 0.43922
0.10985 0.43904
0.11072 0.43886
0.11159 0.43868
0.11245 0.43850
0.11332 0.43832
0.11418 0.43814
0.11505 0.43795
0.11591 0.43777
0.11678 0.43758
0.11764 0.43739
0.11850 0.43720
0.11936 0.43700
0.12022 0.43681
0.12109 0.43662
0.12195 0.43642
0.12281 0.43622
0.12366 0.43602
0.12452 0.43582
0.12538 0.43562
0.12624 0.43541
0.12709 0.43521
0.12795 0.43500
0.12881 0.43479
0.12966 0.43458
0.13052 0.43437
0.13137 0.43416
0.13222 0.43395
0.13307 0.43373
0.13393 0.43351
0.13478 0.43330
0.13563 0.43308
0.13648 0.43286
0.13733 0.43263
0.13818 0.43241
0.13902 0.43218
0.13987 0.43196
0.14072 0.43173
0.14156 0.43150
0.14241 0.43127
0.14325 0.43103
0.14410 0.43080
0.14494 0.43057
0.14578 0.43033
0.14663 0.43009
0.14747 0.42985
0.14831 0.42961
0.14915 0.42937
0.14999 0.42912
0.15083 0.42888
0.15166 0.42863
0.15250 0.42838
0.15334 0.42813
0.15417 0.42788
0.15501 0.42763
0.15584 0.42737
0.15668 0.42712
0.15751 0.42686
0.15834 0.42660
0.15917 0.42634
0.16000 0.42608
0.16083 0.42582
0.16166 0.42556
0.16249 0.42529
0.16332 0.42502
0.16415 0.42476
0.16497 0.42449
0.16580 0.42421
0.16662 0.42394
0.16745 0.42367
0.16827 0.42339
0.16909 0.42312
0.16991 0.42284
0.17073 0.42256
0.17155 0.42228
0.17237 0.42199
0.17319 0.42171
0.17401 0.42142
0.17483 0.42114
0.17564 0.42085
0.17646 0.42056
0.17727 0.42027
0.17809 0.41998
0.17890 0.41968
0.17971 0.41939
0.18052 0.41909
0.18133 0.41879
0.18214 0.41849
0.18295 0.41819
0.18376 0.41789
0.18457 0.41758
0.18537 0.41728
0.18618 0.41697
0.18698 0.41666
0.18779 0.41635
0.18859 0.41604
0.18939 0.41573
0.19019 0.41541
0.19099 0.41510
0.19179 0.41478
0.19259 0.41446
0.19339 0.41414
0.19419 0.41382
0.19498 0.41350
0.19578 0.41318
0.19657 0.41285
0.19736 0.41252
0.19816 0.41220
0.19895 0.41187
0.19974 0.41153
0.20053 0.41120
0.20132 0.41087
0.20211 0.41053
0.20289 0.41020
0.20368 0.40986
0.20446 0.40952
0.20525 0.40918
0.20603 0.40883
0.20682 0.40849
0.20760 0.40815
0.20838 0.40780
0.20916 0.40745
0.20994 0.40710
0.21071 0.40675
0.21149 0.40640
0.21227 0.40604
0.21304 0.40569
0.21382 0.40533
0.21459 0.40497
0.21536 0.40461
0.21613 0.40425
0.21690 0.40389
0.21767 0.40353
0.21844 0.40316
0.21921 0.40280
0.21997 0.40243
0.22074 0.40206
0.22150 0.40169
0.22227 0.40132
0.22303 0.40094
0.22379 0.40057
0.22455 0.40019
0.22531 0.39981
0.22607 0.39943
0.22683 0.39905
0.22758 0.39867
0.22834 0.39829
0.22909 0.39790
0.22985 0.39752
0.23060 0.39713
0.23135 0.39674
0.23210 0.39635
0.23285 0.39596
0.23360 0.39556
0.23435 0.39517
0.23509 0.39477
0.23584 0.39437
0.23658 0.39397
0.23733 0.39357
0.23807 0.39317
0.23881 0.39277
0.23955 0.39236
0.24029 0.39196
0.24103 0.39155
0.24176 0.39114
0.24250 0.39073
0.24324 0.39032
0.24397 0.38991
0.24470 0.38949
0.24543 0.38908
0.24617 0.38866
0.24689 0.38824
0.24762 0.38782
0.24835 0.38740
0.24908 0.38698
0.24980 0.38655
0.25053 0.38613
0.25125 0.38570
0.25197 0.38527
0.25269 0.38484
0.25341 0.38441
0.25413 0.38398
0.25485 0.38354
0.25557 0.38311
0.25628 0.38267
0.25700 0.38223
0.25771 0.38179
0.25842 0.38135
0.25913 0.38091
0.25984 0.38047
0.26055 0.38002
0.26126 0.37957
0.26197 0.37913
0.26267 0.37868
0.26338 0.37823
0.26408 0.37777
0.26478 0.37732
0.26549 0.37687
0.26619 0.37641
0.26688 0.37595
0.26758 0.37549
0.26828 0.37503
0.26897 0.37457
0.26967 0.37411
0.27036 0.37364
0.27105 0.37318
0.27174 0.37271
0.27243 0.37224
0.27312 0.37177
0.27381 0.37130
0.27450 0.37083
0.27518 0.37035
0.27587 0.36988
0.27655 0.36940
0.27723 0.36892
0.27791 0.36844
0.27859 0.36796
0.27927 0.36748
0.27995 0.36700
0.28062 0.36651
0.28130 0.36602
0.28197 0.36554
0.28264 0.36505
0.28331 0.36456
0.28398 0.36406
0.28465 0.36357
0.28532 0.36308
0.28599 0.36258
0.28665 0.36208
0.28732 0.36158
0.28798 0.36108
0.28864 0.36058
0.28930 0.36008
0.28996 0.35957
0.29062 0.35907
0.29128 0.35856
0.29193 0.35805
0.29259 0.35754
0.29324 0.35703
0.29389 0.35652
0.29454 0.35601
0.29519 0.35549
0.29584 0.35497
0.29649 0.35446
0.29713 0.35394
0.29778 0.35342
0.29842 0.35290
0.29906 0.35237
0.29970 0.35185
0.30034 0.35132
0.30098 0.35079
0.30162 0.35027
0.30226 0.34974
0.30289 0.34921
0.30353 0.34867
0.30416 0.34814
0.30479 0.34760
0.30542 0.34707
0.30605 0.34653
0.30668 0.34599
0.30730 0.34545
0.30793 0.34491
0.30855 0.34436
0.30917 0.34382
0.30979 0.34327
0.31041 0.34273
0.31103 0.34218
0.31165 0.34163
0.31227 0.34108
0.31288 0.34052
0.31350 0.33997
0.31411 0.33941
0.31472 0.33886
0.31533 0.33830
0.31594 0.33774
0.31655 0.33718
0.31715 0.33662
0.31776 0.33606
0.31836 0.33549
0.31896 0.33493
0.31956 0.33436
0.32016 0.33379
0.32076 0.33322
0.32136 0.33265
0.32195 0.33208
0.32255 0.33150
0.32314 0.33093
0.32374 0.33035
0.32433 0.32978
0.32492 0.32920
0.32550 0.32862
0.32609 0.32804
0.32668 0.32745
0.32726 0.32687
0.32784 0.32628
0.32843 0.32570
0.32901 0.32511
0.32959 0.32452
0.33016 0.32393
0.33074 0.32334
0.33131 0.32275
0.33189 0.32215
0.33246 0.32156
0.33303 0.32096
0.33360 0.32036
0.33417 0.31976
0.33474 0.31916
0.33531 0.31856
0.33587 0.31796
0.33643 0.31735
0.33700 0.31675
0.33756 0.31614
0.33812 0.31553
0.33867 0.31492
0.33923 0.31431
0.33979 0.31370
0.34034 0.31308
0.34089 0.31247
0.34145 0.31185
0.34200 0.31124
0.34255 0.31062
0.34309 0.31000
0.34364 0.30938
0.34418 0.30876
0.34473 0.30813
0.34527 0.30751
0.34581 0.30688
0.34635 0.30625
0.34689 0.30563
0.34743 0.30500
0.34796 0.30437
0.34850 0.30373
0.34903 0.30310
0.34956 0.30247
0.35009 0.30183
0.35062 0.30119
0.35115 0.30055
0.35167 0.29992
0.35220 0.29927
0.35272 0.29863
0.35325 0.29799
0.35377 0.29735
0.35429 0.29670
0.35480 0.29605
0.35532 0.29540
0.35584 0.29476
0.35635 0.29411
0.35686 0.29345
0.35738 0.29280
0.35789 0.29215
0.35839 0.29149
0.35890 0.29083
0.35941 0.29018
0.35991 0.28952
0.36042 0.28886
0.36092 0.28820
0.36142 0.28753
0.36192 0.28687
0.36242 0.28621
0.36291 0.28554
0.36341 0.28487
0.36390 0.28420
0.36439 0.28353
0.36488 0.28286
0.36537 0.28219
0.36586 0.28152
0.36635 0.28084
0.36684 0.28017
0.36732 0.27949
0.36780 0.27881
0.36828 0.27814
0.36876 0.27746
0.36924 0.27677
0.36972 0.27609
0.37020 0.27541
0.37067 0.27472
0.37114 0.27404
0.37162 0.27335
0.37209 0.27266
0.37256 0.27197
0.37302 0.27128
0.37349 0.27059
0.37396 0.26990
0.37442 0.26920
0.37488 0.26851
0.37534 0.26781
0.37580 0.26711
0.37626 0.26642
0.37672 0.26572
0.37717 0.26502
0.37763 0.26431
0.37808 0.26361
0.37853 0.26291
0.37898 0.26220
0.37943 0.26149
0.37987 0.26079
0.38032 0.26008
0.38076 0.25937
0.38121 0.25866
0.38165 0.25795
0.38209 0.25723
0.38253 0.25652
0.38296 0.25580
0.38340 0.25509
0.38383 0.25437
0.38427 0.25365
0.38470 0.25293
0.38513 0.25221
0.38556 0.25149
0.38599 0.25077
0.38641 0.25004
0.38684 0.24932
0.38726 0.24859
0.38768 0.24786
0.38810 0.24714
0.38852 0.24641
0.38894 0.24568
0.38936 0.24494
0.38977 0.24421
0.39018 0.24348
0.39060 0.24274
0.39101 0.24201
0.39142 0.24127
0.39182 0.24053
0.39223 0.23979
0.39264 0.23905
0.39304 0.23831
0.39344 0.23757
0.39384 0.23683
0.39424 0.23608
0.39464 0.23534
0.39504 0.23459
0.39543 0.23385
0.39583 0.23310
0.39622 0.23235
0.39661 0.23160
0.39700 0.23085
0.39739 0.23010
0.39777 0.22934
0.39816 0.22859
0.39854 0.22783
0.39893 0.22708
0.39931 0.22632
0.39969 0.22556
0.40007 0.22480
0.40044 0.22404
0.40082 0.22328
0.40119 0.22252
0.40156 0.22176
0.40194 0.22099
0.40231 0.22023
0.40267 0.21946
0.40304 0.21869
0.40341 0.21792
0.40377 0.21716
0.40413 0.21639
0.40450 0.21561
0.40486 0.21484
0.40521 0.21407
0.40557 0.21330
0.40593 0.21252
0.40628 0.21175
0.40663 0.21097
0.40699 0.21019
0.40734 0.20941
0.40768 0.20863
0.40803 0.20785
0.40838 0.20707
0.40872 0.20629
0.40906 0.20551
0.40941 0.20472
0.40975 0.20394
0.41008 0.20315
0.41042 0.20237
0.41076 0.20158
0.41109 0.20079
0.41143 0.20000
0.41176 0.19921
0.41209 0.19842
0.41242 0.19763
0.41274 0.19683
0.41307 0.19604
0.41339 0.19524
0.41372 0.19445
0.41404 0.19365
0.41436 0.19285
0.41468 0.19206
0.41499 0.19126
0.41531 0.19046
0.41562 0.18966
0.41594 0.18885
0.41625 0.18805
0.41656 0.18725
0.41687 0.18644
0.41718 0.18564
0.41748 0.18483
0.41779 0.18403
0.41809 0.18322
0.41839 0.18241
0.41869 0.18160
0.41899 0.18079
0.41929 0.17998
0.41958 0.17917
0.41988 0.17835
0.42017 0.17754
0.42046 0.17673
0.42075 0.17591
0.42104 0.17510
0.42133 0.17428
0.42162 0.17346
0.42190 0.17264
0.42218 0.17182
0.42246 0.17100
0.42275 0.17018
0.42302 0.16936
0.42330 0.16854
0.42358 0.16772
0.42385 0.16689
0.42412 0.16607
0.42440 0.16524
0.42467 0.16442
0.42494 0.16359
0.42520 0.16276
0.42547 0.16194
0.42573 0.16111
0.42600 0.16028
0.42626 0.15945
0.42652 0.15862
0.42678 0.15778
0.42703 0.15695
0.42729 0.15612
0.42755 0.15528
0.42780 0.15445
0.42805 0.15361
0.42830 0.15278
0.42855 0.15194
0.42880 0.15110
0.42904 0.15026
0.42929 0.14942
0.42953 0.14858
0.42977 0.14774
0.43001 0.14690
0.43025 0.14606
0.43049 0.14522
0.43072 0.14438
0.43096 0.14353
0.43119 0.14269
0.43142 0.14184
0.43165 0.14100
0.43188 0.14015
0.43211 0.13930
0.43233 0.13845
0.43256 0.13761
0.43278 0.13676
0.43300 0.13591
0.43322 0.13506
0.43344 0.13421
0.43366 0.13335
0.43388 0.13250
0.43409 0.13165
0.43430 0.13080
0.43451 0.12994
0.43472 0.12909
0.43493 0.12823
0.43514 0.12738
0.43535 0.12652
0.43555 0.12566
0.43575 0.12481
0.43596 0.12395
0.43616 0.12309
0.43635 0.12223
0.43655 0.12137
0.43675 0.12051
0.43694 0.11965
0.43713 0.11879
0.43733 0.11792
0.43752 0.11706
0.43770 0.11620
0.43789 0.11533
0.43808 0.11447
0.43826 0.11360
0.43844 0.11274
0.43863 0.11187
0.43881 0.11101
0.43898 0.11014
0.43916 0.10927
0.43934 0.10840
0.43951 0.10753
0.43968 0.10667
0.43986 0.10580
0.44003 0.10493
0.44019 0.10406
0.44036 0.10318
0.44053 0.10231
0.44069 0.10144
0.44085 0.10057
0.44101 0.09970
0.44117 0.09882
0.44133 0.09795
0.44149 0.09707
0.44165 0.09620
0.44180 0.09532
0.44195 0.09445
0.44210 0.09357
0.44225 0.09269
0.44240 0.09182
0.44255 0.09094
0.44269 0.09006
0.44284 0.08918
0.44298 0.08830
0.44312 0.08743
0.44326 0.08655
0.44340 0.08567
0.44354 0.08478
0.44367 0.08390
0.44381 0.08302
0.44394 0.08214
0.44407 0.08126
0.44420 0.08038
0.44433 0.07949
0.44446 0.07861
0.44458 0.07773
0.44471 0.07684
0.44483 0.07596
0.44495 0.07507
0.44507 0.07419
0.44519 0.07330
0.44530 0.07242
0.44542 0.07153
0.44553 0.07064
0.44565 0.06976
0.44576 0.06887
0.44587 0.06798
0.44597 0.06710
0.44608 0.06621
0.44619 0.06532
0.44629 0.06443
0.44639 0.06354
0.44649 0.06265
0.44659 0.06176
0.44669 0.06087
0.44679 0.05998
0.44688 0.05909
0.44698 0.05820
0.44707 0.05731
0.44716 0.05642
0.44725 0.05553
0.44734 0.05464
0.44743 0.05374
0.44751 0.05285
0.44759 0.05196
0.44768 0.05107
0.44776 0.05017
0.44784 0.04928
0.44792 0.04838
0.44799 0.04749
0.44807 0.04660
0.44814 0.04570
0.44821 0.04481
0.44828 0.04391
0.44835 0.04302
0.44842 0.04212
0.44849 0.04123
0.44855 0.04033
0.44862 0.03944
0.44868 0.03854
0.44874 0.03764
0.44880 0.03675
0.44886 0.03585
0.44891 0.03496
0.44897 0.03406
0.44902 0.03316
0.44908 0.03226
0.44913 0.03137
0.44918 0.03047
0.44922 0.02957
0.44927 0.02867
0.44932 0.02778
0.44936 0.02688
0.44940 0.02598
0.44944 0.02508
0.44948 0.02418
0.44952 0.02329
0.44956 0.02239
0.44959 0.02149
0.44962 0.02059
0.44966 0.01969
0.44969 0.01879
0.44972 0.01789
0.44974 0.01699
0.44977 0.01609
0.44980 0.01519
0.44982 0.01429
0.44984 0.01340
0.44986 0.01250
0.44988 0.01160
0.44990 0.01070
0.44991 0.00980
0.44993 0.00890
0.44994 0.00800
0.44996 0.00710
0.44997 0.00620
0.44998 0.00530
0.44998 0.00440
0.44999 0.00350
0.44999 0.00260
0.45000 0.00170
0.45000 0.00080
0.45000 -0.00010
