-0.10000 0.00000 0.00000 1.00000
-0.10000 0.00020 0.00198 1.00000
-0.10000 0.00040 0.00396 0.99999
-0.10000 0.00060 0.00594 0.99998
-0.10000 0.00080 0.00792 0.99997
-0.10000 0.00100 0.00990 0.99995
-0.09999 0.00120 0.01188 0.99993
-0.09999 0.00140 0.01386 0.99990
-0.09999 0.00160 0.01584 0.99987
-0.09998 0.00180 0.01782 0.99984
-0.09998 0.00200 0.01980 0.99980
-0.09998 0.00220 0.02178 0.99976
-0.09997 0.00240 0.02376 0.99972
-0.09997 0.00260 0.02574 0.99967
-0.09996 0.00280 0.02772 0.99962
-0.09996 0.00300 0.02970 0.99956
-0.09995 0.00320 0.03168 0.99950
-0.09994 0.00340 0.03365 0.99943
-0.09994 0.00360 0.03563 0.99936
-0.09993 0.00380 0.03761 0.99929
-0.09992 0.00400 0.03959 0.99922
-0.09991 0.00420 0.04157 0.99914
-0.09990 0.00440 0.04355 0.99905
-0.09990 0.00460 0.04553 0.99896
-0.09989 0.00480 0.04750 0.99887
-0.09988 0.00500 0.04948 0.99878
-0.09987 0.00520 0.05146 0.99868
-0.09986 0.00540 0.05344 0.99857
-0.09984 0.00560 0.05542 0.99846
-0.09983 0.00580 0.05739 0.99835
-0.09982 0.00600 0.05937 0.99824
-0.09981 0.00620 0.06135 0.99812
-0.09980 0.00640 0.06332 0.99799
-0.09978 0.00660 0.06530 0.99787
-0.09977 0.00679 0.06728 0.99773
-0.09976 0.00699 0.06925 0.99760
-0.09974 0.00719 0.07123 0.99746
-0.09973 0.00739 0.07320 0.99732
-0.09971 0.00759 0.07518 0.99717
-0.09970 0.00779 0.07715 0.99702
-0.09968 0.00799 0.07913 0.99686
-0.09967 0.00819 0.08110 0.99671
-0.09965 0.00839 0.08308 0.99654
-0.09963 0.00859 0.08505 0.99638
-0.09962 0.00879 0.08702 0.99621
-0.09960 0.00899 0.08900 0.99603
-0.09958 0.00919 0.09097 0.99585
-0.09956 0.00939 0.09294 0.99567
-0.09954 0.00959 0.09491 0.99549
-0.09952 0.00978 0.09689 0.99530
-0.09951 0.00998 0.09886 0.99510
-0.09949 0.01018 0.10083 0.99490
-0.09947 0.01038 0.10280 0.99470
-0.09944 0.01058 0.10477 0.99450
-0.09942 0.01078 0.10674 0.99429
-0.09940 0.01098 0.10871 0.99407
-0.09938 0.01118 0.11068 0.99386
-0.09936 0.01138 0.11265 0.99363
-0.09933 0.01157 0.11462 0.99341
-0.09931 0.01177 0.11659 0.99318
-0.09929 0.01197 0.11855 0.99295
-0.09926 0.01217 0.12052 0.99271
-0.09924 0.01237 0.12249 0.99247
-0.09922 0.01257 0.12446 0.99223
-0.09919 0.01276 0.12642 0.99198
-0.09916 0.01296 0.12839 0.99172
-0.09914 0.01316 0.13035 0.99147
-0.09911 0.01336 0.13232 0.99121
-0.09909 0.01356 0.13428 0.99094
-0.09906 0.01376 0.13625 0.99068
-0.09903 0.01395 0.13821 0.99040
-0.09900 0.01415 0.14017 0.99013
-0.09898 0.01435 0.14214 0.98985
-0.09895 0.01455 0.14410 0.98956
-0.09892 0.01475 0.14606 0.98928
-0.09889 0.01494 0.14802 0.98898
-0.09886 0.01514 0.14998 0.98869
-0.09883 0.01534 0.15194 0.98839
-0.09880 0.01554 0.15390 0.98809
-0.09877 0.01573 0.15586 0.98778
-0.09874 0.01593 0.15782 0.98747
-0.09870 0.01613 0.15977 0.98715
-0.09867 0.01633 0.16173 0.98683
-0.09864 0.01652 0.16369 0.98651
-0.09861 0.01672 0.16564 0.98619
-0.09857 0.01692 0.16760 0.98586
-0.09854 0.01711 0.16956 0.98552
-0.09850 0.01731 0.17151 0.98518
-0.09847 0.01751 0.17346 0.98484
-0.09844 0.01771 0.17542 0.98449
-0.09840 0.01790 0.17737 0.98414
-0.09836 0.01810 0.17932 0.98379
-0.09833 0.01830 0.18127 0.98343
-0.09829 0.01849 0.18322 0.98307
-0.09826 0.01869 0.18517 0.98271
-0.09822 0.01888 0.18712 0.98234
-0.09818 0.01908 0.18907 0.98196
-0.09814 0.01928 0.19102 0.98159
-0.09810 0.01947 0.19297 0.98121
-0.09807 0.01967 0.19491 0.98082
-0.09803 0.01987 0.19686 0.98043
-0.09799 0.02006 0.19880 0.98004
-0.09795 0.02026 0.20075 0.97964
-0.09791 0.02045 0.20269 0.97924
-0.09787 0.02065 0.20464 0.97884
-0.09782 0.02084 0.20658 0.97843
-0.09778 0.02104 0.20852 0.97802
-0.09774 0.02124 0.21046 0.97760
-0.09770 0.02143 0.21240 0.97718
-0.09766 0.02163 0.21434 0.97676
-0.09761 0.02182 0.21628 0.97633
-0.09757 0.02202 0.21822 0.97590
-0.09753 0.02221 0.22016 0.97546
-0.09748 0.02241 0.22209 0.97503
-0.09744 0.02260 0.22403 0.97458
-0.09739 0.02280 0.22596 0.97414
-0.09735 0.02299 0.22790 0.97369
-0.09730 0.02318 0.22983 0.97323
-0.09726 0.02338 0.23176 0.97277
-0.09721 0.02357 0.23369 0.97231
-0.09716 0.02377 0.23562 0.97184
-0.09711 0.02396 0.23755 0.97137
-0.09707 0.02416 0.23948 0.97090
-0.09702 0.02435 0.24141 0.97042
-0.09697 0.02454 0.24334 0.96994
-0.09692 0.02474 0.24527 0.96946
-0.09687 0.02493 0.24719 0.96897
-0.09682 0.02513 0.24912 0.96847
-0.09677 0.02532 0.25104 0.96798
-0.09672 0.02551 0.25296 0.96748
-0.09667 0.02571 0.25489 0.96697
-0.09662 0.02590 0.25681 0.96646
-0.09657 0.02609 0.25873 0.96595
-0.09652 0.02628 0.26065 0.96543
-0.09646 0.02648 0.26257 0.96491
-0.09641 0.02667 0.26448 0.96439
-0.09636 0.02686 0.26640 0.96386
-0.09631 0.02706 0.26832 0.96333
-0.09625 0.02725 0.27023 0.96280
-0.09620 0.02744 0.27214 0.96226
-0.09614 0.02763 0.27406 0.96171
-0.09609 0.02782 0.27597 0.96117
-0.09603 0.02802 0.27788 0.96062
-0.09598 0.02821 0.27979 0.96006
-0.09592 0.02840 0.28170 0.95950
-0.09586 0.02859 0.28361 0.95894
-0.09581 0.02878 0.28551 0.95838
-0.09575 0.02897 0.28742 0.95781
-0.09569 0.02917 0.28932 0.95723
-0.09564 0.02936 0.29123 0.95665
-0.09558 0.02955 0.29313 0.95607
-0.09552 0.02974 0.29503 0.95549
-0.09546 0.02993 0.29693 0.95490
-0.09540 0.03012 0.29883 0.95431
-0.09534 0.03031 0.30073 0.95371
-0.09528 0.03050 0.30263 0.95311
-0.09522 0.03069 0.30452 0.95251
-0.09516 0.03088 0.30642 0.95190
-0.09510 0.03107 0.30831 0.95129
-0.09503 0.03126 0.31020 0.95067
-0.09497 0.03145 0.31210 0.95005
-0.09491 0.03164 0.31399 0.94943
-0.09485 0.03183 0.31588 0.94880
-0.09478 0.03202 0.31776 0.94817
-0.09472 0.03221 0.31965 0.94754
-0.09466 0.03240 0.32154 0.94690
-0.09459 0.03259 0.32342 0.94625
-0.09453 0.03278 0.32531 0.94561
-0.09446 0.03297 0.32719 0.94496
-0.09440 0.03315 0.32907 0.94431
-0.09433 0.03334 0.33095 0.94365
-0.09426 0.03353 0.33283 0.94299
-0.09420 0.03372 0.33471 0.94232
-0.09413 0.03391 0.33658 0.94165
-0.09406 0.03410 0.33846 0.94098
-0.09399 0.03428 0.34033 0.94031
-0.09393 0.03447 0.34220 0.93963
-0.09386 0.03466 0.34408 0.93894
-0.09379 0.03485 0.34595 0.93825
-0.09372 0.03503 0.34782 0.93756
-0.09365 0.03522 0.34968 0.93687
-0.09358 0.03541 0.35155 0.93617
-0.09351 0.03559 0.35342 0.93547
-0.09344 0.03578 0.35528 0.93476
-0.09337 0.03597 0.35714 0.93405
-0.09330 0.03615 0.35900 0.93334
-0.09322 0.03634 0.36086 0.93262
-0.09315 0.03653 0.36272 0.93190
-0.09308 0.03671 0.36458 0.93117
-0.09301 0.03690 0.36644 0.93044
-0.09293 0.03708 0.36829 0.92971
-0.09286 0.03727 0.37014 0.92897
-0.09279 0.03745 0.37199 0.92823
-0.09271 0.03764 0.37385 0.92749
-0.09264 0.03783 0.37569 0.92674
-0.09256 0.03801 0.37754 0.92599
-0.09249 0.03819 0.37939 0.92524
-0.09241 0.03838 0.38123 0.92448
-0.09233 0.03856 0.38308 0.92372
-0.09226 0.03875 0.38492 0.92295
-0.09218 0.03893 0.38676 0.92218
-0.09210 0.03912 0.38860 0.92141
-0.09202 0.03930 0.39044 0.92063
-0.09195 0.03948 0.39227 0.91985
-0.09187 0.03967 0.39411 0.91906
-0.09179 0.03985 0.39594 0.91828
-0.09171 0.04003 0.39777 0.91748
-0.09163 0.04022 0.39961 0.91669
-0.09155 0.04040 0.40143 0.91589
-0.09147 0.04058 0.40326 0.91508
-0.09139 0.04077 0.40509 0.91428
-0.09131 0.04095 0.40691 0.91347
-0.09123 0.04113 0.40874 0.91265
-0.09115 0.04131 0.41056 0.91183
-0.09106 0.04149 0.41238 0.91101
-0.09098 0.04168 0.41420 0.91019
-0.09090 0.04186 0.41601 0.90936
-0.09081 0.04204 0.41783 0.90853
-0.09073 0.04222 0.41964 0.90769
-0.09065 0.04240 0.42145 0.90685
-0.09056 0.04258 0.42327 0.90601
-0.09048 0.04276 0.42507 0.90516
-0.09039 0.04294 0.42688 0.90431
-0.09031 0.04312 0.42869 0.90345
-0.09022 0.04330 0.43049 0.90259
-0.09014 0.04348 0.43230 0.90173
-0.09005 0.04366 0.43410 0.90087
-0.08996 0.04384 0.43590 0.90000
-0.08988 0.04402 0.43769 0.89912
-0.08979 0.04420 0.43949 0.89825
-0.08970 0.04438 0.44128 0.89737
-0.08961 0.04456 0.44308 0.89648
-0.08952 0.04474 0.44487 0.89560
-0.08943 0.04492 0.44666 0.89470
-0.08935 0.04510 0.44845 0.89381
-0.08926 0.04527 0.45023 0.89291
-0.08917 0.04545 0.45202 0.89201
-0.08908 0.04563 0.45380 0.89110
-0.08898 0.04581 0.45558 0.89019
-0.08889 0.04598 0.45736 0.88928
-0.08880 0.04616 0.45914 0.88837
-0.08871 0.04634 0.46091 0.88745
-0.08862 0.04652 0.46269 0.88652
-0.08853 0.04669 0.46446 0.88559
-0.08843 0.04687 0.46623 0.88466
-0.08834 0.04705 0.46800 0.88373
-0.08825 0.04722 0.46977 0.88279
-0.08815 0.04740 0.47153 0.88185
-0.08806 0.04757 0.47330 0.88090
-0.08796 0.04775 0.47506 0.87995
-0.08787 0.04793 0.47682 0.87900
-0.08777 0.04810 0.47858 0.87805
-0.08768 0.04828 0.48033 0.87709
-0.08758 0.04845 0.48209 0.87612
-0.08749 0.04862 0.48384 0.87516
-0.08739 0.04880 0.48559 0.87419
-0.08729 0.04897 0.48734 0.87321
-0.08719 0.04915 0.48909 0.87224
-0.08710 0.04932 0.49083 0.87126
-0.08700 0.04950 0.49257 0.87027
-0.08690 0.04967 0.49432 0.86928
-0.08680 0.04984 0.49605 0.86829
-0.08670 0.05002 0.49779 0.86730
-0.08660 0.05019 0.49953 0.86630
-0.08650 0.05036 0.50126 0.86530
-0.08640 0.05053 0.50299 0.86429
-0.08630 0.05071 0.50472 0.86328
-0.08620 0.05088 0.50645 0.86227
-0.08610 0.05105 0.50818 0.86125
-0.08600 0.05122 0.50990 0.86023
-0.08590 0.05139 0.51162 0.85921
-0.08579 0.05156 0.51334 0.85818
-0.08569 0.05173 0.51506 0.85715
-0.08559 0.05191 0.51678 0.85612
-0.08549 0.05208 0.51849 0.85508
-0.08538 0.05225 0.52021 0.85404
-0.08528 0.05242 0.52192 0.85300
-0.08517 0.05259 0.52362 0.85195
-0.08507 0.05276 0.52533 0.85090
-0.08497 0.05293 0.52703 0.84984
-0.08486 0.05310 0.52874 0.84879
-0.08475 0.05326 0.53044 0.84772
-0.08465 0.05343 0.53214 0.84666
-0.08454 0.05360 0.53383 0.84559
-0.08444 0.05377 0.53553 0.84452
-0.08433 0.05394 0.53722 0.84344
-0.08422 0.05411 0.53891 0.84237
-0.08411 0.05427 0.54059 0.84128
-0.08401 0.05444 0.54228 0.84020
-0.08390 0.05461 0.54396 0.83911
-0.08379 0.05478 0.54565 0.83802
-0.08368 0.05494 0.54732 0.83692
-0.08357 0.05511 0.54900 0.83582
-0.08346 0.05528 0.55068 0.83472
-0.08335 0.05544 0.55235 0.83361
-0.08324 0.05561 0.55402 0.83250
-0.08313 0.05578 0.55569 0.83139
-0.08302 0.05594 0.55736 0.83027
-0.08291 0.05611 0.55902 0.82915
-0.08280 0.05627 0.56068 0.82803
-0.08268 0.05644 0.56234 0.82691
-0.08257 0.05660 0.56400 0.82578
-0.08246 0.05677 0.56565 0.82464
-0.08235 0.05693 0.56731 0.82351
-0.08223 0.05709 0.56896 0.82237
-0.08212 0.05726 0.57061 0.82122
-0.08201 0.05742 0.57225 0.82008
-0.08189 0.05758 0.57390 0.81893
-0.08178 0.05775 0.57554 0.81777
-0.08166 0.05791 0.57718 0.81662
-0.08155 0.05807 0.57882 0.81546
-0.08143 0.05824 0.58045 0.81429
-0.08132 0.05840 0.58209 0.81313
-0.08120 0.05856 0.58372 0.81196
-0.08108 0.05872 0.58535 0.81078
-0.08097 0.05888 0.58697 0.80961
-0.08085 0.05904 0.58860 0.80843
-0.08073 0.05921 0.59022 0.80724
-0.08061 0.05937 0.59184 0.80606
-0.08050 0.05953 0.59345 0.80487
-0.08038 0.05969 0.59507 0.80368
-0.08026 0.05985 0.59668 0.80248
-0.08014 0.06001 0.59829 0.80128
-0.08002 0.06017 0.59990 0.80008
-0.07990 0.06033 0.60150 0.79887
-0.07978 0.06049 0.60310 0.79766
-0.07966 0.06064 0.60471 0.79645
-0.07954 0.06080 0.60630 0.79523
-0.07942 0.06096 0.60790 0.79401
-0.07930 0.06112 0.60949 0.79279
-0.07917 0.06128 0.61108 0.79157
-0.07905 0.06143 0.61267 0.79034
-0.07893 0.06159 0.61426 0.78911
-0.07881 0.06175 0.61584 0.78787
-0.07869 0.06191 0.61742 0.78663
-0.07856 0.06206 0.61900 0.78539
-0.07844 0.06222 0.62058 0.78415
-0.07831 0.06238 0.62215 0.78290
-0.07819 0.06253 0.62372 0.78165
-0.07807 0.06269 0.62529 0.78039
-0.07794 0.06284 0.62686 0.77913
-0.07782 0.06300 0.62842 0.77787
-0.07769 0.06315 0.62998 0.77661
-0.07757 0.06331 0.63154 0.77534
-0.07744 0.06346 0.63310 0.77407
-0.07731 0.06362 0.63465 0.77280
-0.07719 0.06377 0.63620 0.77152
-0.07706 0.06392 0.63775 0.77024
-0.07693 0.06408 0.63930 0.76896
-0.07680 0.06423 0.64084 0.76767
-0.07668 0.06438 0.64238 0.76639
-0.07655 0.06453 0.64392 0.76509
-0.07642 0.06469 0.64546 0.76380
-0.07629 0.06484 0.64699 0.76250
-0.07616 0.06499 0.64852 0.76120
-0.07603 0.06514 0.65005 0.75989
-0.07590 0.06529 0.65157 0.75859
-0.07577 0.06544 0.65310 0.75728
-0.07564 0.06560 0.65462 0.75596
-0.07551 0.06575 0.65613 0.75464
-0.07538 0.06590 0.65765 0.75332
-0.07525 0.06605 0.65916 0.75200
-0.07512 0.06620 0.66067 0.75068
-0.07499 0.06635 0.66218 0.74935
-0.07485 0.06649 0.66368 0.74801
-0.07472 0.06664 0.66519 0.74668
-0.07459 0.06679 0.66668 0.74534
-0.07446 0.06694 0.66818 0.74400
-0.07432 0.06709 0.66967 0.74265
-0.07419 0.06724 0.67117 0.74131
-0.07406 0.06738 0.67265 0.73996
-0.07392 0.06753 0.67414 0.73860
-0.07379 0.06768 0.67562 0.73725
-0.07365 0.06783 0.67710 0.73589
-0.07352 0.06797 0.67858 0.73453
-0.07338 0.06812 0.68006 0.73316
-0.07325 0.06826 0.68153 0.73179
-0.07311 0.06841 0.68300 0.73042
-0.07297 0.06855 0.68446 0.72905
-0.07284 0.06870 0.68593 0.72767
-0.07270 0.06884 0.68739 0.72629
-0.07256 0.06899 0.68885 0.72491
-0.07243 0.06913 0.69030 0.72352
-0.07229 0.06928 0.69176 0.72213
-0.07215 0.06942 0.69321 0.72074
-0.07201 0.06957 0.69465 0.71934
-0.07187 0.06971 0.69610 0.71795
-0.07174 0.06985 0.69754 0.71655
-0.07160 0.06999 0.69898 0.71514
-0.07146 0.07014 0.70041 0.71374
-0.07132 0.07028 0.70185 0.71233
-0.07118 0.07042 0.70328 0.71091
-0.07104 0.07056 0.70471 0.70950
-0.07090 0.07070 0.70613 0.70808
-0.07076 0.07084 0.70755 0.70666
-0.07061 0.07098 0.70897 0.70524
-0.07047 0.07112 0.71039 0.70381
-0.07033 0.07126 0.71180 0.70238
-0.07019 0.07140 0.71321 0.70095
-0.07005 0.07154 0.71462 0.69951
-0.06990 0.07168 0.71602 0.69808
-0.06976 0.07182 0.71742 0.69664
-0.06962 0.07196 0.71882 0.69519
-0.06948 0.07210 0.72022 0.69375
-0.06933 0.07224 0.72161 0.69230
-0.06919 0.07238 0.72300 0.69085
-0.06904 0.07251 0.72439 0.68939
-0.06890 0.07265 0.72577 0.68793
-0.06875 0.07279 0.72715 0.68647
-0.06861 0.07292 0.72853 0.68501
-0.06846 0.07306 0.72991 0.68354
-0.06832 0.07320 0.73128 0.68208
-0.06817 0.07333 0.73265 0.68061
-0.06803 0.07347 0.73402 0.67913
-0.06788 0.07360 0.73538 0.67765
-0.06773 0.07374 0.73674 0.67618
-0.06759 0.07387 0.73810 0.67469
-0.06744 0.07401 0.73945 0.67321
-0.06729 0.07414 0.74080 0.67172
-0.06714 0.07427 0.74215 0.67023
-0.06700 0.07441 0.74350 0.66874
-0.06685 0.07454 0.74484 0.66724
-0.06670 0.07467 0.74618 0.66574
-0.06655 0.07481 0.74752 0.66424
-0.06640 0.07494 0.74885 0.66274
-0.06625 0.07507 0.75018 0.66123
-0.06610 0.07520 0.75151 0.65972
-0.06595 0.07533 0.75283 0.65821
-0.06580 0.07546 0.75415 0.65670
-0.06565 0.07559 0.75547 0.65518
-0.06550 0.07572 0.75679 0.65366
-0.06535 0.07585 0.75810 0.65214
-0.06520 0.07598 0.75941 0.65062
-0.06505 0.07611 0.76071 0.64909
-0.06490 0.07624 0.76201 0.64756
-0.06474 0.07637 0.76331 0.64603
-0.06459 0.07650 0.76461 0.64449
-0.06444 0.07663 0.76590 0.64295
-0.06429 0.07676 0.76719 0.64141
-0.06413 0.07688 0.76848 0.63987
-0.06398 0.07701 0.76977 0.63833
-0.06383 0.07714 0.77105 0.63678
-0.06367 0.07727 0.77232 0.63523
-0.06352 0.07739 0.77360 0.63368
-0.06336 0.07752 0.77487 0.63212
-0.06321 0.07764 0.77614 0.63056
-0.06306 0.07777 0.77740 0.62900
-0.06290 0.07789 0.77867 0.62744
-0.06274 0.07802 0.77992 0.62587
-0.06259 0.07814 0.78118 0.62431
-0.06243 0.07827 0.78243 0.62274
-0.06228 0.07839 0.78368 0.62116
-0.06212 0.07852 0.78493 0.61959
-0.06196 0.07864 0.78617 0.61801
-0.06181 0.07876 0.78741 0.61643
-0.06165 0.07889 0.78865 0.61485
-0.06149 0.07901 0.78988 0.61326
-0.06134 0.07913 0.79111 0.61168
-0.06118 0.07925 0.79234 0.61009
-0.06102 0.07937 0.79356 0.60849
-0.06086 0.07949 0.79478 0.60690
-0.06070 0.07961 0.79600 0.60530
-0.06054 0.07974 0.79721 0.60370
-0.06039 0.07986 0.79842 0.60210
-0.06023 0.07998 0.79963 0.60050
-0.06007 0.08009 0.80083 0.59889
-0.05991 0.08021 0.80203 0.59728
-0.05975 0.08033 0.80323 0.59567
-0.05959 0.08045 0.80442 0.59406
-0.05943 0.08057 0.80562 0.59244
-0.05927 0.08069 0.80680 0.59082
-0.05910 0.08080 0.80799 0.58920
-0.05894 0.08092 0.80917 0.58758
-0.05878 0.08104 0.81035 0.58595
-0.05862 0.08116 0.81152 0.58432
-0.05846 0.08127 0.81269 0.58269
-0.05830 0.08139 0.81386 0.58106
-0.05813 0.08150 0.81502 0.57943
-0.05797 0.08162 0.81618 0.57779
-0.05781 0.08173 0.81734 0.57615
-0.05765 0.08185 0.81850 0.57451
-0.05748 0.08196 0.81965 0.57287
-0.05732 0.08208 0.82080 0.57122
-0.05716 0.08219 0.82194 0.56957
-0.05699 0.08230 0.82308 0.56792
-0.05683 0.08242 0.82422 0.56627
-0.05666 0.08253 0.82535 0.56462
-0.05650 0.08264 0.82648 0.56296
-0.05633 0.08275 0.82761 0.56130
-0.05617 0.08287 0.82874 0.55964
-0.05600 0.08298 0.82986 0.55798
-0.05584 0.08309 0.83097 0.55631
-0.05567 0.08320 0.83209 0.55464
-0.05551 0.08331 0.83320 0.55297
-0.05534 0.08342 0.83431 0.55130
-0.05517 0.08353 0.83541 0.54963
-0.05501 0.08364 0.83651 0.54795
-0.05484 0.08375 0.83761 0.54627
-0.05467 0.08386 0.83870 0.54459
-0.05450 0.08397 0.83979 0.54291
-0.05434 0.08407 0.84088 0.54122
-0.05417 0.08418 0.84196 0.53954
-0.05400 0.08429 0.84304 0.53785
-0.05383 0.08440 0.84412 0.53616
-0.05366 0.08450 0.84519 0.53446
-0.05350 0.08461 0.84626 0.53277
-0.05333 0.08471 0.84733 0.53107
-0.05316 0.08482 0.84839 0.52937
-0.05299 0.08493 0.84945 0.52767
-0.05282 0.08503 0.85051 0.52597
-0.05265 0.08514 0.85156 0.52426
-0.05248 0.08524 0.85261 0.52255
-0.05231 0.08534 0.85365 0.52084
-0.05214 0.08545 0.85469 0.51913
-0.05197 0.08555 0.85573 0.51742
-0.05180 0.08565 0.85677 0.51570
-0.05163 0.08576 0.85780 0.51399
-0.05146 0.08586 0.85883 0.51227
-0.05128 0.08596 0.85985 0.51054
-0.05111 0.08606 0.86087 0.50882
-0.05094 0.08616 0.86189 0.50710
-0.05077 0.08626 0.86290 0.50537
-0.05060 0.08637 0.86391 0.50364
-0.05042 0.08647 0.86492 0.50191
-0.05025 0.08657 0.86592 0.50017
-0.05008 0.08667 0.86692 0.49844
-0.04991 0.08676 0.86792 0.49670
-0.04973 0.08686 0.86891 0.49496
-0.04956 0.08696 0.86990 0.49322
-0.04939 0.08706 0.87089 0.49148
-0.04921 0.08716 0.87187 0.48974
-0.04904 0.08726 0.87285 0.48799
-0.04886 0.08735 0.87382 0.48624
-0.04869 0.08745 0.87480 0.48449
-0.04852 0.08755 0.87576 0.48274
-0.04834 0.08764 0.87673 0.48099
-0.04817 0.08774 0.87769 0.47923
-0.04799 0.08783 0.87865 0.47747
-0.04782 0.08793 0.87960 0.47571
-0.04764 0.08802 0.88055 0.47395
-0.04746 0.08812 0.88150 0.47219
-0.04729 0.08821 0.88244 0.47042
-0.04711 0.08831 0.88338 0.46866
-0.04694 0.08840 0.88432 0.46689
-0.04676 0.08849 0.88525 0.46512
-0.04658 0.08858 0.88618 0.46335
-0.04641 0.08868 0.88710 0.46158
-0.04623 0.08877 0.88802 0.45980
-0.04605 0.08886 0.88894 0.45802
-0.04587 0.08895 0.88985 0.45624
-0.04570 0.08904 0.89077 0.45446
-0.04552 0.08913 0.89167 0.45268
-0.04534 0.08922 0.89258 0.45090
-0.04516 0.08931 0.89348 0.44911
-0.04498 0.08940 0.89437 0.44732
-0.04481 0.08949 0.89526 0.44554
-0.04463 0.08958 0.89615 0.44375
-0.04445 0.08967 0.89704 0.44195
-0.04427 0.08976 0.89792 0.44016
-0.04409 0.08984 0.89880 0.43836
-0.04391 0.08993 0.89967 0.43657
-0.04373 0.09002 0.90054 0.43477
-0.04355 0.09010 0.90141 0.43297
-0.04337 0.09019 0.90227 0.43116
-0.04319 0.09028 0.90313 0.42936
-0.04301 0.09036 0.90399 0.42756
-0.04283 0.09045 0.90484 0.42575
-0.04265 0.09053 0.90569 0.42394
-0.04247 0.09062 0.90654 0.42213
-0.04229 0.09070 0.90738 0.42032
-0.04211 0.09078 0.90821 0.41851
-0.04192 0.09087 0.90905 0.41669
-0.04174 0.09095 0.90988 0.41487
-0.04156 0.09103 0.91071 0.41306
-0.04138 0.09111 0.91153 0.41124
-0.04120 0.09120 0.91235 0.40942
-0.04102 0.09128 0.91316 0.40759
-0.04083 0.09136 0.91398 0.40577
-0.04065 0.09144 0.91478 0.40394
-0.04047 0.09152 0.91559 0.40212
-0.04029 0.09160 0.91639 0.40029
-0.04010 0.09168 0.91719 0.39846
-0.03992 0.09176 0.91798 0.39663
-0.03974 0.09184 0.91877 0.39479
-0.03955 0.09192 0.91956 0.39296
-0.03937 0.09200 0.92034 0.39112
-0.03918 0.09207 0.92112 0.38929
-0.03900 0.09215 0.92189 0.38745
-0.03882 0.09223 0.92266 0.38561
-0.03863 0.09231 0.92343 0.38376
-0.03845 0.09238 0.92419 0.38192
-0.03826 0.09246 0.92495 0.38008
-0.03808 0.09253 0.92571 0.37823
-0.03789 0.09261 0.92646 0.37638
-0.03771 0.09268 0.92721 0.37453
-0.03752 0.09276 0.92796 0.37268
-0.03734 0.09283 0.92870 0.37083
-0.03715 0.09291 0.92944 0.36898
-0.03697 0.09298 0.93017 0.36713
-0.03678 0.09305 0.93090 0.36527
-0.03660 0.09313 0.93163 0.36341
-0.03641 0.09320 0.93235 0.36156
-0.03622 0.09327 0.93307 0.35970
-0.03604 0.09334 0.93378 0.35784
-0.03585 0.09341 0.93450 0.35597
-0.03566 0.09348 0.93520 0.35411
-0.03548 0.09355 0.93591 0.35225
-0.03529 0.09362 0.93661 0.35038
-0.03510 0.09369 0.93730 0.34851
-0.03492 0.09376 0.93800 0.34664
-0.03473 0.09383 0.93869 0.34477
-0.03454 0.09390 0.93937 0.34290
-0.03435 0.09397 0.94005 0.34103
-0.03417 0.09404 0.94073 0.33916
-0.03398 0.09411 0.94140 0.33728
-0.03379 0.09417 0.94207 0.33541
-0.03360 0.09424 0.94274 0.33353
-0.03341 0.09431 0.94340 0.33165
-0.03322 0.09437 0.94406 0.32977
-0.03304 0.09444 0.94472 0.32789
-0.03285 0.09450 0.94537 0.32601
-0.03266 0.09457 0.94601 0.32412
-0.03247 0.09463 0.94666 0.32224
-0.03228 0.09470 0.94730 0.32035
-0.03209 0.09476 0.94793 0.31847
-0.03190 0.09482 0.94857 0.31658
-0.03171 0.09489 0.94919 0.31469
-0.03152 0.09495 0.94982 0.31280
-0.03133 0.09501 0.95044 0.31091
-0.03114 0.09507 0.95106 0.30902
-0.03095 0.09513 0.95167 0.30712
-0.03076 0.09520 0.95228 0.30523
-0.03057 0.09526 0.95288 0.30333
-0.03038 0.09532 0.95349 0.30144
-0.03019 0.09538 0.95408 0.29954
-0.03000 0.09544 0.95468 0.29764
-0.02981 0.09550 0.95527 0.29574
-0.02962 0.09555 0.95586 0.29384
-0.02943 0.09561 0.95644 0.29194
-0.02924 0.09567 0.95702 0.29003
-0.02905 0.09573 0.95759 0.28813
-0.02885 0.09579 0.95816 0.28622
-0.02866 0.09584 0.95873 0.28432
-0.02847 0.09590 0.95929 0.28241
-0.02828 0.09596 0.95985 0.28050
-0.02809 0.09601 0.96041 0.27859
-0.02790 0.09607 0.96096 0.27668
-0.02770 0.09612 0.96151 0.27477
-0.02751 0.09618 0.96205 0.27286
-0.02732 0.09623 0.96260 0.27094
-0.02713 0.09629 0.96313 0.26903
-0.02693 0.09634 0.96367 0.26711
-0.02674 0.09639 0.96419 0.26520
-0.02655 0.09645 0.96472 0.26328
-0.02636 0.09650 0.96524 0.26136
-0.02616 0.09655 0.96576 0.25944
-0.02597 0.09660 0.96627 0.25752
-0.02578 0.09665 0.96678 0.25560
-0.02558 0.09670 0.96729 0.25368
-0.02539 0.09675 0.96779 0.25176
-0.02520 0.09680 0.96829 0.24983
-0.02500 0.09685 0.96878 0.24791
-0.02481 0.09690 0.96927 0.24598
-0.02462 0.09695 0.96976 0.24406
-0.02442 0.09700 0.97024 0.24213
-0.02423 0.09705 0.97072 0.24020
-0.02403 0.09710 0.97120 0.23827
-0.02384 0.09714 0.97167 0.23634
-0.02365 0.09719 0.97214 0.23441
-0.02345 0.09724 0.97260 0.23248
-0.02326 0.09728 0.97306 0.23055
-0.02306 0.09733 0.97352 0.22862
-0.02287 0.09738 0.97397 0.22668
-0.02267 0.09742 0.97442 0.22475
-0.02248 0.09747 0.97486 0.22281
-0.02228 0.09751 0.97530 0.22088
-0.02209 0.09755 0.97574 0.21894
-0.02189 0.09760 0.97617 0.21700
-0.02170 0.09764 0.97660 0.21506
-0.02150 0.09768 0.97702 0.21312
-0.02131 0.09773 0.97745 0.21118
-0.02111 0.09777 0.97786 0.20924
-0.02092 0.09781 0.97828 0.20730
-0.02072 0.09785 0.97869 0.20536
-0.02053 0.09789 0.97909 0.20342
-0.02033 0.09793 0.97949 0.20147
-0.02013 0.09797 0.97989 0.19953
-0.01994 0.09801 0.98029 0.19758
-0.01974 0.09805 0.98068 0.19564
-0.01955 0.09809 0.98106 0.19369
-0.01935 0.09813 0.98144 0.19175
-0.01915 0.09817 0.98182 0.18980
-0.01896 0.09820 0.98220 0.18785
-0.01876 0.09824 0.98257 0.18590
-0.01857 0.09828 0.98294 0.18395
-0.01837 0.09832 0.98330 0.18200
-0.01817 0.09835 0.98366 0.18005
-0.01798 0.09839 0.98401 0.17810
-0.01778 0.09842 0.98436 0.17614
-0.01758 0.09846 0.98471 0.17419
-0.01738 0.09849 0.98506 0.17224
-0.01719 0.09853 0.98540 0.17028
-0.01699 0.09856 0.98573 0.16833
-0.01679 0.09859 0.98606 0.16637
-0.01660 0.09863 0.98639 0.16442
-0.01640 0.09866 0.98671 0.16246
-0.01620 0.09869 0.98704 0.16050
-0.01600 0.09872 0.98735 0.15855
-0.01581 0.09876 0.98766 0.15659
-0.01561 0.09879 0.98797 0.15463
-0.01541 0.09882 0.98828 0.15267
-0.01521 0.09885 0.98858 0.15071
-0.01502 0.09888 0.98887 0.14875
-0.01482 0.09891 0.98917 0.14679
-0.01462 0.09894 0.98946 0.14483
-0.01442 0.09896 0.98974 0.14287
-0.01423 0.09899 0.99002 0.14090
-0.01403 0.09902 0.99030 0.13894
-0.01383 0.09905 0.99057 0.13698
-0.01363 0.09908 0.99084 0.13501
-0.01343 0.09910 0.99111 0.13305
-0.01324 0.09913 0.99137 0.13109
-0.01304 0.09915 0.99163 0.12912
-0.01284 0.09918 0.99188 0.12715
-0.01264 0.09921 0.99213 0.12519
-0.01244 0.09923 0.99238 0.12322
-0.01224 0.09926 0.99262 0.12126
-0.01204 0.09928 0.99286 0.11929
-0.01185 0.09930 0.99309 0.11732
-0.01165 0.09933 0.99332 0.11535
-0.01145 0.09935 0.99355 0.11338
-0.01125 0.09937 0.99377 0.11141
-0.01105 0.09939 0.99399 0.10945
-0.01085 0.09942 0.99421 0.10748
-0.01065 0.09944 0.99442 0.10551
-0.01046 0.09946 0.99463 0.10353
-0.01026 0.09948 0.99483 0.10156
-0.01006 0.09950 0.99503 0.09959
-0.00986 0.09952 0.99522 0.09762
-0.00966 0.09954 0.99542 0.09565
-0.00946 0.09956 0.99560 0.09368
-0.00926 0.09957 0.99579 0.09170
-0.00906 0.09959 0.99597 0.08973
-0.00886 0.09961 0.99614 0.08776
-0.00866 0.09963 0.99631 0.08579
-0.00846 0.09964 0.99648 0.08381
-0.00827 0.09966 0.99665 0.08184
-0.00807 0.09968 0.99681 0.07986
-0.00787 0.09969 0.99696 0.07789
-0.00767 0.09971 0.99711 0.07591
-0.00747 0.09972 0.99726 0.07394
-0.00727 0.09974 0.99741 0.07196
-0.00707 0.09975 0.99755 0.06999
-0.00687 0.09977 0.99768 0.06801
-0.00667 0.09978 0.99782 0.06604
-0.00647 0.09979 0.99795 0.06406
-0.00627 0.09981 0.99807 0.06208
-0.00607 0.09982 0.99819 0.06011
-0.00587 0.09983 0.99831 0.05813
-0.00567 0.09984 0.99842 0.05615
-0.00547 0.09985 0.99853 0.05417
-0.00527 0.09986 0.99864 0.05220
-0.00507 0.09987 0.99874 0.05022
-0.00487 0.09988 0.99884 0.04824
-0.00467 0.09989 0.99893 0.04626
-0.00447 0.09990 0.99902 0.04429
-0.00427 0.09991 0.99910 0.04231
-0.00407 0.09992 0.99919 0.04033
-0.00387 0.09993 0.99926 0.03835
-0.00367 0.09993 0.99934 0.03637
-0.00347 0.09994 0.99941 0.03439
-0.00327 0.09995 0.99947 0.03241
-0.00307 0.09995 0.99954 0.03043
-0.00287 0.09996 0.99960 0.02845
-0.00267 0.09996 0.99965 0.02648
-0.00247 0.09997 0.99970 0.02450
-0.00227 0.09997 0.99975 0.02252
-0.00207 0.09998 0.99979 0.02054
-0.00187 0.09998 0.99983 0.01856
-0.00167 0.09999 0.99986 0.01658
-0.00147 0.09999 0.99989 0.01460
-0.00127 0.09999 0.99992 0.01262
-0.00107 0.09999 0.99994 0.01064
-0.00087 0.10000 0.99996 0.00866
-0.00067 0.10000 0.99998 0.00668
-0.00047 0.10000 0.99999 0.00470
-0.00027 0.10000 1.00000 0.00272
-0.00007 0.10000 1.00000 0.00074
0.00013 0.10000 1.00000 -0.00124
0.00033 0.10000 0.99999 -0.00322
0.00053 0.10000 0.99999 -0.00520
0.00073 0.10000 0.99997 -0.00718
0.00093 0.10000 0.99996 -0.00916
0.00113 0.09999 0.99994 -0.01114
0.00133 0.09999 0.99991 -0.01312
0.00153 0.09999 0.99989 -0.01510
0.00173 0.09999 0.99985 -0.01708
0.00193 0.09998 0.99982 -0.01906
0.00213 0.09998 0.99978 -0.02104
0.00233 0.09997 0.99974 -0.02302
0.00253 0.09997 0.99969 -0.02500
0.00273 0.09996 0.99964 -0.02698
0.00293 0.09996 0.99958 -0.02896
0.00312 0.09995 0.99952 -0.03094
0.00332 0.09995 0.99946 -0.03292
0.00352 0.09994 0.99939 -0.03490
0.00372 0.09993 0.99932 -0.03687
0.00392 0.09992 0.99924 -0.03885
0.00412 0.09992 0.99917 -0.04083
0.00432 0.09991 0.99908 -0.04281
0.00452 0.09990 0.99900 -0.04479
0.00472 0.09989 0.99891 -0.04677
0.00492 0.09988 0.99881 -0.04874
0.00512 0.09987 0.99871 -0.05072
0.00532 0.09986 0.99861 -0.05270
0.00552 0.09985 0.99850 -0.05468
0.00572 0.09984 0.99839 -0.05666
0.00592 0.09983 0.99828 -0.05863
0.00612 0.09981 0.99816 -0.06061
0.00632 0.09980 0.99804 -0.06259
0.00652 0.09979 0.99791 -0.06456
0.00672 0.09978 0.99778 -0.06654
0.00692 0.09976 0.99765 -0.06851
0.00712 0.09975 0.99751 -0.07049
0.00732 0.09973 0.99737 -0.07247
0.00752 0.09972 0.99723 -0.07444
0.00772 0.09970 0.99708 -0.07642
0.00792 0.09969 0.99692 -0.07839
0.00812 0.09967 0.99677 -0.08037
0.00832 0.09966 0.99660 -0.08234
0.00852 0.09964 0.99644 -0.08431
0.00871 0.09962 0.99627 -0.08629
0.00891 0.09961 0.99610 -0.08826
0.00911 0.09959 0.99592 -0.09023
0.00931 0.09957 0.99574 -0.09221
0.00951 0.09955 0.99556 -0.09418
0.00971 0.09953 0.99537 -0.09615
0.00991 0.09951 0.99517 -0.09812
0.01011 0.09949 0.99498 -0.10009
0.01031 0.09947 0.99478 -0.10207
0.01051 0.09945 0.99457 -0.10404
0.01070 0.09943 0.99437 -0.10601
0.01090 0.09941 0.99415 -0.10798
0.01110 0.09939 0.99394 -0.10995
0.01130 0.09937 0.99372 -0.11192
0.01150 0.09934 0.99349 -0.11388
0.01170 0.09932 0.99327 -0.11585
0.01190 0.09930 0.99303 -0.11782
0.01210 0.09927 0.99280 -0.11979
0.01229 0.09925 0.99256 -0.12176
0.01249 0.09922 0.99232 -0.12372
0.01269 0.09920 0.99207 -0.12569
0.01289 0.09917 0.99182 -0.12765
0.01309 0.09915 0.99156 -0.12962
0.01329 0.09912 0.99130 -0.13159
0.01348 0.09910 0.99104 -0.13355
0.01368 0.09907 0.99078 -0.13551
0.01388 0.09904 0.99050 -0.13748
0.01408 0.09901 0.99023 -0.13944
0.01428 0.09899 0.98995 -0.14140
0.01447 0.09896 0.98967 -0.14337
0.01467 0.09893 0.98938 -0.14533
0.01487 0.09890 0.98909 -0.14729
0.01507 0.09887 0.98880 -0.14925
0.01526 0.09884 0.98850 -0.15121
0.01546 0.09881 0.98820 -0.15317
0.01566 0.09878 0.98789 -0.15513
0.01586 0.09875 0.98758 -0.15709
0.01605 0.09872 0.98727 -0.15904
0.01625 0.09868 0.98695 -0.16100
0.01645 0.09865 0.98663 -0.16296
0.01665 0.09862 0.98631 -0.16492
0.01684 0.09859 0.98598 -0.16687
0.01704 0.09855 0.98565 -0.16883
0.01724 0.09852 0.98531 -0.17078
0.01743 0.09848 0.98497 -0.17274
0.01763 0.09845 0.98462 -0.17469
0.01783 0.09841 0.98428 -0.17664
0.01803 0.09838 0.98392 -0.17859
0.01822 0.09834 0.98357 -0.18054
0.01842 0.09831 0.98321 -0.18250
0.01862 0.09827 0.98284 -0.18445
0.01881 0.09823 0.98247 -0.18640
0.01901 0.09819 0.98210 -0.18834
0.01920 0.09816 0.98173 -0.19029
0.01940 0.09812 0.98135 -0.19224
0.01960 0.09808 0.98096 -0.19419
0.01979 0.09804 0.98058 -0.19613
0.01999 0.09800 0.98019 -0.19808
0.02018 0.09796 0.97979 -0.20002
0.02038 0.09792 0.97939 -0.20197
0.02058 0.09788 0.97899 -0.20391
0.02077 0.09784 0.97858 -0.20585
0.02097 0.09780 0.97817 -0.20780
0.02116 0.09776 0.97776 -0.20974
0.02136 0.09771 0.97734 -0.21168
0.02155 0.09767 0.97692 -0.21362
0.02175 0.09763 0.97649 -0.21556
0.02194 0.09759 0.97606 -0.21750
0.02214 0.09754 0.97563 -0.21943
0.02233 0.09750 0.97519 -0.22137
0.02253 0.09745 0.97475 -0.22331
0.02272 0.09741 0.97430 -0.22524
0.02292 0.09736 0.97385 -0.22718
0.02311 0.09732 0.97340 -0.22911
0.02331 0.09727 0.97294 -0.23104
0.02350 0.09723 0.97248 -0.23297
0.02370 0.09718 0.97202 -0.23490
0.02389 0.09713 0.97155 -0.23684
0.02408 0.09708 0.97108 -0.23876
0.02428 0.09704 0.97060 -0.24069
0.02447 0.09699 0.97012 -0.24262
0.02467 0.09694 0.96964 -0.24455
0.02486 0.09689 0.96915 -0.24647
0.02505 0.09684 0.96866 -0.24840
0.02525 0.09679 0.96816 -0.25032
0.02544 0.09674 0.96766 -0.25225
0.02563 0.09669 0.96716 -0.25417
0.02583 0.09664 0.96665 -0.25609
0.02602 0.09659 0.96614 -0.25801
0.02621 0.09654 0.96563 -0.25993
0.02641 0.09648 0.96511 -0.26185
0.02660 0.09643 0.96459 -0.26377
0.02679 0.09638 0.96406 -0.26569
0.02698 0.09633 0.96353 -0.26760
0.02718 0.09627 0.96300 -0.26952
0.02737 0.09622 0.96246 -0.27143
0.02756 0.09616 0.96192 -0.27334
0.02775 0.09611 0.96137 -0.27526
0.02794 0.09605 0.96082 -0.27717
0.02814 0.09600 0.96027 -0.27908
0.02833 0.09594 0.95971 -0.28099
0.02852 0.09589 0.95915 -0.28289
0.02871 0.09583 0.95859 -0.28480
0.02890 0.09577 0.95802 -0.28671
0.02909 0.09571 0.95745 -0.28861
0.02929 0.09566 0.95687 -0.29052
0.02948 0.09560 0.95629 -0.29242
0.02967 0.09554 0.95571 -0.29432
0.02986 0.09548 0.95512 -0.29622
0.03005 0.09542 0.95453 -0.29812
0.03024 0.09536 0.95393 -0.30002
0.03043 0.09530 0.95333 -0.30192
0.03062 0.09524 0.95273 -0.30382
0.03081 0.09518 0.95212 -0.30571
0.03100 0.09512 0.95151 -0.30760
0.03119 0.09506 0.95090 -0.30950
0.03138 0.09500 0.95028 -0.31139
0.03157 0.09493 0.94966 -0.31328
0.03176 0.09487 0.94903 -0.31517
0.03195 0.09481 0.94841 -0.31706
0.03214 0.09474 0.94777 -0.31895
0.03233 0.09468 0.94714 -0.32083
0.03252 0.09462 0.94649 -0.32272
0.03271 0.09455 0.94585 -0.32460
0.03290 0.09449 0.94520 -0.32649
0.03308 0.09442 0.94455 -0.32837
0.03327 0.09435 0.94389 -0.33025
0.03346 0.09429 0.94323 -0.33213
0.03365 0.09422 0.94257 -0.33401
0.03384 0.09416 0.94190 -0.33588
0.03403 0.09409 0.94123 -0.33776
0.03421 0.09402 0.94056 -0.33963
0.03440 0.09395 0.93988 -0.34151
0.03459 0.09388 0.93920 -0.34338
0.03478 0.09382 0.93851 -0.34525
0.03496 0.09375 0.93782 -0.34712
0.03515 0.09368 0.93713 -0.34899
0.03534 0.09361 0.93643 -0.35085
0.03552 0.09354 0.93573 -0.35272
0.03571 0.09347 0.93502 -0.35458
0.03590 0.09339 0.93432 -0.35645
0.03608 0.09332 0.93360 -0.35831
0.03627 0.09325 0.93289 -0.36017
0.03646 0.09318 0.93217 -0.36203
0.03664 0.09311 0.93144 -0.36389
0.03683 0.09303 0.93072 -0.36574
0.03701 0.09296 0.92998 -0.36760
0.03720 0.09289 0.92925 -0.36945
0.03739 0.09281 0.92851 -0.37130
0.03757 0.09274 0.92777 -0.37316
0.03776 0.09266 0.92702 -0.37501
0.03794 0.09259 0.92627 -0.37685
0.03813 0.09251 0.92552 -0.37870
0.03831 0.09244 0.92476 -0.38055
0.03850 0.09236 0.92400 -0.38239
0.03868 0.09229 0.92324 -0.38423
0.03886 0.09221 0.92247 -0.38607
0.03905 0.09213 0.92170 -0.38791
0.03923 0.09205 0.92092 -0.38975
0.03942 0.09198 0.92014 -0.39159
0.03960 0.09190 0.91936 -0.39343
0.03978 0.09182 0.91857 -0.39526
0.03997 0.09174 0.91778 -0.39709
0.04015 0.09166 0.91698 -0.39892
0.04033 0.09158 0.91619 -0.40075
0.04051 0.09150 0.91538 -0.40258
0.04070 0.09142 0.91458 -0.40441
0.04088 0.09134 0.91377 -0.40623
0.04106 0.09126 0.91296 -0.40806
0.04124 0.09118 0.91214 -0.40988
0.04143 0.09109 0.91132 -0.41170
0.04161 0.09101 0.91050 -0.41352
0.04179 0.09093 0.90967 -0.41534
0.04197 0.09085 0.90884 -0.41715
0.04215 0.09076 0.90800 -0.41897
0.04233 0.09068 0.90716 -0.42078
0.04251 0.09059 0.90632 -0.42259
0.04269 0.09051 0.90547 -0.42440
0.04288 0.09043 0.90462 -0.42621
0.04306 0.09034 0.90377 -0.42802
0.04324 0.09025 0.90291 -0.42982
0.04342 0.09017 0.90205 -0.43162
0.04360 0.09008 0.90119 -0.43343
0.04378 0.09000 0.90032 -0.43523
0.04396 0.08991 0.89945 -0.43702
0.04413 0.08982 0.89857 -0.43882
0.04431 0.08973 0.89770 -0.44062
0.04449 0.08965 0.89681 -0.44241
0.04467 0.08956 0.89593 -0.44420
0.04485 0.08947 0.89504 -0.44599
0.04503 0.08938 0.89414 -0.44778
0.04521 0.08929 0.89325 -0.44957
0.04539 0.08920 0.89235 -0.45135
0.04556 0.08911 0.89144 -0.45314
0.04574 0.08902 0.89053 -0.45492
0.04592 0.08893 0.88962 -0.45670
0.04610 0.08884 0.88871 -0.45848
0.04627 0.08874 0.88779 -0.46025
0.04645 0.08865 0.88687 -0.46203
0.04663 0.08856 0.88594 -0.46380
0.04680 0.08847 0.88501 -0.46557
0.04698 0.08837 0.88408 -0.46734
0.04716 0.08828 0.88314 -0.46911
0.04733 0.08819 0.88220 -0.47087
0.04751 0.08809 0.88126 -0.47264
0.04768 0.08800 0.88031 -0.47440
0.04786 0.08790 0.87936 -0.47616
0.04804 0.08781 0.87840 -0.47792
0.04821 0.08771 0.87745 -0.47968
0.04839 0.08762 0.87648 -0.48143
0.04856 0.08752 0.87552 -0.48319
0.04873 0.08742 0.87455 -0.48494
0.04891 0.08733 0.87358 -0.48669
0.04908 0.08723 0.87260 -0.48843
0.04926 0.08713 0.87162 -0.49018
0.04943 0.08704 0.87064 -0.49192
0.04960 0.08694 0.86965 -0.49367
0.04978 0.08684 0.86866 -0.49541
0.04995 0.08674 0.86767 -0.49715
0.05012 0.08664 0.86667 -0.49888
0.05030 0.08654 0.86567 -0.50062
0.05047 0.08644 0.86467 -0.50235
0.05064 0.08634 0.86366 -0.50408
0.05081 0.08624 0.86265 -0.50581
0.05099 0.08614 0.86163 -0.50753
0.05116 0.08604 0.86061 -0.50926
0.05133 0.08594 0.85959 -0.51098
0.05150 0.08583 0.85857 -0.51270
0.05167 0.08573 0.85754 -0.51442
0.05184 0.08563 0.85650 -0.51614
0.05201 0.08552 0.85547 -0.51785
0.05218 0.08542 0.85443 -0.51957
0.05235 0.08532 0.85339 -0.52128
0.05252 0.08521 0.85234 -0.52299
0.05269 0.08511 0.85129 -0.52469
0.05286 0.08500 0.85024 -0.52640
0.05303 0.08490 0.84918 -0.52810
0.05320 0.08479 0.84812 -0.52980
0.05337 0.08469 0.84706 -0.53150
0.05354 0.08458 0.84599 -0.53320
0.05371 0.08448 0.84492 -0.53489
0.05388 0.08437 0.84385 -0.53659
0.05404 0.08426 0.84277 -0.53828
0.05421 0.08415 0.84169 -0.53997
0.05438 0.08405 0.84060 -0.54165
0.05455 0.08394 0.83952 -0.54334
0.05471 0.08383 0.83842 -0.54502
0.05488 0.08372 0.83733 -0.54670
0.05505 0.08361 0.83623 -0.54838
0.05522 0.08350 0.83513 -0.55005
0.05538 0.08339 0.83403 -0.55173
0.05555 0.08328 0.83292 -0.55340
0.05571 0.08317 0.83181 -0.55507
0.05588 0.08306 0.83069 -0.55673
0.05604 0.08295 0.82957 -0.55840
0.05621 0.08284 0.82845 -0.56006
0.05638 0.08273 0.82733 -0.56172
0.05654 0.08261 0.82620 -0.56338
0.05670 0.08250 0.82507 -0.56504
0.05687 0.08239 0.82393 -0.56669
0.05703 0.08228 0.82279 -0.56834
0.05720 0.08216 0.82165 -0.56999
0.05736 0.08205 0.82050 -0.57164
0.05752 0.08193 0.81936 -0.57329
0.05769 0.08182 0.81820 -0.57493
0.05785 0.08170 0.81705 -0.57657
0.05801 0.08159 0.81589 -0.57821
0.05818 0.08147 0.81473 -0.57984
0.05834 0.08136 0.81356 -0.58148
0.05850 0.08124 0.81239 -0.58311
0.05866 0.08113 0.81122 -0.58474
0.05882 0.08101 0.81005 -0.58637
0.05898 0.08089 0.80887 -0.58799
0.05915 0.08078 0.80769 -0.58961
0.05931 0.08066 0.80650 -0.59123
0.05947 0.08054 0.80531 -0.59285
0.05963 0.08042 0.80412 -0.59447
0.05979 0.08030 0.80293 -0.59608
0.05995 0.08018 0.80173 -0.59769
0.06011 0.08006 0.80053 -0.59930
0.06027 0.07994 0.79932 -0.60090
0.06043 0.07982 0.79811 -0.60251
0.06058 0.07970 0.79690 -0.60411
0.06074 0.07958 0.79569 -0.60571
0.06090 0.07946 0.79447 -0.60730
0.06106 0.07934 0.79325 -0.60890
0.06122 0.07922 0.79202 -0.61049
0.06138 0.07910 0.79080 -0.61208
0.06153 0.07898 0.78957 -0.61367
0.06169 0.07885 0.78833 -0.61525
0.06185 0.07873 0.78709 -0.61683
0.06200 0.07861 0.78585 -0.61841
0.06216 0.07848 0.78461 -0.61999
0.06232 0.07836 0.78336 -0.62156
0.06247 0.07824 0.78211 -0.62314
0.06263 0.07811 0.78086 -0.62471
0.06278 0.07799 0.77960 -0.62627
0.06294 0.07786 0.77834 -0.62784
0.06309 0.07774 0.77708 -0.62940
0.06325 0.07761 0.77582 -0.63096
0.06340 0.07749 0.77455 -0.63252
0.06356 0.07736 0.77327 -0.63407
0.06371 0.07723 0.77200 -0.63562
0.06387 0.07711 0.77072 -0.63717
0.06402 0.07698 0.76944 -0.63872
0.06417 0.07685 0.76815 -0.64026
0.06433 0.07672 0.76687 -0.64181
0.06448 0.07660 0.76558 -0.64335
0.06463 0.07647 0.76428 -0.64488
0.06478 0.07634 0.76298 -0.64642
0.06493 0.07621 0.76168 -0.64795
0.06509 0.07608 0.76038 -0.64948
0.06524 0.07595 0.75907 -0.65100
0.06539 0.07582 0.75776 -0.65253
0.06554 0.07569 0.75645 -0.65405
0.06569 0.07556 0.75514 -0.65557
0.06584 0.07543 0.75382 -0.65708
0.06599 0.07530 0.75249 -0.65860
0.06614 0.07517 0.75117 -0.66011
0.06629 0.07504 0.74984 -0.66162
0.06644 0.07490 0.74851 -0.66312
0.06659 0.07477 0.74718 -0.66463
0.06674 0.07464 0.74584 -0.66613
0.06689 0.07451 0.74450 -0.66762
0.06703 0.07437 0.74316 -0.66912
0.06718 0.07424 0.74181 -0.67061
0.06733 0.07411 0.74046 -0.67210
0.06748 0.07397 0.73911 -0.67359
0.06762 0.07384 0.73775 -0.67507
0.06777 0.07370 0.73639 -0.67655
0.06792 0.07357 0.73503 -0.67803
0.06806 0.07343 0.73367 -0.67951
0.06821 0.07330 0.73230 -0.68098
0.06836 0.07316 0.73093 -0.68245
0.06850 0.07303 0.72956 -0.68392
0.06865 0.07289 0.72818 -0.68538
0.06879 0.07275 0.72680 -0.68685
0.06894 0.07261 0.72542 -0.68830
0.06908 0.07248 0.72404 -0.68976
0.06922 0.07234 0.72265 -0.69122
0.06937 0.07220 0.72126 -0.69267
0.06951 0.07206 0.71986 -0.69411
0.06965 0.07193 0.71847 -0.69556
0.06980 0.07179 0.71707 -0.69700
0.06994 0.07165 0.71567 -0.69844
0.07008 0.07151 0.71426 -0.69988
0.07023 0.07137 0.71285 -0.70131
0.07037 0.07123 0.71144 -0.70275
0.07051 0.07109 0.71003 -0.70417
0.07065 0.07095 0.70861 -0.70560
0.07079 0.07081 0.70719 -0.70702
0.07093 0.07067 0.70577 -0.70844
0.07107 0.07053 0.70434 -0.70986
0.07121 0.07038 0.70291 -0.71127
0.07135 0.07024 0.70148 -0.71269
0.07149 0.07010 0.70005 -0.71409
0.07163 0.06996 0.69861 -0.71550
0.07177 0.06981 0.69717 -0.71690
0.07191 0.06967 0.69573 -0.71830
0.07205 0.06953 0.69429 -0.71970
0.07219 0.06938 0.69284 -0.72109
0.07232 0.06924 0.69139 -0.72248
0.07246 0.06910 0.68993 -0.72387
0.07260 0.06895 0.68848 -0.72526
0.07274 0.06881 0.68702 -0.72664
0.07287 0.06866 0.68556 -0.72802
0.07301 0.06852 0.68409 -0.72940
0.07315 0.06837 0.68262 -0.73077
0.07328 0.06823 0.68115 -0.73214
0.07342 0.06808 0.67968 -0.73351
0.07355 0.06793 0.67821 -0.73487
0.07369 0.06779 0.67673 -0.73623
0.07382 0.06764 0.67525 -0.73759
0.07396 0.06749 0.67376 -0.73895
0.07409 0.06735 0.67228 -0.74030
0.07422 0.06720 0.67079 -0.74165
0.07436 0.06705 0.66929 -0.74300
0.07449 0.06690 0.66780 -0.74434
0.07462 0.06675 0.66630 -0.74568
0.07476 0.06661 0.66480 -0.74702
0.07489 0.06646 0.66330 -0.74835
0.07502 0.06631 0.66180 -0.74968
0.07515 0.06616 0.66029 -0.75101
0.07528 0.06601 0.65878 -0.75234
0.07541 0.06586 0.65726 -0.75366
0.07555 0.06571 0.65575 -0.75498
0.07568 0.06556 0.65423 -0.75630
0.07581 0.06541 0.65271 -0.75761
0.07594 0.06526 0.65119 -0.75892
0.07607 0.06510 0.64966 -0.76023
0.07620 0.06495 0.64813 -0.76153
0.07632 0.06480 0.64660 -0.76283
0.07645 0.06465 0.64506 -0.76413
0.07658 0.06450 0.64353 -0.76542
0.07671 0.06434 0.64199 -0.76671
0.07684 0.06419 0.64045 -0.76800
0.07696 0.06404 0.63890 -0.76929
0.07709 0.06388 0.63736 -0.77057
0.07722 0.06373 0.63581 -0.77185
0.07735 0.06358 0.63426 -0.77312
0.07747 0.06342 0.63270 -0.77440
0.07760 0.06327 0.63114 -0.77567
0.07772 0.06311 0.62958 -0.77693
0.07785 0.06296 0.62802 -0.77820
0.07797 0.06280 0.62646 -0.77946
0.07810 0.06265 0.62489 -0.78071
0.07822 0.06249 0.62332 -0.78197
0.07835 0.06234 0.62175 -0.78322
0.07847 0.06218 0.62018 -0.78446
0.07859 0.06202 0.61860 -0.78571
0.07872 0.06187 0.61702 -0.78695
0.07884 0.06171 0.61544 -0.78819
0.07896 0.06155 0.61385 -0.78942
0.07908 0.06139 0.61227 -0.79065
0.07921 0.06124 0.61068 -0.79188
0.07933 0.06108 0.60909 -0.79310
0.07945 0.06092 0.60749 -0.79432
0.07957 0.06076 0.60590 -0.79554
0.07969 0.06060 0.60430 -0.79676
0.07981 0.06044 0.60270 -0.79797
0.07993 0.06029 0.60109 -0.79918
0.08005 0.06013 0.59949 -0.80038
0.08017 0.05997 0.59788 -0.80159
0.08029 0.05981 0.59627 -0.80278
0.08041 0.05965 0.59466 -0.80398
0.08053 0.05949 0.59304 -0.80517
0.08064 0.05933 0.59142 -0.80636
0.08076 0.05916 0.58980 -0.80755
0.08088 0.05900 0.58818 -0.80873
0.08100 0.05884 0.58656 -0.80991
0.08111 0.05868 0.58493 -0.81108
0.08123 0.05852 0.58330 -0.81226
0.08134 0.05836 0.58167 -0.81342
0.08146 0.05819 0.58004 -0.81459
0.08158 0.05803 0.57840 -0.81575
0.08169 0.05787 0.57676 -0.81691
0.08181 0.05771 0.57512 -0.81807
0.08192 0.05754 0.57348 -0.81922
0.08203 0.05738 0.57184 -0.82037
0.08215 0.05722 0.57019 -0.82151
0.08226 0.05705 0.56854 -0.82266
0.08238 0.05689 0.56689 -0.82380
0.08249 0.05672 0.56523 -0.82493
0.08260 0.05656 0.56358 -0.82606
0.08271 0.05639 0.56192 -0.82719
0.08282 0.05623 0.56026 -0.82832
0.08294 0.05606 0.55860 -0.82944
0.08305 0.05590 0.55693 -0.83056
0.08316 0.05573 0.55526 -0.83167
0.08327 0.05557 0.55360 -0.83279
0.08338 0.05540 0.55192 -0.83389
0.08349 0.05523 0.55025 -0.83500
0.08360 0.05507 0.54858 -0.83610
0.08371 0.05490 0.54690 -0.83720
0.08382 0.05473 0.54522 -0.83829
0.08392 0.05457 0.54354 -0.83939
0.08403 0.05440 0.54185 -0.84047
0.08414 0.05423 0.54017 -0.84156
0.08425 0.05406 0.53848 -0.84264
0.08436 0.05390 0.53679 -0.84372
0.08446 0.05373 0.53509 -0.84479
0.08457 0.05356 0.53340 -0.84586
0.08468 0.05339 0.53170 -0.84693
0.08478 0.05322 0.53000 -0.84799
0.08489 0.05305 0.52830 -0.84906
0.08499 0.05288 0.52660 -0.85011
0.08510 0.05271 0.52490 -0.85117
0.08520 0.05254 0.52319 -0.85222
0.08531 0.05237 0.52148 -0.85326
0.08541 0.05220 0.51977 -0.85431
0.08551 0.05203 0.51806 -0.85535
0.08562 0.05186 0.51634 -0.85638
0.08572 0.05169 0.51463 -0.85741
0.08582 0.05152 0.51291 -0.85844
0.08592 0.05135 0.51119 -0.85947
0.08602 0.05118 0.50946 -0.86049
0.08613 0.05101 0.50774 -0.86151
0.08623 0.05083 0.50601 -0.86253
0.08633 0.05066 0.50428 -0.86354
0.08643 0.05049 0.50255 -0.86455
0.08653 0.05032 0.50082 -0.86555
0.08663 0.05014 0.49909 -0.86655
0.08673 0.04997 0.49735 -0.86755
0.08683 0.04980 0.49561 -0.86854
0.08693 0.04962 0.49387 -0.86953
0.08702 0.04945 0.49213 -0.87052
0.08712 0.04928 0.49039 -0.87150
0.08722 0.04910 0.48864 -0.87248
0.08732 0.04893 0.48689 -0.87346
0.08741 0.04876 0.48514 -0.87443
0.08751 0.04858 0.48339 -0.87540
0.08761 0.04841 0.48164 -0.87637
0.08770 0.04823 0.47988 -0.87733
0.08780 0.04806 0.47813 -0.87829
0.08789 0.04788 0.47637 -0.87925
0.08799 0.04771 0.47461 -0.88020
0.08808 0.04753 0.47285 -0.88114
0.08818 0.04735 0.47108 -0.88209
0.08827 0.04718 0.46932 -0.88303
0.08836 0.04700 0.46755 -0.88397
0.08846 0.04682 0.46578 -0.88490
0.08855 0.04665 0.46401 -0.88583
0.08864 0.04647 0.46224 -0.88676
0.08873 0.04629 0.46046 -0.88768
0.08883 0.04612 0.45869 -0.88860
0.08892 0.04594 0.45691 -0.88951
0.08901 0.04576 0.45513 -0.89043
0.08910 0.04558 0.45335 -0.89133
0.08919 0.04541 0.45156 -0.89224
0.08928 0.04523 0.44978 -0.89314
0.08937 0.04505 0.44799 -0.89404
0.08946 0.04487 0.44620 -0.89493
0.08955 0.04469 0.44441 -0.89582
0.08963 0.04451 0.44262 -0.89671
0.08972 0.04434 0.44083 -0.89759
0.08981 0.04416 0.43903 -0.89847
0.08990 0.04398 0.43724 -0.89935
0.08999 0.04380 0.43544 -0.90022
0.09007 0.04362 0.43364 -0.90109
0.09016 0.04344 0.43184 -0.90195
0.09024 0.04326 0.43003 -0.90281
0.09033 0.04308 0.42823 -0.90367
0.09042 0.04290 0.42642 -0.90452
0.09050 0.04272 0.42461 -0.90537
0.09058 0.04254 0.42280 -0.90622
0.09067 0.04235 0.42099 -0.90706
0.09075 0.04217 0.41918 -0.90790
0.09084 0.04199 0.41737 -0.90874
0.09092 0.04181 0.41555 -0.90957
0.09100 0.04163 0.41373 -0.91040
0.09108 0.04145 0.41191 -0.91122
0.09117 0.04127 0.41009 -0.91204
0.09125 0.04108 0.40827 -0.91286
0.09133 0.04090 0.40645 -0.91367
0.09141 0.04072 0.40462 -0.91448
0.09149 0.04054 0.40280 -0.91529
0.09157 0.04035 0.40097 -0.91609
0.09165 0.04017 0.39914 -0.91689
0.09173 0.03999 0.39731 -0.91768
0.09181 0.03980 0.39548 -0.91848
0.09189 0.03962 0.39364 -0.91926
0.09197 0.03944 0.39181 -0.92005
0.09204 0.03925 0.38997 -0.92083
0.09212 0.03907 0.38813 -0.92160
0.09220 0.03889 0.38629 -0.92238
0.09228 0.03870 0.38445 -0.92315
0.09235 0.03852 0.38261 -0.92391
0.09243 0.03833 0.38076 -0.92467
0.09251 0.03815 0.37892 -0.92543
0.09258 0.03796 0.37707 -0.92618
0.09266 0.03778 0.37522 -0.92693
0.09273 0.03759 0.37337 -0.92768
0.09280 0.03741 0.37152 -0.92842
0.09288 0.03722 0.36967 -0.92916
0.09295 0.03704 0.36782 -0.92990
0.09303 0.03685 0.36596 -0.93063
0.09310 0.03666 0.36411 -0.93136
0.09317 0.03648 0.36225 -0.93208
0.09324 0.03629 0.36039 -0.93280
0.09331 0.03611 0.35853 -0.93352
0.09339 0.03592 0.35667 -0.93423
0.09346 0.03573 0.35481 -0.93494
0.09353 0.03555 0.35294 -0.93565
0.09360 0.03536 0.35108 -0.93635
0.09367 0.03517 0.34921 -0.93705
0.09374 0.03499 0.34734 -0.93774
0.09381 0.03480 0.34547 -0.93843
0.09388 0.03461 0.34360 -0.93912
0.09394 0.03442 0.34173 -0.93980
0.09401 0.03424 0.33986 -0.94048
0.09408 0.03405 0.33798 -0.94115
0.09415 0.03386 0.33611 -0.94182
0.09421 0.03367 0.33423 -0.94249
0.09428 0.03348 0.33235 -0.94316
0.09435 0.03329 0.33047 -0.94382
0.09441 0.03311 0.32859 -0.94447
0.09448 0.03292 0.32671 -0.94512
0.09454 0.03273 0.32483 -0.94577
0.09461 0.03254 0.32294 -0.94642
0.09467 0.03235 0.32106 -0.94706
0.09474 0.03216 0.31917 -0.94770
0.09480 0.03197 0.31728 -0.94833
0.09486 0.03178 0.31539 -0.94896
0.09493 0.03159 0.31351 -0.94959
0.09499 0.03140 0.31161 -0.95021
0.09505 0.03121 0.30972 -0.95083
0.09511 0.03102 0.30783 -0.95144
0.09517 0.03083 0.30593 -0.95205
0.09523 0.03064 0.30404 -0.95266
0.09529 0.03045 0.30214 -0.95326
0.09535 0.03026 0.30025 -0.95386
0.09541 0.03007 0.29835 -0.95446
0.09547 0.02988 0.29645 -0.95505
0.09553 0.02969 0.29455 -0.95564
0.09559 0.02950 0.29264 -0.95622
0.09565 0.02931 0.29074 -0.95680
0.09571 0.02912 0.28884 -0.95738
0.09577 0.02893 0.28693 -0.95795
0.09582 0.02873 0.28503 -0.95852
0.09588 0.02854 0.28312 -0.95908
0.09594 0.02835 0.28121 -0.95965
0.09599 0.02816 0.27930 -0.96020
0.09605 0.02797 0.27739 -0.96076
0.09610 0.02778 0.27548 -0.96131
0.09616 0.02758 0.27357 -0.96185
0.09621 0.02739 0.27166 -0.96239
0.09627 0.02720 0.26974 -0.96293
0.09632 0.02701 0.26783 -0.96347
0.09637 0.02681 0.26591 -0.96400
0.09643 0.02662 0.26399 -0.96452
0.09648 0.02643 0.26208 -0.96505
0.09653 0.02624 0.26016 -0.96557
0.09658 0.02604 0.25824 -0.96608
0.09663 0.02585 0.25632 -0.96659
0.09668 0.02566 0.25440 -0.96710
0.09674 0.02546 0.25247 -0.96760
0.09679 0.02527 0.25055 -0.96810
0.09684 0.02508 0.24863 -0.96860
0.09688 0.02488 0.24670 -0.96909
0.09693 0.02469 0.24478 -0.96958
0.09698 0.02449 0.24285 -0.97006
0.09703 0.02430 0.24092 -0.97054
0.09708 0.02411 0.23899 -0.97102
0.09713 0.02391 0.23706 -0.97149
0.09717 0.02372 0.23513 -0.97196
0.09722 0.02352 0.23320 -0.97243
0.09727 0.02333 0.23127 -0.97289
0.09731 0.02314 0.22934 -0.97335
0.09736 0.02294 0.22740 -0.97380
0.09740 0.02275 0.22547 -0.97425
0.09745 0.02255 0.22353 -0.97470
0.09749 0.02236 0.22160 -0.97514
0.09754 0.02216 0.21966 -0.97558
0.09758 0.02197 0.21772 -0.97601
0.09762 0.02177 0.21579 -0.97644
0.09767 0.02158 0.21385 -0.97687
0.09771 0.02138 0.21191 -0.97729
0.09775 0.02119 0.20997 -0.97771
0.09779 0.02099 0.20803 -0.97812
0.09784 0.02079 0.20608 -0.97853
0.09788 0.02060 0.20414 -0.97894
0.09792 0.02040 0.20220 -0.97934
0.09796 0.02021 0.20025 -0.97974
0.09800 0.02001 0.19831 -0.98014
0.09804 0.01982 0.19636 -0.98053
0.09808 0.01962 0.19442 -0.98092
0.09811 0.01942 0.19247 -0.98130
0.09815 0.01923 0.19052 -0.98168
0.09819 0.01903 0.18858 -0.98206
0.09823 0.01883 0.18663 -0.98243
0.09826 0.01864 0.18468 -0.98280
0.09830 0.01844 0.18273 -0.98316
0.09834 0.01825 0.18078 -0.98352
0.09837 0.01805 0.17882 -0.98388
0.09841 0.01785 0.17687 -0.98423
0.09844 0.01766 0.17492 -0.98458
0.09848 0.01746 0.17297 -0.98493
0.09851 0.01726 0.17101 -0.98527
0.09855 0.01706 0.16906 -0.98561
0.09858 0.01687 0.16710 -0.98594
0.09861 0.01667 0.16515 -0.98627
0.09865 0.01647 0.16319 -0.98659
0.09868 0.01628 0.16123 -0.98692
0.09871 0.01608 0.15928 -0.98723
0.09874 0.01588 0.15732 -0.98755
0.09877 0.01568 0.15536 -0.98786
0.09881 0.01549 0.15340 -0.98816
0.09884 0.01529 0.15144 -0.98847
0.09887 0.01509 0.14948 -0.98876
0.09890 0.01489 0.14752 -0.98906
0.09893 0.01470 0.14556 -0.98935
0.09895 0.01450 0.14360 -0.98964
0.09898 0.01430 0.14164 -0.98992
0.09901 0.01410 0.13967 -0.99020
0.09904 0.01390 0.13771 -0.99047
0.09907 0.01371 0.13575 -0.99074
0.09909 0.01351 0.13378 -0.99101
0.09912 0.01331 0.13182 -0.99127
0.09915 0.01311 0.12985 -0.99153
0.09917 0.01291 0.12789 -0.99179
0.09920 0.01271 0.12592 -0.99204
0.09922 0.01252 0.12396 -0.99229
0.09925 0.01232 0.12199 -0.99253
0.09927 0.01212 0.12002 -0.99277
0.09929 0.01192 0.11805 -0.99301
0.09932 0.01172 0.11609 -0.99324
0.09934 0.01152 0.11412 -0.99347
0.09936 0.01132 0.11215 -0.99369
0.09939 0.01113 0.11018 -0.99391
0.09941 0.01093 0.10821 -0.99413
0.09943 0.01073 0.10624 -0.99434
0.09945 0.01053 0.10427 -0.99455
0.09947 0.01033 0.10230 -0.99475
0.09949 0.01013 0.10033 -0.99495
0.09951 0.00993 0.09836 -0.99515
0.09953 0.00973 0.09638 -0.99534
0.09955 0.00953 0.09441 -0.99553
0.09957 0.00934 0.09244 -0.99572
0.09959 0.00914 0.09047 -0.99590
0.09960 0.00894 0.08849 -0.99608
0.09962 0.00874 0.08652 -0.99625
0.09964 0.00854 0.08455 -0.99642
0.09966 0.00834 0.08257 -0.99658
0.09967 0.00814 0.08060 -0.99675
0.09969 0.00794 0.07862 -0.99690
0.09970 0.00774 0.07665 -0.99706
0.09972 0.00754 0.07468 -0.99721
0.09973 0.00734 0.07270 -0.99735
0.09975 0.00714 0.07072 -0.99750
0.09976 0.00694 0.06875 -0.99763
0.09977 0.00674 0.06677 -0.99777
0.09979 0.00654 0.06480 -0.99790
0.09980 0.00634 0.06282 -0.99802
0.09981 0.00615 0.06084 -0.99815
0.09982 0.00595 0.05887 -0.99827
0.09984 0.00575 0.05689 -0.99838
0.09985 0.00555 0.05491 -0.99849
0.09986 0.00535 0.05293 -0.99860
0.09987 0.00515 0.05096 -0.99870
0.09988 0.00495 0.04898 -0.99880
0.09989 0.00475 0.04700 -0.99889
0.09990 0.00455 0.04502 -0.99899
0.09991 0.00435 0.04304 -0.99907
0.09991 0.00415 0.04107 -0.99916
0.09992 0.00395 0.03909 -0.99924
0.09993 0.00375 0.03711 -0.99931
0.09994 0.00355 0.03513 -0.99938
0.09994 0.00335 0.03315 -0.99945
0.09995 0.00315 0.03117 -0.99951
0.09996 0.00295 0.02919 -0.99957
0.09996 0.00275 0.02721 -0.99963
0.09997 0.00255 0.02523 -0.99968
0.09997 0.00235 0.02325 -0.99973
0.09998 0.00215 0.02127 -0.99977
0.09998 0.00195 0.01930 -0.99981
0.09998 0.00175 0.01732 -0.99985
0.09999 0.00155 0.01534 -0.99988
0.09999 0.00135 0.01336 -0.99991
0.09999 0.00115 0.01138 -0.99994
0.10000 0.00095 0.00940 -0.99996
0.10000 0.00075 0.00742 -0.99997
0.10000 0.00055 0.00544 -0.99999
0.10000 0.00035 0.00346 -0.99999
0.10000 0.00015 0.00148 -1.00000
0.10000 -0.00005 -0.00050 -1.00000
