-0.99000 0.00000
-0.99000 0.00198
-0.99000 0.00396
-0.99000 0.00594
-0.99000 0.00792
-0.99000 0.00990
-0.99000 0.01188
-0.99000 0.01386
-0.99000 0.01584
-0.99000 0.01782
-0.99000 0.01980
-0.99000 0.02178
-0.98999 0.02376
-0.98999 0.02573
-0.98999 0.02771
-0.98999 0.02969
-0.98999 0.03167
-0.98999 0.03365
-0.98999 0.03562
-0.98999 0.03760
-0.98998 0.03958
-0.98998 0.04156
-0.98998 0.04353
-0.98998 0.04551
-0.98998 0.04748
-0.98998 0.04946
-0.98997 0.05143
-0.98997 0.05341
-0.98997 0.05538
-0.98997 0.05736
-0.98996 0.05933
-0.98996 0.06130
-0.98996 0.06327
-0.98996 0.06525
-0.98995 0.06722
-0.98995 0.06919
-0.98995 0.07116
-0.98995 0.07313
-0.98994 0.07510
-0.98994 0.07707
-0.98994 0.07903
-0.98993 0.08100
-0.98993 0.08297
-0.98993 0.08493
-0.98992 0.08690
-0.98992 0.08886
-0.98992 0.09083
-0.98991 0.09279
-0.98991 0.09475
-0.98991 0.09671
-0.98990 0.09867
-0.98990 0.10063
-0.98989 0.10259
-0.98989 0.10455
-0.98988 0.10651
-0.98988 0.10847
-0.98988 0.11042
-0.98987 0.11238
-0.98987 0.11433
-0.98986 0.11629
-0.98986 0.11824
-0.98985 0.12019
-0.98985 0.12214
-0.98984 0.12409
-0.98984 0.12604
-0.98983 0.12799
-0.98983 0.12993
-0.98982 0.13188
-0.98982 0.13382
-0.98981 0.13577
-0.98981 0.13771
-0.98980 0.13965
-0.98979 0.14159
-0.98979 0.14353
-0.98978 0.14547
-0.98978 0.14741
-0.98977 0.14934
-0.98976 0.15128
-0.98976 0.15321
-0.98975 0.15514
-0.98975 0.15708
-0.98974 0.15901
-0.98973 0.16093
-0.98973 0.16286
-0.98972 0.16479
-0.98971 0.16671
-0.98971 0.16864
-0.98970 0.17056
-0.98969 0.17248
-0.98968 0.17440
-0.98968 0.17632
-0.98967 0.17824
-0.98966 0.18015
-0.98966 0.18207
-0.98965 0.18398
-0.98964 0.18589
-0.98963 0.18780
-0.98962 0.18971
-0.98962 0.19162
-0.98961 0.19352
-0.98960 0.19543
-0.98959 0.19733
-0.98958 0.19923
-0.98958 0.20113
-0.98957 0.20303
-0.98956 0.20493
-0.98955 0.20682
-0.98954 0.20872
-0.98953 0.21061
-0.98952 0.21250
-0.98952 0.21439
-0.98951 0.21627
-0.98950 0.21816
-0.98949 0.22004
-0.98948 0.22193
-0.98947 0.22381
-0.98946 0.22569
-0.98945 0.22756
-0.98944 0.22944
-0.98943 0.23131
-0.98942 0.23318
-0.98941 0.23505
-0.98940 0.23692
-0.98939 0.23879
-0.98938 0.24066
-0.98937 0.24252
-0.98936 0.24438
-0.98935 0.24624
-0.98934 0.24810
-0.98933 0.24995
-0.98932 0.25181
-0.98931 0.25366
-0.98930 0.25551
-0.98929 0.25736
-0.98928 0.25920
-0.98926 0.26105
-0.98925 0.26289
-0.98924 0.26473
-0.98923 0.26657
-0.98922 0.26841
-0.98921 0.27024
-0.98920 0.27208
-0.98918 0.27391
-0.98917 0.27574
-0.98916 0.27756
-0.98915 0.27939
-0.98914 0.28121
-0.98912 0.28303
-0.98911 0.28485
-0.98910 0.28667
-0.98909 0.28848
-0.98907 0.29029
-0.98906 0.29210
-0.98905 0.29391
-0.98904 0.29572
-0.98902 0.29752
-0.98901 0.29933
-0.98900 0.30113
-0.98898 0.30292
-0.98897 0.30472
-0.98896 0.30651
-0.98894 0.30830
-0.98893 0.31009
-0.98892 0.31188
-0.98890 0.31366
-0.98889 0.31544
-0.98887 0.31722
-0.98886 0.31900
-0.98885 0.32078
-0.98883 0.32255
-0.98882 0.32432
-0.98880 0.32609
-0.98879 0.32786
-0.98877 0.32962
-0.98876 0.33138
-0.98874 0.33314
-0.98873 0.33490
-0.98871 0.33665
-0.98870 0.33840
-0.98868 0.34015
-0.98867 0.34190
-0.98865 0.34365
-0.98864 0.34539
-0.98862 0.34713
-0.98861 0.34887
-0.98859 0.35060
-0.98857 0.35233
-0.98856 0.35406
-0.98854 0.35579
-0.98853 0.35752
-0.98851 0.35924
-0.98849 0.36096
-0.98848 0.36268
-0.98846 0.36440
-0.98844 0.36611
-0.98843 0.36782
-0.98841 0.36953
-0.98839 0.37123
-0.98838 0.37294
-0.98836 0.37464
-0.98834 0.37634
-0.98832 0.37803
-0.98831 0.37972
-0.98829 0.38141
-0.98827 0.38310
-0.98825 0.38479
-0.98823 0.38647
-0.98822 0.38815
-0.98820 0.38983
-0.98818 0.39150
-0.98816 0.39317
-0.98814 0.39484
-0.98812 0.39651
-0.98810 0.39817
-0.98809 0.39984
-0.98807 0.40149
-0.98805 0.40315
-0.98803 0.40480
-0.98801 0.40646
-0.98799 0.40810
-0.98797 0.40975
-0.98795 0.41139
-0.98793 0.41303
-0.98791 0.41467
-0.98789 0.41630
-0.98787 0.41794
-0.98785 0.41957
-0.98783 0.42119
-0.98781 0.42282
-0.98779 0.42444
-0.98777 0.42606
-0.98775 0.42767
-0.98773 0.42928
-0.98771 0.43089
-0.98768 0.43250
-0.98766 0.43411
-0.98764 0.43571
-0.98762 0.43731
-0.98760 0.43890
-0.98758 0.44050
-0.98756 0.44209
-0.98753 0.44367
-0.98751 0.44526
-0.98749 0.44684
-0.98747 0.44842
-0.98744 0.45000
-0.98742 0.45157
-0.98740 0.45314
-0.98738 0.45471
-0.98735 0.45627
-0.98733 0.45784
-0.98731 0.45939
-0.98728 0.46095
-0.98726 0.46250
-0.98724 0.46406
-0.98721 0.46560
-0.98719 0.46715
-0.98717 0.46869
-0.98714 0.47023
-0.98712 0.47177
-0.98709 0.47330
-0.98707 0.47483
-0.98705 0.47636
-0.98702 0.47788
-0.98700 0.47940
-0.98697 0.48092
-0.98695 0.48244
-0.98692 0.48395
-0.98690 0.48546
-0.98687 0.48697
-0.98685 0.48847
-0.98682 0.48997
-0.98679 0.49147
-0.98677 0.49297
-0.98674 0.49446
-0.98672 0.49595
-0.98669 0.49744
-0.98666 0.49892
-0.98664 0.50040
-0.98661 0.50188
-0.98658 0.50335
-0.98656 0.50482
-0.98653 0.50629
-0.98650 0.50776
-0.98648 0.50922
-0.98645 0.51068
-0.98642 0.51214
-0.98639 0.51359
-0.98636 0.51504
-0.98634 0.51649
-0.98631 0.51794
-0.98628 0.51938
-0.98625 0.52082
-0.98622 0.52225
-0.98619 0.52369
-0.98617 0.52512
-0.98614 0.52654
-0.98611 0.52797
-0.98608 0.52939
-0.98605 0.53081
-0.98602 0.53222
-0.98599 0.53363
-0.98596 0.53504
-0.98593 0.53645
-0.98590 0.53785
-0.98587 0.53925
-0.98584 0.54065
-0.98581 0.54204
-0.98578 0.54343
-0.98575 0.54482
-0.98572 0.54621
-0.98569 0.54759
-0.98566 0.54897
-0.98562 0.55034
-0.98559 0.55171
-0.98556 0.55308
-0.98553 0.55445
-0.98550 0.55581
-0.98546 0.55717
-0.98543 0.55853
-0.98540 0.55989
-0.98537 0.56124
-0.98533 0.56259
-0.98530 0.56393
-0.98527 0.56527
-0.98524 0.56661
-0.98520 0.56795
-0.98517 0.56928
-0.98514 0.57061
-0.98510 0.57194
-0.98507 0.57327
-0.98503 0.57459
-0.98500 0.57590
-0.98497 0.57722
-0.98493 0.57853
-0.98490 0.57984
-0.98486 0.58115
-0.98483 0.58245
-0.98479 0.58375
-0.98476 0.58505
-0.98472 0.58634
-0.98468 0.58763
-0.98465 0.58892
-0.98461 0.59020
-0.98458 0.59149
-0.98454 0.59276
-0.98450 0.59404
-0.98447 0.59531
-0.98443 0.59658
-0.98439 0.59785
-0.98436 0.59911
-0.98432 0.60037
-0.98428 0.60163
-0.98424 0.60288
-0.98421 0.60414
-0.98417 0.60538
-0.98413 0.60663
-0.98409 0.60787
-0.98405 0.60911
-0.98402 0.61035
-0.98398 0.61158
-0.98394 0.61281
-0.98390 0.61404
-0.98386 0.61526
-0.98382 0.61649
-0.98378 0.61770
-0.98374 0.61892
-0.98370 0.62013
-0.98366 0.62134
-0.98362 0.62255
-0.98358 0.62375
-0.98354 0.62495
-0.98350 0.62615
-0.98346 0.62734
-0.98341 0.62853
-0.98337 0.62972
-0.98333 0.63091
-0.98329 0.63209
-0.98325 0.63327
-0.98321 0.63445
-0.98316 0.63562
-0.98312 0.63679
-0.98308 0.63796
-0.98304 0.63912
-0.98299 0.64028
-0.98295 0.64144
-0.98291 0.64260
-0.98286 0.64375
-0.98282 0.64490
-0.98277 0.64605
-0.98273 0.64719
-0.98269 0.64833
-0.98264 0.64947
-0.98260 0.65060
-0.98255 0.65173
-0.98251 0.65286
-0.98246 0.65399
-0.98241 0.65511
-0.98237 0.65623
-0.98232 0.65735
-0.98228 0.65846
-0.98223 0.65958
-0.98218 0.66068
-0.98214 0.66179
-0.98209 0.66289
-0.98204 0.66399
-0.98200 0.66509
-0.98195 0.66618
-0.98190 0.66727
-0.98185 0.66836
-0.98180 0.66945
-0.98176 0.67053
-0.98171 0.67161
-0.98166 0.67268
-0.98161 0.67376
-0.98156 0.67483
-0.98151 0.67589
-0.98146 0.67696
-0.98141 0.67802
-0.98136 0.67908
-0.98131 0.68014
-0.98126 0.68119
-0.98121 0.68224
-0.98116 0.68329
-0.98111 0.68433
-0.98106 0.68537
-0.98100 0.68641
-0.98095 0.68745
-0.98090 0.68848
-0.98085 0.68951
-0.98080 0.69054
-0.98074 0.69157
-0.98069 0.69259
-0.98064 0.69361
-0.98058 0.69462
-0.98053 0.69564
-0.98048 0.69665
-0.98042 0.69766
-0.98037 0.69866
-0.98031 0.69966
-0.98026 0.70066
-0.98020 0.70166
-0.98015 0.70265
-0.98009 0.70364
-0.98004 0.70463
-0.97998 0.70562
-0.97993 0.70660
-0.97987 0.70758
-0.97981 0.70856
-0.97976 0.70953
-0.97970 0.71050
-0.97964 0.71147
-0.97959 0.71244
-0.97953 0.71340
-0.97947 0.71436
-0.97941 0.71532
-0.97935 0.71628
-0.97929 0.71723
-0.97924 0.71818
-0.97918 0.71912
-0.97912 0.72007
-0.97906 0.72101
-0.97900 0.72195
-0.97894 0.72289
-0.97888 0.72382
-0.97882 0.72475
-0.97876 0.72568
-0.97869 0.72660
-0.97863 0.72753
-0.97857 0.72845
-0.97851 0.72936
-0.97845 0.73028
-0.97839 0.73119
-0.97832 0.73210
-0.97826 0.73301
-0.97820 0.73391
-0.97813 0.73481
-0.97807 0.73571
-0.97801 0.73661
-0.97794 0.73750
-0.97788 0.73839
-0.97781 0.73928
-0.97775 0.74016
-0.97768 0.74105
-0.97762 0.74193
-0.97755 0.74280
-0.97748 0.74368
-0.97742 0.74455
-0.97735 0.74542
-0.97728 0.74629
-0.97722 0.74715
-0.97715 0.74802
-0.97708 0.74887
-0.97701 0.74973
-0.97695 0.75059
-0.97688 0.75144
-0.97681 0.75229
-0.97674 0.75313
-0.97667 0.75398
-0.97660 0.75482
-0.97653 0.75566
-0.97646 0.75650
-0.97639 0.75733
-0.97632 0.75816
-0.97625 0.75899
-0.97618 0.75982
-0.97610 0.76064
-0.97603 0.76146
-0.97596 0.76228
-0.97589 0.76310
-0.97581 0.76391
-0.97574 0.76472
-0.97567 0.76553
-0.97559 0.76634
-0.97552 0.76714
-0.97545 0.76794
-0.97537 0.76874
-0.97530 0.76954
-0.97522 0.77033
-0.97515 0.77113
-0.97507 0.77192
-0.97499 0.77270
-0.97492 0.77349
-0.97484 0.77427
-0.97476 0.77505
-0.97469 0.77583
-0.97461 0.77660
-0.97453 0.77737
-0.97445 0.77814
-0.97437 0.77891
-0.97429 0.77968
-0.97421 0.78044
-0.97413 0.78120
-0.97405 0.78196
-0.97397 0.78271
-0.97389 0.78347
-0.97381 0.78422
-0.97373 0.78497
-0.97365 0.78571
-0.97357 0.78646
-0.97349 0.78720
-0.97340 0.78794
-0.97332 0.78867
-0.97324 0.78941
-0.97315 0.79014
-0.97307 0.79087
-0.97299 0.79160
-0.97290 0.79232
-0.97282 0.79305
-0.97273 0.79377
-0.97265 0.79449
-0.97256 0.79520
-0.97247 0.79592
-0.97239 0.79663
-0.97230 0.79734
-0.97221 0.79805
-0.97213 0.79875
-0.97204 0.79945
-0.97195 0.80015
-0.97186 0.80085
-0.97177 0.80155
-0.97168 0.80224
-0.97159 0.80293
-0.97150 0.80362
-0.97141 0.80431
-0.97132 0.80499
-0.97123 0.80568
-0.97114 0.80636
-0.97105 0.80704
-0.97095 0.80771
-0.97086 0.80839
-0.97077 0.80906
-0.97067 0.80973
-0.97058 0.81039
-0.97049 0.81106
-0.97039 0.81172
-0.97030 0.81238
-0.97020 0.81304
-0.97011 0.81370
-0.97001 0.81435
-0.96991 0.81501
-0.96982 0.81566
-0.96972 0.81630
-0.96962 0.81695
-0.96952 0.81759
-0.96943 0.81824
-0.96933 0.81888
-0.96923 0.81951
-0.96913 0.82015
-0.96903 0.82078
-0.96893 0.82141
-0.96883 0.82204
-0.96873 0.82267
-0.96862 0.82330
-0.96852 0.82392
-0.96842 0.82454
-0.96832 0.82516
-0.96821 0.82578
-0.96811 0.82639
-0.96801 0.82700
-0.96790 0.82761
-0.96780 0.82822
-0.96769 0.82883
-0.96759 0.82944
-0.96748 0.83004
-0.96738 0.83064
-0.96727 0.83124
-0.96716 0.83183
-0.96705 0.83243
-0.96695 0.83302
-0.96684 0.83361
-0.96673 0.83420
-0.96662 0.83479
-0.96651 0.83537
-0.96640 0.83596
-0.96629 0.83654
-0.96618 0.83712
-0.96606 0.83770
-0.96595 0.83827
-0.96584 0.83884
-0.96573 0.83942
-0.96561 0.83998
-0.96550 0.84055
-0.96539 0.84112
-0.96527 0.84168
-0.96516 0.84224
-0.96504 0.84280
-0.96492 0.84336
-0.96481 0.84392
-0.96469 0.84447
-0.96457 0.84503
-0.96446 0.84558
-0.96434 0.84613
-0.96422 0.84667
-0.96410 0.84722
-0.96398 0.84776
-0.96386 0.84830
-0.96374 0.84884
-0.96362 0.84938
-0.96350 0.84992
-0.96337 0.85045
-0.96325 0.85098
-0.96313 0.85151
-0.96301 0.85204
-0.96288 0.85257
-0.96276 0.85309
-0.96263 0.85362
-0.96251 0.85414
-0.96238 0.85466
-0.96225 0.85518
-0.96213 0.85569
-0.96200 0.85621
-0.96187 0.85672
-0.96174 0.85723
-0.96161 0.85774
-0.96149 0.85825
-0.96136 0.85875
-0.96122 0.85926
-0.96109 0.85976
-0.96096 0.86026
-0.96083 0.86076
-0.96070 0.86125
-0.96056 0.86175
-0.96043 0.86224
-0.96030 0.86273
-0.96016 0.86322
-0.96003 0.86371
-0.95989 0.86420
-0.95976 0.86469
-0.95962 0.86517
-0.95948 0.86565
-0.95934 0.86613
-0.95921 0.86661
-0.95907 0.86709
-0.95893 0.86756
-0.95879 0.86804
-0.95865 0.86851
-0.95851 0.86898
-0.95837 0.86945
-0.95822 0.86991
-0.95808 0.87038
-0.95794 0.87084
-0.95779 0.87130
-0.95765 0.87176
-0.95750 0.87222
-0.95736 0.87268
-0.95721 0.87314
-0.95707 0.87359
-0.95692 0.87404
-0.95677 0.87449
-0.95662 0.87494
-0.95648 0.87539
-0.95633 0.87584
-0.95618 0.87628
-0.95603 0.87673
-0.95587 0.87717
-0.95572 0.87761
-0.95557 0.87805
-0.95542 0.87848
-0.95526 0.87892
-0.95511 0.87935
-0.95495 0.87978
-0.95480 0.88022
-0.95464 0.88064
-0.95449 0.88107
-0.95433 0.88150
-0.95417 0.88192
-0.95401 0.88235
-0.95386 0.88277
-0.95370 0.88319
-0.95354 0.88361
-0.95338 0.88402
-0.95321 0.88444
-0.95305 0.88486
-0.95289 0.88527
-0.95273 0.88568
-0.95256 0.88609
-0.95240 0.88650
-0.95223 0.88691
-0.95207 0.88731
-0.95190 0.88772
-0.95173 0.88812
-0.95157 0.88852
-0.95140 0.88892
-0.95123 0.88932
-0.95106 0.88972
-0.95089 0.89011
-0.95072 0.89051
-0.95055 0.89090
-0.95037 0.89129
-0.95020 0.89168
-0.95003 0.89207
-0.94985 0.89246
-0.94968 0.89284
-0.94950 0.89323
-0.94933 0.89361
-0.94915 0.89399
-0.94897 0.89437
-0.94879 0.89475
-0.94862 0.89513
-0.94844 0.89550
-0.94826 0.89588
-0.94807 0.89625
-0.94789 0.89663
-0.94771 0.89700
-0.94753 0.89737
-0.94734 0.89774
-0.94716 0.89810
-0.94697 0.89847
-0.94679 0.89883
-0.94660 0.89920
-0.94641 0.89956
-0.94623 0.89992
-0.94604 0.90028
-0.94585 0.90063
-0.94566 0.90099
-0.94547 0.90135
-0.94528 0.90170
-0.94508 0.90205
-0.94489 0.90241
-0.94470 0.90276
-0.94450 0.90310
-0.94431 0.90345
-0.94411 0.90380
-0.94391 0.90414
-0.94372 0.90449
-0.94352 0.90483
-0.94332 0.90517
-0.94312 0.90551
-0.94292 0.90585
-0.94272 0.90619
-0.94252 0.90653
-0.94231 0.90686
-0.94211 0.90719
-0.94190 0.90753
-0.94170 0.90786
-0.94149 0.90819
-0.94129 0.90852
-0.94108 0.90885
-0.94087 0.90917
-0.94066 0.90950
-0.94045 0.90982
-0.94024 0.91015
-0.94003 0.91047
-0.93982 0.91079
-0.93960 0.91111
-0.93939 0.91143
-0.93918 0.91175
-0.93896 0.91206
-0.93874 0.91238
-0.93853 0.91269
-0.93831 0.91301
-0.93809 0.91332
-0.93787 0.91363
-0.93765 0.91394
-0.93743 0.91425
-0.93721 0.91455
-0.93698 0.91486
-0.93676 0.91516
-0.93654 0.91547
-0.93631 0.91577
-0.93608 0.91607
-0.93586 0.91637
-0.93563 0.91667
-0.93540 0.91697
-0.93517 0.91727
-0.93494 0.91756
-0.93471 0.91786
-0.93448 0.91815
-0.93424 0.91845
-0.93401 0.91874
-0.93377 0.91903
-0.93354 0.91932
-0.93330 0.91961
-0.93306 0.91989
-0.93283 0.92018
-0.93259 0.92047
-0.93235 0.92075
-0.93210 0.92103
-0.93186 0.92132
-0.93162 0.92160
-0.93138 0.92188
-0.93113 0.92216
-0.93088 0.92243
-0.93064 0.92271
-0.93039 0.92299
-0.93014 0.92326
-0.92989 0.92354
-0.92964 0.92381
-0.92939 0.92408
-0.92914 0.92435
-0.92889 0.92462
-0.92863 0.92489
-0.92838 0.92516
-0.92812 0.92543
-0.92786 0.92569
-0.92761 0.92596
-0.92735 0.92622
-0.92709 0.92648
-0.92683 0.92675
-0.92656 0.92701
-0.92630 0.92727
-0.92604 0.92753
-0.92577 0.92779
-0.92551 0.92804
-0.92524 0.92830
-0.92497 0.92855
-0.92470 0.92881
-0.92443 0.92906
-0.92416 0.92932
-0.92389 0.92957
-0.92362 0.92982
-0.92334 0.93007
-0.92307 0.93032
-0.92279 0.93056
-0.92252 0.93081
-0.92224 0.93106
-0.92196 0.93130
-0.92168 0.93155
-0.92140 0.93179
-0.92112 0.93203
-0.92083 0.93227
-0.92055 0.93251
-0.92027 0.93275
-0.91998 0.93299
-0.91969 0.93323
-0.91940 0.93347
-0.91911 0.93370
-0.91882 0.93394
-0.91853 0.93417
-0.91824 0.93441
-0.91795 0.93464
-0.91765 0.93487
-0.91736 0.93510
-0.91706 0.93533
-0.91676 0.93556
-0.91646 0.93579
-0.91616 0.93602
-0.91586 0.93624
-0.91556 0.93647
-0.91525 0.93669
-0.91495 0.93692
-0.91464 0.93714
-0.91434 0.93736
-0.91403 0.93758
-0.91372 0.93780
-0.91341 0.93802
-0.91310 0.93824
-0.91279 0.93846
-0.91247 0.93868
-0.91216 0.93890
-0.91184 0.93911
-0.91152 0.93933
-0.91121 0.93954
-0.91089 0.93975
-0.91057 0.93997
-0.91024 0.94018
-0.90992 0.94039
-0.90960 0.94060
-0.90927 0.94081
-0.90895 0.94102
-0.90862 0.94122
-0.90829 0.94143
-0.90796 0.94164
-0.90763 0.94184
-0.90729 0.94205
-0.90696 0.94225
-0.90663 0.94245
-0.90629 0.94266
-0.90595 0.94286
-0.90561 0.94306
-0.90527 0.94326
-0.90493 0.94346
-0.90459 0.94366
-0.90425 0.94385
-0.90390 0.94405
-0.90356 0.94425
-0.90321 0.94444
-0.90286 0.94464
-0.90251 0.94483
-0.90216 0.94503
-0.90181 0.94522
-0.90145 0.94541
-0.90110 0.94560
-0.90074 0.94579
-0.90038 0.94598
-0.90003 0.94617
-0.89967 0.94636
-0.89930 0.94655
-0.89894 0.94673
-0.89858 0.94692
-0.89821 0.94710
-0.89785 0.94729
-0.89748 0.94747
-0.89711 0.94766
-0.89674 0.94784
-0.89637 0.94802
-0.89599 0.94820
-0.89562 0.94838
-0.89524 0.94856
-0.89486 0.94874
-0.89449 0.94892
-0.89411 0.94910
-0.89372 0.94927
-0.89334 0.94945
-0.89296 0.94963
-0.89257 0.94980
-0.89218 0.94998
-0.89180 0.95015
-0.89141 0.95032
-0.89102 0.95049
-0.89062 0.95067
-0.89023 0.95084
-0.88983 0.95101
-0.88944 0.95118
-0.88904 0.95135
-0.88864 0.95152
-0.88824 0.95168
-0.88784 0.95185
-0.88743 0.95202
-0.88703 0.95218
-0.88662 0.95235
-0.88621 0.95251
-0.88580 0.95268
-0.88539 0.95284
-0.88498 0.95300
-0.88457 0.95317
-0.88415 0.95333
-0.88373 0.95349
-0.88331 0.95365
-0.88289 0.95381
-0.88247 0.95397
-0.88205 0.95413
-0.88163 0.95428
-0.88120 0.95444
-0.88077 0.95460
-0.88034 0.95475
-0.87991 0.95491
-0.87948 0.95506
-0.87905 0.95522
-0.87861 0.95537
-0.87818 0.95552
-0.87774 0.95568
-0.87730 0.95583
-0.87686 0.95598
-0.87642 0.95613
-0.87597 0.95628
-0.87553 0.95643
-0.87508 0.95658
-0.87463 0.95673
-0.87418 0.95688
-0.87373 0.95702
-0.87327 0.95717
-0.87282 0.95732
-0.87236 0.95746
-0.87190 0.95761
-0.87144 0.95775
-0.87098 0.95789
-0.87052 0.95804
-0.87005 0.95818
-0.86959 0.95832
-0.86912 0.95846
-0.86865 0.95861
-0.86818 0.95875
-0.86770 0.95889
-0.86723 0.95903
-0.86675 0.95916
-0.86627 0.95930
-0.86580 0.95944
-0.86531 0.95958
-0.86483 0.95972
-0.86435 0.95985
-0.86386 0.95999
-0.86337 0.96012
-0.86288 0.96026
-0.86239 0.96039
-0.86190 0.96052
-0.86140 0.96066
-0.86091 0.96079
-0.86041 0.96092
-0.85991 0.96105
-0.85941 0.96119
-0.85890 0.96132
-0.85840 0.96145
-0.85789 0.96158
-0.85738 0.96170
-0.85687 0.96183
-0.85636 0.96196
-0.85585 0.96209
-0.85533 0.96222
-0.85481 0.96234
-0.85429 0.96247
-0.85377 0.96259
-0.85325 0.96272
-0.85273 0.96284
-0.85220 0.96297
-0.85167 0.96309
-0.85114 0.96322
-0.85061 0.96334
-0.85008 0.96346
-0.84954 0.96358
-0.84900 0.96370
-0.84846 0.96382
-0.84792 0.96394
-0.84738 0.96406
-0.84684 0.96418
-0.84629 0.96430
-0.84574 0.96442
-0.84519 0.96454
-0.84464 0.96466
-0.84409 0.96477
-0.84353 0.96489
-0.84297 0.96501
-0.84241 0.96512
-0.84185 0.96524
-0.84129 0.96535
-0.84072 0.96547
-0.84016 0.96558
-0.83959 0.96569
-0.83902 0.96581
-0.83844 0.96592
-0.83787 0.96603
-0.83729 0.96614
-0.83671 0.96625
-0.83613 0.96636
-0.83555 0.96648
-0.83497 0.96659
-0.83438 0.96669
-0.83379 0.96680
-0.83320 0.96691
-0.83261 0.96702
-0.83201 0.96713
-0.83142 0.96724
-0.83082 0.96734
-0.83022 0.96745
-0.82962 0.96756
-0.82901 0.96766
-0.82841 0.96777
-0.82780 0.96787
-0.82719 0.96798
-0.82658 0.96808
-0.82596 0.96818
-0.82534 0.96829
-0.82473 0.96839
-0.82411 0.96849
-0.82348 0.96859
-0.82286 0.96870
-0.82223 0.96880
-0.82160 0.96890
-0.82097 0.96900
-0.82034 0.96910
-0.81970 0.96920
-0.81907 0.96930
-0.81843 0.96940
-0.81779 0.96949
-0.81714 0.96959
-0.81650 0.96969
-0.81585 0.96979
-0.81520 0.96988
-0.81455 0.96998
-0.81390 0.97008
-0.81324 0.97017
-0.81258 0.97027
-0.81192 0.97036
-0.81126 0.97046
-0.81059 0.97055
-0.80993 0.97065
-0.80926 0.97074
-0.80859 0.97083
-0.80791 0.97093
-0.80724 0.97102
-0.80656 0.97111
-0.80588 0.97120
-0.80520 0.97129
-0.80452 0.97138
-0.80383 0.97147
-0.80314 0.97156
-0.80245 0.97165
-0.80176 0.97174
-0.80106 0.97183
-0.80036 0.97192
-0.79966 0.97201
-0.79896 0.97210
-0.79826 0.97219
-0.79755 0.97227
-0.79684 0.97236
-0.79613 0.97245
-0.79542 0.97253
-0.79470 0.97262
-0.79398 0.97271
-0.79326 0.97279
-0.79254 0.97288
-0.79182 0.97296
-0.79109 0.97304
-0.79036 0.97313
-0.78963 0.97321
-0.78890 0.97330
-0.78816 0.97338
-0.78742 0.97346
-0.78668 0.97354
-0.78594 0.97363
-0.78519 0.97371
-0.78444 0.97379
-0.78369 0.97387
-0.78294 0.97395
-0.78218 0.97403
-0.78143 0.97411
-0.78067 0.97419
-0.77991 0.97427
-0.77914 0.97435
-0.77837 0.97443
-0.77760 0.97451
-0.77683 0.97458
-0.77606 0.97466
-0.77528 0.97474
-0.77450 0.97482
-0.77372 0.97489
-0.77294 0.97497
-0.77215 0.97505
-0.77136 0.97512
-0.77057 0.97520
-0.76978 0.97527
-0.76898 0.97535
-0.76818 0.97542
-0.76738 0.97550
-0.76658 0.97557
-0.76577 0.97565
-0.76497 0.97572
-0.76416 0.97579
-0.76334 0.97587
-0.76253 0.97594
-0.76171 0.97601
-0.76089 0.97608
-0.76006 0.97615
-0.75924 0.97623
-0.75841 0.97630
-0.75758 0.97637
-0.75675 0.97644
-0.75591 0.97651
-0.75507 0.97658
-0.75423 0.97665
-0.75339 0.97672
-0.75254 0.97679
-0.75169 0.97686
-0.75084 0.97693
-0.74999 0.97699
-0.74913 0.97706
-0.74827 0.97713
-0.74741 0.97720
-0.74655 0.97726
-0.74568 0.97733
-0.74481 0.97740
-0.74394 0.97746
-0.74307 0.97753
-0.74219 0.97760
-0.74131 0.97766
-0.74043 0.97773
-0.73954 0.97779
-0.73866 0.97786
-0.73777 0.97792
-0.73687 0.97799
-0.73598 0.97805
-0.73508 0.97811
-0.73418 0.97818
-0.73328 0.97824
-0.73237 0.97830
-0.73146 0.97837
-0.73055 0.97843
-0.72964 0.97849
-0.72872 0.97855
-0.72780 0.97861
-0.72688 0.97868
-0.72596 0.97874
-0.72503 0.97880
-0.72410 0.97886
-0.72317 0.97892
-0.72223 0.97898
-0.72129 0.97904
-0.72035 0.97910
-0.71941 0.97916
-0.71846 0.97922
-0.71751 0.97928
-0.71656 0.97934
-0.71561 0.97939
-0.71465 0.97945
-0.71369 0.97951
-0.71273 0.97957
-0.71176 0.97963
-0.71079 0.97968
-0.70982 0.97974
-0.70885 0.97980
-0.70787 0.97985
-0.70689 0.97991
-0.70591 0.97997
-0.70493 0.98002
-0.70394 0.98008
-0.70295 0.98013
-0.70196 0.98019
-0.70096 0.98024
-0.69996 0.98030
-0.69896 0.98035
-0.69796 0.98041
-0.69695 0.98046
-0.69594 0.98051
-0.69493 0.98057
-0.69391 0.98062
-0.69289 0.98067
-0.69187 0.98073
-0.69085 0.98078
-0.68982 0.98083
-0.68879 0.98089
-0.68776 0.98094
-0.68673 0.98099
-0.68569 0.98104
-0.68465 0.98109
-0.68360 0.98114
-0.68256 0.98119
-0.68151 0.98125
-0.68045 0.98130
-0.67940 0.98135
-0.67834 0.98140
-0.67728 0.98145
-0.67622 0.98150
-0.67515 0.98155
-0.67408 0.98159
-0.67301 0.98164
-0.67193 0.98169
-0.67085 0.98174
-0.66977 0.98179
-0.66869 0.98184
-0.66760 0.98189
-0.66651 0.98193
-0.66542 0.98198
-0.66432 0.98203
-0.66322 0.98208
-0.66212 0.98212
-0.66102 0.98217
-0.65991 0.98222
-0.65880 0.98226
-0.65768 0.98231
-0.65657 0.98235
-0.65545 0.98240
-0.65433 0.98245
-0.65320 0.98249
-0.65207 0.98254
-0.65094 0.98258
-0.64981 0.98263
-0.64867 0.98267
-0.64753 0.98272
-0.64639 0.98276
-0.64524 0.98280
-0.64409 0.98285
-0.64294 0.98289
-0.64179 0.98294
-0.64063 0.98298
-0.63947 0.98302
-0.63831 0.98307
-0.63714 0.98311
-0.63597 0.98315
-0.63480 0.98319
-0.63362 0.98324
-0.63244 0.98328
-0.63126 0.98332
-0.63008 0.98336
-0.62889 0.98340
-0.62770 0.98344
-0.62651 0.98348
-0.62531 0.98353
-0.62411 0.98357
-0.62291 0.98361
-0.62170 0.98365
-0.62049 0.98369
-0.61928 0.98373
-0.61807 0.98377
-0.61685 0.98381
-0.61563 0.98385
-0.61441 0.98389
-0.61318 0.98393
-0.61195 0.98396
-0.61072 0.98400
-0.60948 0.98404
-0.60825 0.98408
-0.60700 0.98412
-0.60576 0.98416
-0.60451 0.98420
-0.60326 0.98423
-0.60201 0.98427
-0.60075 0.98431
-0.59949 0.98435
-0.59823 0.98438
-0.59696 0.98442
-0.59569 0.98446
-0.59442 0.98449
-0.59315 0.98453
-0.59187 0.98457
-0.59059 0.98460
-0.58930 0.98464
-0.58802 0.98467
-0.58673 0.98471
-0.58544 0.98475
-0.58414 0.98478
-0.58284 0.98482
-0.58154 0.98485
-0.58023 0.98489
-0.57892 0.98492
-0.57761 0.98496
-0.57630 0.98499
-0.57498 0.98502
-0.57366 0.98506
-0.57234 0.98509
-0.57101 0.98513
-0.56968 0.98516
-0.56835 0.98519
-0.56702 0.98523
-0.56568 0.98526
-0.56434 0.98529
-0.56299 0.98533
-0.56164 0.98536
-0.56029 0.98539
-0.55894 0.98542
-0.55758 0.98546
-0.55622 0.98549
-0.55486 0.98552
-0.55349 0.98555
-0.55213 0.98558
-0.55075 0.98561
-0.54938 0.98565
-0.54800 0.98568
-0.54662 0.98571
-0.54524 0.98574
-0.54385 0.98577
-0.54246 0.98580
-0.54107 0.98583
-0.53967 0.98586
-0.53827 0.98589
-0.53687 0.98592
-0.53546 0.98595
-0.53406 0.98598
-0.53265 0.98601
-0.53123 0.98604
-0.52981 0.98607
-0.52839 0.98610
-0.52697 0.98613
-0.52555 0.98616
-0.52412 0.98619
-0.52268 0.98621
-0.52125 0.98624
-0.51981 0.98627
-0.51837 0.98630
-0.51693 0.98633
-0.51548 0.98636
-0.51403 0.98638
-0.51258 0.98641
-0.51112 0.98644
-0.50966 0.98647
-0.50820 0.98649
-0.50673 0.98652
-0.50527 0.98655
-0.50380 0.98658
-0.50232 0.98660
-0.50084 0.98663
-0.49937 0.98666
-0.49788 0.98668
-0.49640 0.98671
-0.49491 0.98673
-0.49342 0.98676
-0.49192 0.98679
-0.49042 0.98681
-0.48892 0.98684
-0.48742 0.98686
-0.48591 0.98689
-0.48441 0.98691
-0.48289 0.98694
-0.48138 0.98696
-0.47986 0.98699
-0.47834 0.98701
-0.47682 0.98704
-0.47529 0.98706
-0.47376 0.98709
-0.47223 0.98711
-0.47069 0.98714
-0.46915 0.98716
-0.46761 0.98718
-0.46607 0.98721
-0.46452 0.98723
-0.46297 0.98725
-0.46142 0.98728
-0.45986 0.98730
-0.45830 0.98732
-0.45674 0.98735
-0.45518 0.98737
-0.45361 0.98739
-0.45204 0.98742
-0.45047 0.98744
-0.44889 0.98746
-0.44731 0.98748
-0.44573 0.98750
-0.44415 0.98753
-0.44256 0.98755
-0.44097 0.98757
-0.43938 0.98759
-0.43779 0.98761
-0.43619 0.98764
-0.43459 0.98766
-0.43298 0.98768
-0.43138 0.98770
-0.42977 0.98772
-0.42816 0.98774
-0.42654 0.98776
-0.42492 0.98778
-0.42330 0.98780
-0.42168 0.98782
-0.42005 0.98784
-0.41843 0.98786
-0.41679 0.98788
-0.41516 0.98790
-0.41352 0.98792
-0.41188 0.98794
-0.41024 0.98796
-0.40860 0.98798
-0.40695 0.98800
-0.40530 0.98802
-0.40365 0.98804
-0.40199 0.98806
-0.40033 0.98808
-0.39867 0.98810
-0.39701 0.98812
-0.39534 0.98814
-0.39368 0.98815
-0.39200 0.98817
-0.39033 0.98819
-0.38865 0.98821
-0.38697 0.98823
-0.38529 0.98825
-0.38361 0.98826
-0.38192 0.98828
-0.38023 0.98830
-0.37854 0.98832
-0.37684 0.98834
-0.37515 0.98835
-0.37345 0.98837
-0.37175 0.98839
-0.37004 0.98840
-0.36833 0.98842
-0.36662 0.98844
-0.36491 0.98845
-0.36320 0.98847
-0.36148 0.98849
-0.35976 0.98850
-0.35804 0.98852
-0.35631 0.98854
-0.35458 0.98855
-0.35285 0.98857
-0.35112 0.98859
-0.34939 0.98860
-0.34765 0.98862
-0.34591 0.98863
-0.34417 0.98865
-0.34242 0.98866
-0.34068 0.98868
-0.33893 0.98869
-0.33718 0.98871
-0.33542 0.98873
-0.33367 0.98874
-0.33191 0.98875
-0.33015 0.98877
-0.32839 0.98878
-0.32662 0.98880
-0.32485 0.98881
-0.32308 0.98883
-0.32131 0.98884
-0.31953 0.98886
-0.31776 0.98887
-0.31598 0.98888
-0.31420 0.98890
-0.31241 0.98891
-0.31063 0.98893
-0.30884 0.98894
-0.30705 0.98895
-0.30526 0.98897
-0.30346 0.98898
-0.30167 0.98899
-0.29987 0.98901
-0.29806 0.98902
-0.29626 0.98903
-0.29446 0.98905
-0.29265 0.98906
-0.29084 0.98907
-0.28903 0.98908
-0.28721 0.98910
-0.28540 0.98911
-0.28358 0.98912
-0.28176 0.98913
-0.27994 0.98915
-0.27811 0.98916
-0.27629 0.98917
-0.27446 0.98918
-0.27263 0.98919
-0.27079 0.98920
-0.26896 0.98922
-0.26712 0.98923
-0.26529 0.98924
-0.26345 0.98925
-0.26160 0.98926
-0.25976 0.98927
-0.25791 0.98928
-0.25607 0.98929
-0.25422 0.98931
-0.25236 0.98932
-0.25051 0.98933
-0.24865 0.98934
-0.24680 0.98935
-0.24494 0.98936
-0.24308 0.98937
-0.24121 0.98938
-0.23935 0.98939
-0.23748 0.98940
-0.23562 0.98941
-0.23375 0.98942
-0.23187 0.98943
-0.23000 0.98944
-0.22813 0.98945
-0.22625 0.98946
-0.22437 0.98947
-0.22249 0.98948
-0.22061 0.98949
-0.21873 0.98949
-0.21684 0.98950
-0.21495 0.98951
-0.21306 0.98952
-0.21117 0.98953
-0.20928 0.98954
-0.20739 0.98955
-0.20550 0.98956
-0.20360 0.98957
-0.20170 0.98957
-0.19980 0.98958
-0.19790 0.98959
-0.19600 0.98960
-0.19409 0.98961
-0.19219 0.98961
-0.19028 0.98962
-0.18837 0.98963
-0.18646 0.98964
-0.18455 0.98965
-0.18264 0.98965
-0.18073 0.98966
-0.17881 0.98967
-0.17689 0.98968
-0.17498 0.98968
-0.17306 0.98969
-0.17114 0.98970
-0.16921 0.98970
-0.16729 0.98971
-0.16537 0.98972
-0.16344 0.98972
-0.16151 0.98973
-0.15958 0.98974
-0.15765 0.98974
-0.15572 0.98975
-0.15379 0.98976
-0.15186 0.98976
-0.14992 0.98977
-0.14799 0.98977
-0.14605 0.98978
-0.14411 0.98979
-0.14217 0.98979
-0.14023 0.98980
-0.13829 0.98980
-0.13635 0.98981
-0.13441 0.98982
-0.13246 0.98982
-0.13052 0.98983
-0.12857 0.98983
-0.12662 0.98984
-0.12468 0.98984
-0.12273 0.98985
-0.12078 0.98985
-0.11882 0.98986
-0.11687 0.98986
-0.11492 0.98987
-0.11297 0.98987
-0.11101 0.98987
-0.10905 0.98988
-0.10710 0.98988
-0.10514 0.98989
-0.10318 0.98989
-0.10122 0.98990
-0.09926 0.98990
-0.09730 0.98990
-0.09534 0.98991
-0.09338 0.98991
-0.09142 0.98992
-0.08945 0.98992
-0.08749 0.98992
-0.08552 0.98993
-0.08356 0.98993
-0.08159 0.98993
-0.07962 0.98994
-0.07766 0.98994
-0.07569 0.98994
-0.07372 0.98995
-0.07175 0.98995
-0.06978 0.98995
-0.06781 0.98995
-0.06584 0.98996
-0.06387 0.98996
-0.06189 0.98996
-0.05992 0.98996
-0.05795 0.98997
-0.05598 0.98997
-0.05400 0.98997
-0.05203 0.98997
-0.05005 0.98997
-0.04808 0.98998
-0.04610 0.98998
-0.04413 0.98998
-0.04215 0.98998
-0.04017 0.98998
-0.03820 0.98999
-0.03622 0.98999
-0.03424 0.98999
-0.03226 0.98999
-0.03029 0.98999
-0.02831 0.98999
-0.02633 0.98999
-0.02435 0.98999
-0.02237 0.98999
-0.02039 0.99000
-0.01841 0.99000
-0.01643 0.99000
-0.01445 0.99000
-0.01247 0.99000
-0.01049 0.99000
-0.00851 0.99000
-0.00653 0.99000
-0.00455 0.99000
-0.00257 0.99000
-0.00059 0.99000
0.00139 0.99000
0.00337 0.99000
0.00535 0.99000
0.00733 0.99000
0.00931 0.99000
0.01128 0.99000
0.01326 0.99000
0.01524 0.99000
0.01722 0.99000
0.01920 0.99000
0.02118 0.99000
0.02316 0.98999
0.02514 0.98999
0.02712 0.98999
0.02910 0.98999
0.03108 0.98999
0.03305 0.98999
0.03503 0.98999
0.03701 0.98999
0.03899 0.98998
0.04096 0.98998
0.04294 0.98998
0.04491 0.98998
0.04689 0.98998
0.04887 0.98998
0.05084 0.98997
0.05282 0.98997
0.05479 0.98997
0.05676 0.98997
0.05874 0.98997
0.06071 0.98996
0.06268 0.98996
0.06465 0.98996
0.06663 0.98996
0.06860 0.98995
0.07057 0.98995
0.07254 0.98995
0.07451 0.98994
0.07647 0.98994
0.07844 0.98994
0.08041 0.98993
0.08238 0.98993
0.08434 0.98993
0.08631 0.98992
0.08827 0.98992
0.09024 0.98992
0.09220 0.98991
0.09416 0.98991
0.09612 0.98991
0.09809 0.98990
0.10005 0.98990
0.10201 0.98989
0.10396 0.98989
0.10592 0.98989
0.10788 0.98988
0.10984 0.98988
0.11179 0.98987
0.11375 0.98987
0.11570 0.98986
0.11765 0.98986
0.11960 0.98985
0.12156 0.98985
0.12351 0.98984
0.12545 0.98984
0.12740 0.98983
0.12935 0.98983
0.13130 0.98982
0.13324 0.98982
0.13518 0.98981
0.13713 0.98981
0.13907 0.98980
0.14101 0.98980
0.14295 0.98979
0.14489 0.98978
0.14683 0.98978
0.14876 0.98977
0.15070 0.98977
0.15263 0.98976
0.15456 0.98975
0.15650 0.98975
0.15843 0.98974
0.16036 0.98973
0.16228 0.98973
0.16421 0.98972
0.16614 0.98971
0.16806 0.98971
0.16998 0.98970
0.17190 0.98969
0.17382 0.98969
0.17574 0.98968
0.17766 0.98967
0.17958 0.98967
0.18149 0.98966
0.18340 0.98965
0.18532 0.98964
0.18723 0.98963
0.18914 0.98963
0.19104 0.98962
0.19295 0.98961
0.19486 0.98960
0.19676 0.98960
0.19866 0.98959
0.20056 0.98958
0.20246 0.98957
0.20436 0.98956
0.20625 0.98955
0.20815 0.98954
0.21004 0.98954
0.21193 0.98953
0.21382 0.98952
0.21571 0.98951
0.21759 0.98950
0.21948 0.98949
0.22136 0.98948
0.22324 0.98947
0.22512 0.98946
0.22700 0.98945
0.22888 0.98944
0.23075 0.98943
0.23262 0.98942
0.23449 0.98942
0.23636 0.98941
0.23823 0.98940
0.24010 0.98938
0.24196 0.98937
0.24382 0.98936
0.24568 0.98935
0.24754 0.98934
0.24940 0.98933
0.25125 0.98932
0.25310 0.98931
0.25495 0.98930
0.25680 0.98929
0.25865 0.98928
0.26050 0.98927
0.26234 0.98926
0.26418 0.98925
0.26602 0.98923
0.26786 0.98922
0.26969 0.98921
0.27153 0.98920
0.27336 0.98919
0.27519 0.98918
0.27702 0.98916
0.27884 0.98915
0.28066 0.98914
0.28249 0.98913
0.28430 0.98912
0.28612 0.98910
0.28794 0.98909
0.28975 0.98908
0.29156 0.98907
0.29337 0.98905
0.29518 0.98904
0.29698 0.98903
0.29878 0.98901
0.30058 0.98900
0.30238 0.98899
0.30418 0.98897
0.30597 0.98896
0.30776 0.98895
0.30955 0.98893
0.31134 0.98892
0.31313 0.98891
0.31491 0.98889
0.31669 0.98888
0.31847 0.98886
0.32024 0.98885
0.32202 0.98884
0.32379 0.98882
0.32556 0.98881
0.32733 0.98879
0.32909 0.98878
0.33085 0.98876
0.33261 0.98875
0.33437 0.98873
0.33612 0.98872
0.33788 0.98870
0.33963 0.98869
0.34138 0.98867
0.34312 0.98866
0.34487 0.98864
0.34661 0.98863
0.34834 0.98861
0.35008 0.98860
0.35181 0.98858
0.35355 0.98856
0.35527 0.98855
0.35700 0.98853
0.35872 0.98851
0.36045 0.98850
0.36216 0.98848
0.36388 0.98846
0.36559 0.98845
0.36731 0.98843
0.36902 0.98841
0.37072 0.98840
0.37243 0.98838
0.37413 0.98836
0.37583 0.98835
0.37752 0.98833
0.37922 0.98831
0.38091 0.98829
0.38260 0.98828
0.38428 0.98826
0.38596 0.98824
0.38765 0.98822
0.38932 0.98820
0.39100 0.98818
0.39267 0.98817
0.39434 0.98815
0.39601 0.98813
0.39767 0.98811
0.39934 0.98809
0.40100 0.98807
0.40265 0.98805
0.40431 0.98803
0.40596 0.98801
0.40761 0.98800
0.40926 0.98798
0.41090 0.98796
0.41254 0.98794
0.41418 0.98792
0.41581 0.98790
0.41745 0.98788
0.41908 0.98786
0.42070 0.98784
0.42233 0.98782
0.42395 0.98780
0.42557 0.98777
0.42719 0.98775
0.42880 0.98773
0.43041 0.98771
0.43202 0.98769
0.43362 0.98767
0.43523 0.98765
0.43683 0.98763
0.43842 0.98761
0.44002 0.98758
0.44161 0.98756
0.44320 0.98754
0.44478 0.98752
0.44637 0.98750
0.44795 0.98747
0.44952 0.98745
0.45110 0.98743
0.45267 0.98741
0.45424 0.98738
0.45580 0.98736
0.45737 0.98734
0.45893 0.98731
0.46048 0.98729
0.46204 0.98727
0.46359 0.98724
0.46514 0.98722
0.46668 0.98720
0.46823 0.98717
0.46977 0.98715
0.47130 0.98713
0.47284 0.98710
0.47437 0.98708
0.47590 0.98705
0.47742 0.98703
0.47895 0.98700
0.48047 0.98698
0.48198 0.98695
0.48350 0.98693
0.48501 0.98690
0.48652 0.98688
0.48802 0.98685
0.48952 0.98683
0.49102 0.98680
0.49252 0.98678
0.49401 0.98675
0.49550 0.98672
0.49699 0.98670
0.49847 0.98667
0.49996 0.98664
0.50144 0.98662
0.50291 0.98659
0.50438 0.98656
0.50585 0.98654
0.50732 0.98651
0.50878 0.98648
0.51024 0.98646
0.51170 0.98643
0.51316 0.98640
0.51461 0.98637
0.51606 0.98635
0.51750 0.98632
0.51895 0.98629
0.52039 0.98626
0.52182 0.98623
0.52326 0.98620
0.52469 0.98617
0.52612 0.98615
0.52754 0.98612
0.52896 0.98609
0.53038 0.98606
0.53180 0.98603
0.53321 0.98600
0.53462 0.98597
0.53603 0.98594
0.53743 0.98591
0.53883 0.98588
0.54023 0.98585
0.54162 0.98582
0.54302 0.98579
0.54440 0.98576
0.54579 0.98573
0.54717 0.98570
0.54855 0.98566
0.54993 0.98563
0.55130 0.98560
0.55267 0.98557
0.55404 0.98554
0.55540 0.98551
0.55677 0.98547
0.55812 0.98544
0.55948 0.98541
0.56083 0.98538
0.56218 0.98534
0.56353 0.98531
0.56487 0.98528
0.56621 0.98525
0.56755 0.98521
0.56888 0.98518
0.57021 0.98515
0.57154 0.98511
0.57287 0.98508
0.57419 0.98504
0.57551 0.98501
0.57682 0.98498
0.57814 0.98494
0.57945 0.98491
0.58075 0.98487
0.58206 0.98484
0.58336 0.98480
0.58466 0.98477
0.58595 0.98473
0.58724 0.98470
0.58853 0.98466
0.58982 0.98462
0.59110 0.98459
0.59238 0.98455
0.59366 0.98452
0.59493 0.98448
0.59620 0.98444
0.59747 0.98440
0.59873 0.98437
0.59999 0.98433
0.60125 0.98429
0.60251 0.98426
0.60376 0.98422
0.60501 0.98418
0.60626 0.98414
0.60750 0.98410
0.60874 0.98407
0.60998 0.98403
0.61121 0.98399
0.61244 0.98395
0.61367 0.98391
0.61490 0.98387
0.61612 0.98383
0.61734 0.98379
0.61855 0.98375
0.61977 0.98371
0.62098 0.98367
0.62219 0.98363
0.62339 0.98359
0.62459 0.98355
0.62579 0.98351
0.62698 0.98347
0.62818 0.98343
0.62937 0.98339
0.63055 0.98334
0.63173 0.98330
0.63292 0.98326
0.63409 0.98322
0.63527 0.98318
0.63644 0.98313
0.63761 0.98309
0.63877 0.98305
0.63993 0.98301
0.64109 0.98296
0.64225 0.98292
0.64340 0.98287
0.64455 0.98283
0.64570 0.98279
0.64685 0.98274
0.64799 0.98270
0.64913 0.98265
0.65026 0.98261
0.65139 0.98256
0.65252 0.98252
0.65365 0.98247
0.65478 0.98243
0.65590 0.98238
0.65701 0.98234
0.65813 0.98229
0.65924 0.98224
0.66035 0.98220
0.66146 0.98215
0.66256 0.98210
0.66366 0.98206
0.66476 0.98201
0.66585 0.98196
0.66695 0.98191
0.66803 0.98187
0.66912 0.98182
0.67020 0.98177
0.67128 0.98172
0.67236 0.98167
0.67343 0.98162
0.67451 0.98157
0.67557 0.98153
0.67664 0.98148
0.67770 0.98143
0.67876 0.98138
0.67982 0.98133
0.68087 0.98128
0.68193 0.98122
0.68297 0.98117
0.68402 0.98112
0.68506 0.98107
0.68610 0.98102
0.68714 0.98097
0.68817 0.98092
0.68920 0.98086
0.69023 0.98081
0.69126 0.98076
0.69228 0.98071
0.69330 0.98065
0.69432 0.98060
0.69533 0.98055
0.69634 0.98049
0.69735 0.98044
0.69836 0.98039
0.69936 0.98033
0.70036 0.98028
0.70136 0.98022
0.70235 0.98017
0.70335 0.98011
0.70434 0.98006
0.70532 0.98000
0.70631 0.97994
0.70729 0.97989
0.70826 0.97983
0.70924 0.97977
0.71021 0.97972
0.71118 0.97966
0.71215 0.97960
0.71311 0.97955
0.71407 0.97949
0.71503 0.97943
0.71599 0.97937
0.71694 0.97931
0.71789 0.97925
0.71884 0.97919
0.71979 0.97914
0.72073 0.97908
0.72167 0.97902
0.72260 0.97896
0.72354 0.97890
0.72447 0.97883
0.72540 0.97877
0.72633 0.97871
0.72725 0.97865
0.72817 0.97859
0.72909 0.97853
0.73000 0.97847
0.73092 0.97840
0.73183 0.97834
0.73273 0.97828
0.73364 0.97822
0.73454 0.97815
0.73544 0.97809
0.73634 0.97802
0.73723 0.97796
0.73812 0.97790
0.73901 0.97783
0.73990 0.97777
0.74078 0.97770
0.74166 0.97764
0.74254 0.97757
0.74342 0.97750
0.74429 0.97744
0.74516 0.97737
0.74603 0.97730
0.74689 0.97724
0.74776 0.97717
0.74862 0.97710
0.74947 0.97703
0.75033 0.97697
0.75118 0.97690
0.75203 0.97683
0.75288 0.97676
0.75372 0.97669
0.75457 0.97662
0.75541 0.97655
0.75624 0.97648
0.75708 0.97641
0.75791 0.97634
0.75874 0.97627
0.75957 0.97620
0.76039 0.97613
0.76122 0.97605
0.76204 0.97598
0.76285 0.97591
0.76367 0.97584
0.76448 0.97576
0.76529 0.97569
0.76610 0.97562
0.76690 0.97554
0.76770 0.97547
0.76850 0.97539
0.76930 0.97532
0.77010 0.97524
0.77089 0.97517
0.77168 0.97509
0.77247 0.97502
0.77325 0.97494
0.77403 0.97486
0.77481 0.97479
0.77559 0.97471
0.77637 0.97463
0.77714 0.97455
0.77791 0.97447
0.77868 0.97440
0.77945 0.97432
0.78021 0.97424
0.78097 0.97416
0.78173 0.97408
0.78249 0.97400
0.78324 0.97392
0.78399 0.97384
0.78474 0.97376
0.78549 0.97367
0.78623 0.97359
0.78698 0.97351
0.78772 0.97343
0.78845 0.97335
0.78919 0.97326
0.78992 0.97318
0.79065 0.97310
0.79138 0.97301
0.79211 0.97293
0.79283 0.97284
0.79355 0.97276
0.79427 0.97267
0.79499 0.97259
0.79570 0.97250
0.79642 0.97241
0.79713 0.97233
0.79783 0.97224
0.79854 0.97215
0.79924 0.97206
0.79994 0.97198
0.80064 0.97189
0.80134 0.97180
0.80203 0.97171
0.80273 0.97162
0.80342 0.97153
0.80410 0.97144
0.80479 0.97135
0.80547 0.97126
0.80615 0.97117
0.80683 0.97107
0.80751 0.97098
0.80818 0.97089
0.80886 0.97080
0.80953 0.97070
0.81019 0.97061
0.81086 0.97051
0.81152 0.97042
0.81219 0.97033
0.81285 0.97023
0.81350 0.97013
0.81416 0.97004
0.81481 0.96994
0.81546 0.96985
0.81611 0.96975
0.81676 0.96965
0.81740 0.96955
0.81804 0.96946
0.81868 0.96936
0.81932 0.96926
0.81996 0.96916
0.82059 0.96906
0.82122 0.96896
0.82185 0.96886
0.82248 0.96876
0.82311 0.96866
0.82373 0.96855
0.82435 0.96845
0.82497 0.96835
0.82559 0.96825
0.82621 0.96814
0.82682 0.96804
0.82743 0.96793
0.82804 0.96783
0.82865 0.96772
0.82925 0.96762
0.82986 0.96751
0.83046 0.96741
0.83106 0.96730
0.83166 0.96719
0.83225 0.96709
0.83284 0.96698
0.83344 0.96687
0.83403 0.96676
0.83461 0.96665
0.83520 0.96654
0.83578 0.96643
0.83636 0.96632
0.83694 0.96621
0.83752 0.96610
0.83810 0.96599
0.83867 0.96587
0.83924 0.96576
0.83981 0.96565
0.84038 0.96553
0.84095 0.96542
0.84151 0.96531
0.84208 0.96519
0.84264 0.96508
0.84319 0.96496
0.84375 0.96484
0.84431 0.96473
0.84486 0.96461
0.84541 0.96449
0.84596 0.96437
0.84651 0.96425
0.84705 0.96414
0.84760 0.96402
0.84814 0.96390
0.84868 0.96378
0.84922 0.96365
0.84975 0.96353
0.85029 0.96341
0.85082 0.96329
0.85135 0.96317
0.85188 0.96304
0.85241 0.96292
0.85294 0.96279
0.85346 0.96267
0.85398 0.96254
0.85450 0.96242
0.85502 0.96229
0.85554 0.96217
0.85605 0.96204
0.85656 0.96191
0.85708 0.96178
0.85759 0.96165
0.85809 0.96152
0.85860 0.96139
0.85910 0.96126
0.85961 0.96113
0.86011 0.96100
0.86061 0.96087
0.86110 0.96074
0.86160 0.96060
0.86209 0.96047
0.86259 0.96034
0.86308 0.96020
0.86357 0.96007
0.86405 0.95993
0.86454 0.95980
0.86502 0.95966
0.86551 0.95952
0.86599 0.95939
0.86647 0.95925
0.86694 0.95911
0.86742 0.95897
0.86789 0.95883
0.86837 0.95869
0.86884 0.95855
0.86931 0.95841
0.86977 0.95827
0.87024 0.95812
0.87070 0.95798
0.87117 0.95784
0.87163 0.95769
0.87209 0.95755
0.87254 0.95740
0.87300 0.95726
0.87345 0.95711
0.87391 0.95696
0.87436 0.95682
0.87481 0.95667
0.87526 0.95652
0.87570 0.95637
0.87615 0.95622
0.87659 0.95607
0.87703 0.95592
0.87748 0.95577
0.87791 0.95562
0.87835 0.95546
0.87879 0.95531
0.87922 0.95516
0.87965 0.95500
0.88009 0.95485
0.88052 0.95469
0.88094 0.95453
0.88137 0.95438
0.88180 0.95422
0.88222 0.95406
0.88264 0.95390
0.88306 0.95374
0.88348 0.95358
0.88390 0.95342
0.88432 0.95326
0.88473 0.95310
0.88514 0.95294
0.88556 0.95278
0.88597 0.95261
0.88638 0.95245
0.88678 0.95228
0.88719 0.95212
0.88759 0.95195
0.88800 0.95178
0.88840 0.95162
0.88880 0.95145
0.88920 0.95128
0.88960 0.95111
0.88999 0.95094
0.89039 0.95077
0.89078 0.95060
0.89117 0.95043
0.89156 0.95025
0.89195 0.95008
0.89234 0.94991
0.89273 0.94973
0.89311 0.94956
0.89349 0.94938
0.89388 0.94920
0.89426 0.94903
0.89464 0.94885
0.89502 0.94867
0.89539 0.94849
0.89577 0.94831
0.89614 0.94813
0.89651 0.94795
0.89689 0.94777
0.89726 0.94758
0.89762 0.94740
0.89799 0.94721
0.89836 0.94703
0.89872 0.94684
0.89909 0.94666
0.89945 0.94647
0.89981 0.94628
0.90017 0.94609
0.90053 0.94591
0.90088 0.94572
0.90124 0.94552
0.90159 0.94533
0.90195 0.94514
0.90230 0.94495
0.90265 0.94475
0.90300 0.94456
0.90335 0.94437
0.90369 0.94417
0.90404 0.94397
0.90438 0.94378
0.90473 0.94358
0.90507 0.94338
0.90541 0.94318
0.90575 0.94298
0.90609 0.94278
0.90642 0.94258
0.90676 0.94237
0.90709 0.94217
0.90743 0.94197
0.90776 0.94176
0.90809 0.94156
0.90842 0.94135
0.90875 0.94114
0.90908 0.94093
0.90940 0.94072
0.90973 0.94052
0.91005 0.94030
0.91037 0.94009
0.91069 0.93988
0.91101 0.93967
0.91133 0.93945
0.91165 0.93924
0.91197 0.93903
0.91228 0.93881
0.91260 0.93859
0.91291 0.93837
0.91322 0.93816
0.91353 0.93794
0.91384 0.93772
0.91415 0.93750
0.91446 0.93727
0.91477 0.93705
0.91507 0.93683
0.91538 0.93660
0.91568 0.93638
0.91598 0.93615
0.91628 0.93593
0.91658 0.93570
0.91688 0.93547
0.91718 0.93524
0.91747 0.93501
0.91777 0.93478
0.91806 0.93455
0.91836 0.93431
0.91865 0.93408
0.91894 0.93384
0.91923 0.93361
0.91952 0.93337
0.91981 0.93314
0.92009 0.93290
0.92038 0.93266
0.92066 0.93242
0.92095 0.93218
0.92123 0.93193
0.92151 0.93169
0.92179 0.93145
0.92207 0.93120
0.92235 0.93096
0.92263 0.93071
0.92290 0.93046
0.92318 0.93022
0.92345 0.92997
0.92373 0.92972
0.92400 0.92947
0.92427 0.92921
0.92454 0.92896
0.92481 0.92871
0.92508 0.92845
0.92535 0.92820
0.92561 0.92794
0.92588 0.92768
0.92614 0.92742
0.92641 0.92716
0.92667 0.92690
0.92693 0.92664
0.92719 0.92638
0.92745 0.92612
0.92771 0.92585
0.92797 0.92559
0.92822 0.92532
0.92848 0.92505
0.92873 0.92478
0.92899 0.92451
0.92924 0.92424
0.92949 0.92397
0.92974 0.92370
0.92999 0.92343
0.93024 0.92315
0.93049 0.92288
0.93074 0.92260
0.93098 0.92232
0.93123 0.92204
0.93147 0.92177
0.93172 0.92148
0.93196 0.92120
0.93220 0.92092
0.93244 0.92064
0.93268 0.92035
0.93292 0.92007
0.93316 0.91978
0.93340 0.91949
0.93363 0.91920
0.93387 0.91891
0.93410 0.91862
0.93434 0.91833
0.93457 0.91804
0.93480 0.91774
0.93503 0.91745
0.93526 0.91715
0.93549 0.91685
0.93572 0.91655
0.93595 0.91625
0.93617 0.91595
0.93640 0.91565
0.93663 0.91535
0.93685 0.91504
0.93707 0.91474
0.93730 0.91443
0.93752 0.91412
0.93774 0.91381
0.93796 0.91350
0.93818 0.91319
0.93840 0.91288
0.93861 0.91257
0.93883 0.91225
0.93905 0.91194
0.93926 0.91162
0.93948 0.91130
0.93969 0.91098
0.93990 0.91066
0.94011 0.91034
0.94033 0.91002
0.94054 0.90969
0.94075 0.90937
0.94095 0.90904
0.94116 0.90872
0.94137 0.90839
0.94158 0.90806
0.94178 0.90773
0.94199 0.90739
0.94219 0.90706
0.94239 0.90673
0.94260 0.90639
0.94280 0.90605
0.94300 0.90572
0.94320 0.90538
0.94340 0.90504
0.94360 0.90469
0.94380 0.90435
0.94399 0.90401
0.94419 0.90366
0.94438 0.90331
0.94458 0.90297
0.94477 0.90262
0.94497 0.90226
0.94516 0.90191
0.94535 0.90156
0.94554 0.90120
0.94573 0.90085
0.94592 0.90049
0.94611 0.90013
0.94630 0.89977
0.94649 0.89941
0.94668 0.89905
0.94686 0.89869
0.94705 0.89832
0.94723 0.89796
0.94742 0.89759
0.94760 0.89722
0.94778 0.89685
0.94797 0.89648
0.94815 0.89610
0.94833 0.89573
0.94851 0.89535
0.94869 0.89498
0.94887 0.89460
0.94904 0.89422
0.94922 0.89384
0.94940 0.89346
0.94957 0.89307
0.94975 0.89269
0.94992 0.89230
0.95010 0.89191
0.95027 0.89152
0.95044 0.89113
0.95062 0.89074
0.95079 0.89035
0.95096 0.88995
0.95113 0.88956
0.95130 0.88916
0.95147 0.88876
0.95163 0.88836
0.95180 0.88796
0.95197 0.88755
0.95213 0.88715
0.95230 0.88674
0.95246 0.88634
0.95263 0.88593
0.95279 0.88552
0.95295 0.88510
0.95312 0.88469
0.95328 0.88427
0.95344 0.88386
0.95360 0.88344
0.95376 0.88302
0.95392 0.88260
0.95408 0.88218
0.95424 0.88175
0.95439 0.88133
0.95455 0.88090
0.95471 0.88047
0.95486 0.88004
0.95502 0.87961
0.95517 0.87918
0.95533 0.87874
0.95548 0.87831
0.95563 0.87787
0.95578 0.87743
0.95593 0.87699
0.95609 0.87655
0.95624 0.87610
0.95639 0.87566
0.95653 0.87521
0.95668 0.87476
0.95683 0.87431
0.95698 0.87386
0.95713 0.87341
0.95727 0.87295
0.95742 0.87250
0.95756 0.87204
0.95771 0.87158
0.95785 0.87112
0.95799 0.87066
0.95814 0.87019
0.95828 0.86973
0.95842 0.86926
0.95856 0.86879
0.95870 0.86832
0.95884 0.86785
0.95898 0.86737
0.95912 0.86690
0.95926 0.86642
0.95940 0.86594
0.95954 0.86546
0.95967 0.86498
0.95981 0.86449
0.95995 0.86401
0.96008 0.86352
0.96022 0.86303
0.96035 0.86254
0.96048 0.86205
0.96062 0.86155
0.96075 0.86106
0.96088 0.86056
0.96101 0.86006
0.96115 0.85956
0.96128 0.85905
0.96141 0.85855
0.96154 0.85804
0.96167 0.85754
0.96179 0.85703
0.96192 0.85651
0.96205 0.85600
0.96218 0.85549
0.96230 0.85497
0.96243 0.85445
0.96256 0.85393
0.96268 0.85341
0.96281 0.85288
0.96293 0.85236
0.96305 0.85183
0.96318 0.85130
0.96330 0.85077
0.96342 0.85024
0.96355 0.84970
0.96367 0.84916
0.96379 0.84863
0.96391 0.84809
0.96403 0.84754
0.96415 0.84700
0.96427 0.84645
0.96439 0.84591
0.96450 0.84536
0.96462 0.84481
0.96474 0.84425
0.96485 0.84370
0.96497 0.84314
0.96509 0.84258
0.96520 0.84202
0.96532 0.84146
0.96543 0.84089
0.96555 0.84033
0.96566 0.83976
0.96577 0.83919
0.96589 0.83862
0.96600 0.83804
0.96611 0.83746
0.96622 0.83689
0.96633 0.83631
0.96644 0.83572
0.96655 0.83514
0.96666 0.83456
0.96677 0.83397
0.96688 0.83338
0.96699 0.83279
0.96710 0.83219
0.96720 0.83160
0.96731 0.83100
0.96742 0.83040
0.96752 0.82980
0.96763 0.82919
0.96774 0.82859
0.96784 0.82798
0.96794 0.82737
0.96805 0.82676
0.96815 0.82615
0.96826 0.82553
0.96836 0.82491
0.96846 0.82429
0.96856 0.82367
0.96867 0.82305
0.96877 0.82242
0.96887 0.82179
0.96897 0.82116
0.96907 0.82053
0.96917 0.81990
0.96927 0.81926
0.96937 0.81862
0.96947 0.81798
0.96956 0.81734
0.96966 0.81669
0.96976 0.81605
0.96986 0.81540
0.96995 0.81475
0.97005 0.81409
0.97014 0.81344
0.97024 0.81278
0.97033 0.81212
0.97043 0.81146
0.97052 0.81079
0.97062 0.81013
0.97071 0.80946
0.97080 0.80879
0.97090 0.80812
0.97099 0.80744
0.97108 0.80677
0.97117 0.80609
0.97127 0.80540
0.97136 0.80472
0.97145 0.80404
0.97154 0.80335
0.97163 0.80266
0.97172 0.80196
0.97181 0.80127
0.97190 0.80057
0.97198 0.79987
0.97207 0.79917
0.97216 0.79847
0.97225 0.79776
0.97233 0.79706
0.97242 0.79634
0.97251 0.79563
0.97259 0.79492
0.97268 0.79420
0.97277 0.79348
0.97285 0.79276
0.97294 0.79203
0.97302 0.79131
0.97310 0.79058
0.97319 0.78985
0.97327 0.78912
0.97335 0.78838
0.97344 0.78764
0.97352 0.78690
0.97360 0.78616
0.97368 0.78541
0.97376 0.78467
0.97385 0.78392
0.97393 0.78317
0.97401 0.78241
0.97409 0.78165
0.97417 0.78090
0.97425 0.78013
0.97433 0.77937
0.97440 0.77860
0.97448 0.77784
0.97456 0.77706
0.97464 0.77629
0.97472 0.77552
0.97479 0.77474
0.97487 0.77396
0.97495 0.77317
0.97502 0.77239
0.97510 0.77160
0.97518 0.77081
0.97525 0.77002
0.97533 0.76922
0.97540 0.76842
0.97548 0.76762
0.97555 0.76682
0.97562 0.76602
0.97570 0.76521
0.97577 0.76440
0.97584 0.76359
0.97592 0.76277
0.97599 0.76195
0.97606 0.76113
0.97613 0.76031
0.97620 0.75949
0.97628 0.75866
0.97635 0.75783
0.97642 0.75700
0.97649 0.75616
0.97656 0.75532
0.97663 0.75448
0.97670 0.75364
0.97677 0.75280
0.97684 0.75195
0.97690 0.75110
0.97697 0.75025
0.97704 0.74939
0.97711 0.74853
0.97718 0.74767
0.97724 0.74681
0.97731 0.74594
0.97738 0.74507
0.97744 0.74420
0.97751 0.74333
0.97758 0.74245
0.97764 0.74157
0.97771 0.74069
0.97777 0.73981
0.97784 0.73892
0.97790 0.73803
0.97797 0.73714
0.97803 0.73625
0.97809 0.73535
0.97816 0.73445
0.97822 0.73355
0.97828 0.73264
0.97835 0.73174
0.97841 0.73083
0.97847 0.72991
0.97853 0.72900
0.97860 0.72808
0.97866 0.72716
0.97872 0.72623
0.97878 0.72531
0.97884 0.72438
0.97890 0.72345
0.97896 0.72251
0.97902 0.72157
0.97908 0.72063
0.97914 0.71969
0.97920 0.71875
0.97926 0.71780
0.97932 0.71685
0.97938 0.71589
0.97944 0.71494
0.97949 0.71398
0.97955 0.71302
0.97961 0.71205
0.97967 0.71109
0.97972 0.71012
0.97978 0.70914
0.97984 0.70817
0.97989 0.70719
0.97995 0.70621
0.98001 0.70522
0.98006 0.70424
0.98012 0.70325
0.98017 0.70226
0.98023 0.70126
0.98028 0.70026
0.98034 0.69926
0.98039 0.69826
0.98044 0.69725
0.98050 0.69624
0.98055 0.69523
0.98061 0.69422
0.98066 0.69320
0.98071 0.69218
0.98076 0.69116
0.98082 0.69013
0.98087 0.68910
0.98092 0.68807
0.98097 0.68704
0.98103 0.68600
0.98108 0.68496
0.98113 0.68392
0.98118 0.68287
0.98123 0.68182
0.98128 0.68077
0.98133 0.67972
0.98138 0.67866
0.98143 0.67760
0.98148 0.67653
0.98153 0.67547
0.98158 0.67440
0.98163 0.67333
0.98168 0.67225
0.98173 0.67118
0.98177 0.67010
0.98182 0.66901
0.98187 0.66793
0.98192 0.66684
0.98197 0.66575
0.98201 0.66465
0.98206 0.66355
0.98211 0.66245
0.98216 0.66135
0.98220 0.66024
0.98225 0.65913
0.98230 0.65802
0.98234 0.65690
0.98239 0.65579
0.98243 0.65466
0.98248 0.65354
0.98252 0.65241
0.98257 0.65128
0.98261 0.65015
0.98266 0.64901
0.98270 0.64787
0.98275 0.64673
0.98279 0.64559
0.98284 0.64444
0.98288 0.64329
0.98292 0.64214
0.98297 0.64098
0.98301 0.63982
0.98305 0.63866
0.98310 0.63749
0.98314 0.63632
0.98318 0.63515
0.98322 0.63398
0.98326 0.63280
0.98331 0.63162
0.98335 0.63043
0.98339 0.62925
0.98343 0.62806
0.98347 0.62687
0.98351 0.62567
0.98355 0.62447
0.98359 0.62327
0.98364 0.62207
0.98368 0.62086
0.98372 0.61965
0.98376 0.61843
0.98380 0.61722
0.98384 0.61600
0.98387 0.61478
0.98391 0.61355
0.98395 0.61232
0.98399 0.61109
0.98403 0.60986
0.98407 0.60862
0.98411 0.60738
0.98415 0.60613
0.98418 0.60489
0.98422 0.60364
0.98426 0.60238
0.98430 0.60113
0.98433 0.59987
0.98437 0.59861
0.98441 0.59734
0.98445 0.59608
0.98448 0.59480
0.98452 0.59353
0.98456 0.59225
0.98459 0.59097
0.98463 0.58969
0.98466 0.58840
0.98470 0.58712
0.98473 0.58582
0.98477 0.58453
0.98481 0.58323
0.98484 0.58193
0.98488 0.58063
0.98491 0.57932
0.98494 0.57801
0.98498 0.57669
0.98501 0.57538
0.98505 0.57406
0.98508 0.57274
0.98512 0.57141
0.98515 0.57008
0.98518 0.56875
0.98522 0.56742
0.98525 0.56608
0.98528 0.56474
0.98532 0.56339
0.98535 0.56205
0.98538 0.56070
0.98541 0.55935
0.98545 0.55799
0.98548 0.55663
0.98551 0.55527
0.98554 0.55390
0.98557 0.55254
0.98560 0.55117
0.98564 0.54979
0.98567 0.54842
0.98570 0.54704
0.98573 0.54565
0.98576 0.54427
0.98579 0.54288
0.98582 0.54149
0.98585 0.54009
0.98588 0.53869
0.98591 0.53729
0.98594 0.53589
0.98597 0.53448
0.98600 0.53307
0.98603 0.53166
0.98606 0.53024
0.98609 0.52882
0.98612 0.52740
0.98615 0.52597
0.98618 0.52455
0.98621 0.52311
0.98623 0.52168
0.98626 0.52024
0.98629 0.51880
0.98632 0.51736
0.98635 0.51591
0.98638 0.51446
0.98640 0.51301
0.98643 0.51156
0.98646 0.51010
0.98649 0.50864
0.98651 0.50717
0.98654 0.50571
0.98657 0.50424
0.98659 0.50276
0.98662 0.50129
0.98665 0.49981
0.98667 0.49833
0.98670 0.49684
0.98673 0.49536
0.98675 0.49386
0.98678 0.49237
0.98680 0.49087
0.98683 0.48937
0.98686 0.48787
0.98688 0.48637
0.98691 0.48486
0.98693 0.48335
0.98696 0.48183
0.98698 0.48032
0.98701 0.47880
0.98703 0.47727
0.98706 0.47575
0.98708 0.47422
0.98710 0.47269
0.98713 0.47115
0.98715 0.46961
0.98718 0.46807
0.98720 0.46653
0.98722 0.46499
0.98725 0.46344
0.98727 0.46188
0.98729 0.46033
0.98732 0.45877
0.98734 0.45721
0.98736 0.45565
0.98739 0.45408
0.98741 0.45251
0.98743 0.45094
0.98745 0.44937
0.98748 0.44779
0.98750 0.44621
0.98752 0.44463
0.98754 0.44304
0.98756 0.44145
0.98759 0.43986
0.98761 0.43826
0.98763 0.43667
0.98765 0.43507
0.98767 0.43346
0.98769 0.43186
0.98771 0.43025
0.98774 0.42864
0.98776 0.42703
0.98778 0.42541
0.98780 0.42379
0.98782 0.42217
0.98784 0.42054
0.98786 0.41891
0.98788 0.41728
0.98790 0.41565
0.98792 0.41402
0.98794 0.41238
0.98796 0.41074
0.98798 0.40909
0.98800 0.40745
0.98802 0.40580
0.98804 0.40414
0.98806 0.40249
0.98807 0.40083
0.98809 0.39917
0.98811 0.39751
0.98813 0.39584
0.98815 0.39418
0.98817 0.39251
0.98819 0.39083
0.98820 0.38916
0.98822 0.38748
0.98824 0.38580
0.98826 0.38411
0.98828 0.38243
0.98829 0.38074
0.98831 0.37905
0.98833 0.37735
0.98835 0.37566
0.98836 0.37396
0.98838 0.37226
0.98840 0.37055
0.98842 0.36885
0.98843 0.36714
0.98845 0.36543
0.98847 0.36371
0.98848 0.36199
0.98850 0.36028
0.98852 0.35855
0.98853 0.35683
0.98855 0.35510
0.98856 0.35337
0.98858 0.35164
0.98860 0.34991
0.98861 0.34817
0.98863 0.34643
0.98864 0.34469
0.98866 0.34295
0.98867 0.34120
0.98869 0.33945
0.98871 0.33770
0.98872 0.33595
0.98874 0.33420
0.98875 0.33244
0.98877 0.33068
0.98878 0.32891
0.98879 0.32715
0.98881 0.32538
0.98882 0.32361
0.98884 0.32184
0.98885 0.32007
0.98887 0.31829
0.98888 0.31651
0.98889 0.31473
0.98891 0.31295
0.98892 0.31116
0.98894 0.30938
0.98895 0.30759
0.98896 0.30580
0.98898 0.30400
0.98899 0.30220
0.98900 0.30041
0.98902 0.29861
0.98903 0.29680
0.98904 0.29500
0.98905 0.29319
0.98907 0.29138
0.98908 0.28957
0.98909 0.28776
0.98910 0.28594
0.98912 0.28412
0.98913 0.28230
0.98914 0.28048
0.98915 0.27866
0.98917 0.27683
0.98918 0.27501
0.98919 0.27318
0.98920 0.27134
0.98921 0.26951
0.98922 0.26768
0.98924 0.26584
0.98925 0.26400
0.98926 0.26216
0.98927 0.26031
0.98928 0.25847
0.98929 0.25662
0.98930 0.25477
0.98931 0.25292
0.98932 0.25107
0.98933 0.24921
0.98934 0.24736
0.98936 0.24550
0.98937 0.24364
0.98938 0.24177
0.98939 0.23991
0.98940 0.23804
0.98941 0.23618
0.98942 0.23431
0.98943 0.23244
0.98944 0.23056
0.98945 0.22869
0.98945 0.22681
0.98946 0.22493
0.98947 0.22306
0.98948 0.22117
0.98949 0.21929
0.98950 0.21741
0.98951 0.21552
0.98952 0.21363
0.98953 0.21174
0.98954 0.20985
0.98955 0.20796
0.98955 0.20606
0.98956 0.20417
0.98957 0.20227
0.98958 0.20037
0.98959 0.19847
0.98960 0.19657
0.98960 0.19467
0.98961 0.19276
0.98962 0.19086
0.98963 0.18895
0.98964 0.18704
0.98964 0.18513
0.98965 0.18322
0.98966 0.18130
0.98967 0.17939
0.98967 0.17747
0.98968 0.17555
0.98969 0.17363
0.98969 0.17171
0.98970 0.16979
0.98971 0.16787
0.98972 0.16594
0.98972 0.16402
0.98973 0.16209
0.98974 0.16016
0.98974 0.15823
0.98975 0.15630
0.98975 0.15437
0.98976 0.15244
0.98977 0.15051
0.98977 0.14857
0.98978 0.14663
0.98979 0.14470
0.98979 0.14276
0.98980 0.14082
0.98980 0.13888
0.98981 0.13693
0.98981 0.13499
0.98982 0.13305
0.98982 0.13110
0.98983 0.12916
0.98983 0.12721
0.98984 0.12526
0.98984 0.12331
0.98985 0.12136
0.98985 0.11941
0.98986 0.11746
0.98986 0.11551
0.98987 0.11355
0.98987 0.11160
0.98988 0.10964
0.98988 0.10769
0.98989 0.10573
0.98989 0.10377
0.98989 0.10181
0.98990 0.09985
0.98990 0.09789
0.98991 0.09593
0.98991 0.09397
0.98991 0.09201
0.98992 0.09004
0.98992 0.08808
0.98992 0.08611
0.98993 0.08415
0.98993 0.08218
0.98993 0.08021
0.98994 0.07825
0.98994 0.07628
0.98994 0.07431
0.98995 0.07234
0.98995 0.07037
0.98995 0.06840
0.98996 0.06643
0.98996 0.06446
0.98996 0.06249
0.98996 0.06051
0.98997 0.05854
0.98997 0.05657
0.98997 0.05459
0.98997 0.05262
0.98997 0.05065
0.98998 0.04867
0.98998 0.04669
0.98998 0.04472
0.98998 0.04274
0.98998 0.04077
0.98998 0.03879
0.98999 0.03681
0.98999 0.03483
0.98999 0.03286
0.98999 0.03088
0.98999 0.02890
0.98999 0.02692
0.98999 0.02494
0.98999 0.02296
0.99000 0.02099
0.99000 0.01901
0.99000 0.01703
0.99000 0.01505
0.99000 0.01307
0.99000 0.01109
0.99000 0.00911
0.99000 0.00713
0.99000 0.00515
0.99000 0.00317
0.99000 0.00119
0.99000 -0.00079
