-0.80000 0.00000 0.00000 1.00000
-0.80000 0.00160 0.00072 1.00000
-0.80000 0.00320 0.00144 1.00000
-0.79999 0.00480 0.00216 1.00000
-0.79999 0.00640 0.00288 1.00000
-0.79999 0.00800 0.00360 0.99999
-0.79998 0.00960 0.00432 0.99999
-0.79997 0.01120 0.00504 0.99999
-0.79996 0.01280 0.00576 0.99998
-0.79995 0.01440 0.00648 0.99998
-0.79994 0.01600 0.00720 0.99997
-0.79993 0.01760 0.00792 0.99997
-0.79992 0.01920 0.00865 0.99996
-0.79990 0.02080 0.00937 0.99996
-0.79989 0.02240 0.01009 0.99995
-0.79987 0.02399 0.01081 0.99994
-0.79985 0.02559 0.01153 0.99993
-0.79983 0.02719 0.01226 0.99992
-0.79981 0.02879 0.01298 0.99992
-0.79979 0.03039 0.01370 0.99991
-0.79977 0.03199 0.01443 0.99990
-0.79975 0.03358 0.01515 0.99989
-0.79972 0.03518 0.01587 0.99987
-0.79970 0.03678 0.01660 0.99986
-0.79967 0.03838 0.01732 0.99985
-0.79964 0.03997 0.01805 0.99984
-0.79961 0.04157 0.01878 0.99982
-0.79958 0.04317 0.01950 0.99981
-0.79955 0.04476 0.02023 0.99980
-0.79952 0.04636 0.02096 0.99978
-0.79948 0.04795 0.02169 0.99976
-0.79945 0.04955 0.02242 0.99975
-0.79941 0.05114 0.02315 0.99973
-0.79937 0.05274 0.02388 0.99971
-0.79933 0.05433 0.02461 0.99970
-0.79929 0.05593 0.02534 0.99968
-0.79925 0.05752 0.02607 0.99966
-0.79921 0.05911 0.02680 0.99964
-0.79917 0.06070 0.02754 0.99962
-0.79912 0.06230 0.02827 0.99960
-0.79908 0.06389 0.02901 0.99958
-0.79903 0.06548 0.02974 0.99956
-0.79898 0.06707 0.03048 0.99954
-0.79893 0.06866 0.03122 0.99951
-0.79888 0.07025 0.03196 0.99949
-0.79883 0.07184 0.03270 0.99947
-0.79878 0.07343 0.03344 0.99944
-0.79873 0.07502 0.03418 0.99942
-0.79867 0.07661 0.03492 0.99939
-0.79861 0.07819 0.03566 0.99936
-0.79856 0.07978 0.03640 0.99934
-0.79850 0.08137 0.03715 0.99931
-0.79844 0.08295 0.03790 0.99928
-0.79838 0.08454 0.03864 0.99925
-0.79832 0.08613 0.03939 0.99922
-0.79825 0.08771 0.04014 0.99919
-0.79819 0.08929 0.04089 0.99916
-0.79812 0.09088 0.04164 0.99913
-0.79806 0.09246 0.04239 0.99910
-0.79799 0.09404 0.04315 0.99907
-0.79792 0.09562 0.04390 0.99904
-0.79785 0.09720 0.04466 0.99900
-0.79778 0.09879 0.04541 0.99897
-0.79771 0.10036 0.04617 0.99893
-0.79763 0.10194 0.04693 0.99890
-0.79756 0.10352 0.04769 0.99886
-0.79748 0.10510 0.04845 0.99883
-0.79741 0.10668 0.04922 0.99879
-0.79733 0.10825 0.04998 0.99875
-0.79725 0.10983 0.05075 0.99871
-0.79717 0.11140 0.05151 0.99867
-0.79709 0.11298 0.05228 0.99863
-0.79700 0.11455 0.05305 0.99859
-0.79692 0.11612 0.05382 0.99855
-0.79683 0.11770 0.05460 0.99851
-0.79675 0.11927 0.05537 0.99847
-0.79666 0.12084 0.05615 0.99842
-0.79657 0.12241 0.05692 0.99838
-0.79648 0.12398 0.05770 0.99833
-0.79639 0.12554 0.05848 0.99829
-0.79630 0.12711 0.05926 0.99824
-0.79620 0.12868 0.06005 0.99820
-0.79611 0.13024 0.06083 0.99815
-0.79601 0.13181 0.06162 0.99810
-0.79591 0.13337 0.06241 0.99805
-0.79582 0.13494 0.06320 0.99800
-0.79572 0.13650 0.06399 0.99795
-0.79562 0.13806 0.06478 0.99790
-0.79551 0.13962 0.06558 0.99785
-0.79541 0.14118 0.06638 0.99779
-0.79531 0.14274 0.06717 0.99774
-0.79520 0.14430 0.06797 0.99769
-0.79509 0.14585 0.06878 0.99763
-0.79499 0.14741 0.06958 0.99758
-0.79488 0.14896 0.07039 0.99752
-0.79477 0.15052 0.07119 0.99746
-0.79466 0.15207 0.07200 0.99740
-0.79454 0.15362 0.07282 0.99735
-0.79443 0.15517 0.07363 0.99729
-0.79431 0.15672 0.07445 0.99723
-0.79420 0.15827 0.07526 0.99716
-0.79408 0.15982 0.07608 0.99710
-0.79396 0.16137 0.07690 0.99704
-0.79384 0.16291 0.07773 0.99697
-0.79372 0.16446 0.07855 0.99691
-0.79360 0.16600 0.07938 0.99684
-0.79347 0.16755 0.08021 0.99678
-0.79335 0.16909 0.08104 0.99671
-0.79322 0.17063 0.08188 0.99664
-0.79310 0.17217 0.08271 0.99657
-0.79297 0.17371 0.08355 0.99650
-0.79284 0.17524 0.08439 0.99643
-0.79271 0.17678 0.08524 0.99636
-0.79258 0.17832 0.08608 0.99629
-0.79244 0.17985 0.08693 0.99621
-0.79231 0.18138 0.08778 0.99614
-0.79217 0.18292 0.08863 0.99606
-0.79204 0.18445 0.08948 0.99599
-0.79190 0.18598 0.09034 0.99591
-0.79176 0.18750 0.09120 0.99583
-0.79162 0.18903 0.09206 0.99575
-0.79148 0.19056 0.09293 0.99567
-0.79133 0.19208 0.09379 0.99559
-0.79119 0.19361 0.09466 0.99551
-0.79104 0.19513 0.09553 0.99543
-0.79090 0.19665 0.09641 0.99534
-0.79075 0.19817 0.09728 0.99526
-0.79060 0.19969 0.09816 0.99517
-0.79045 0.20121 0.09904 0.99508
-0.79030 0.20272 0.09993 0.99499
-0.79015 0.20424 0.10081 0.99491
-0.78999 0.20575 0.10170 0.99481
-0.78984 0.20726 0.10260 0.99472
-0.78968 0.20877 0.10349 0.99463
-0.78952 0.21028 0.10439 0.99454
-0.78936 0.21179 0.10529 0.99444
-0.78920 0.21330 0.10619 0.99435
-0.78904 0.21481 0.10710 0.99425
-0.78888 0.21631 0.10801 0.99415
-0.78871 0.21781 0.10892 0.99405
-0.78855 0.21932 0.10983 0.99395
-0.78838 0.22082 0.11075 0.99385
-0.78821 0.22232 0.11167 0.99375
-0.78805 0.22381 0.11259 0.99364
-0.78788 0.22531 0.11352 0.99354
-0.78770 0.22680 0.11445 0.99343
-0.78753 0.22830 0.11538 0.99332
-0.78736 0.22979 0.11631 0.99321
-0.78718 0.23128 0.11725 0.99310
-0.78701 0.23277 0.11819 0.99299
-0.78683 0.23426 0.11913 0.99288
-0.78665 0.23575 0.12008 0.99276
-0.78647 0.23723 0.12103 0.99265
-0.78629 0.23871 0.12199 0.99253
-0.78610 0.24020 0.12294 0.99241
-0.78592 0.24168 0.12390 0.99229
-0.78573 0.24316 0.12486 0.99217
-0.78555 0.24463 0.12583 0.99205
-0.78536 0.24611 0.12680 0.99193
-0.78517 0.24759 0.12777 0.99180
-0.78498 0.24906 0.12875 0.99168
-0.78479 0.25053 0.12973 0.99155
-0.78459 0.25200 0.13071 0.99142
-0.78440 0.25347 0.13170 0.99129
-0.78420 0.25494 0.13268 0.99116
-0.78401 0.25640 0.13368 0.99102
-0.78381 0.25787 0.13467 0.99089
-0.78361 0.25933 0.13567 0.99075
-0.78341 0.26079 0.13668 0.99062
-0.78321 0.26225 0.13768 0.99048
-0.78300 0.26371 0.13869 0.99034
-0.78280 0.26516 0.13971 0.99019
-0.78259 0.26662 0.14072 0.99005
-0.78239 0.26807 0.14174 0.98990
-0.78218 0.26952 0.14277 0.98976
-0.78197 0.27097 0.14380 0.98961
-0.78176 0.27242 0.14483 0.98946
-0.78154 0.27387 0.14586 0.98930
-0.78133 0.27531 0.14690 0.98915
-0.78111 0.27676 0.14794 0.98900
-0.78090 0.27820 0.14899 0.98884
-0.78068 0.27964 0.15004 0.98868
-0.78046 0.28108 0.15109 0.98852
-0.78024 0.28251 0.15215 0.98836
-0.78002 0.28395 0.15321 0.98819
-0.77980 0.28538 0.15428 0.98803
-0.77957 0.28681 0.15535 0.98786
-0.77935 0.28824 0.15642 0.98769
-0.77912 0.28967 0.15750 0.98752
-0.77889 0.29110 0.15858 0.98735
-0.77866 0.29252 0.15966 0.98717
-0.77843 0.29395 0.16075 0.98699
-0.77820 0.29537 0.16185 0.98682
-0.77796 0.29679 0.16294 0.98664
-0.77773 0.29821 0.16404 0.98645
-0.77749 0.29962 0.16515 0.98627
-0.77725 0.30104 0.16626 0.98608
-0.77702 0.30245 0.16737 0.98589
-0.77677 0.30386 0.16849 0.98570
-0.77653 0.30527 0.16961 0.98551
-0.77629 0.30668 0.17074 0.98532
-0.77605 0.30808 0.17187 0.98512
-0.77580 0.30949 0.17300 0.98492
-0.77555 0.31089 0.17414 0.98472
-0.77530 0.31229 0.17528 0.98452
-0.77505 0.31369 0.17643 0.98431
-0.77480 0.31508 0.17758 0.98411
-0.77455 0.31648 0.17874 0.98390
-0.77430 0.31787 0.17990 0.98369
-0.77404 0.31926 0.18106 0.98347
-0.77379 0.32065 0.18223 0.98326
-0.77353 0.32204 0.18341 0.98304
-0.77327 0.32343 0.18458 0.98282
-0.77301 0.32481 0.18577 0.98259
-0.77274 0.32619 0.18695 0.98237
-0.77248 0.32757 0.18814 0.98214
-0.77222 0.32895 0.18934 0.98191
-0.77195 0.33033 0.19054 0.98168
-0.77168 0.33170 0.19174 0.98144
-0.77141 0.33307 0.19295 0.98121
-0.77114 0.33445 0.19417 0.98097
-0.77087 0.33581 0.19539 0.98073
-0.77060 0.33718 0.19661 0.98048
-0.77032 0.33855 0.19784 0.98023
-0.77005 0.33991 0.19907 0.97998
-0.76977 0.34127 0.20031 0.97973
-0.76949 0.34263 0.20155 0.97948
-0.76921 0.34399 0.20280 0.97922
-0.76893 0.34534 0.20405 0.97896
-0.76865 0.34670 0.20531 0.97870
-0.76836 0.34805 0.20657 0.97843
-0.76808 0.34940 0.20783 0.97816
-0.76779 0.35074 0.20911 0.97789
-0.76750 0.35209 0.21038 0.97762
-0.76721 0.35343 0.21166 0.97734
-0.76692 0.35478 0.21295 0.97706
-0.76663 0.35612 0.21424 0.97678
-0.76633 0.35745 0.21553 0.97650
-0.76604 0.35879 0.21684 0.97621
-0.76574 0.36012 0.21814 0.97592
-0.76544 0.36145 0.21945 0.97562
-0.76514 0.36278 0.22077 0.97533
-0.76484 0.36411 0.22209 0.97503
-0.76454 0.36544 0.22341 0.97472
-0.76423 0.36676 0.22474 0.97442
-0.76392 0.36808 0.22608 0.97411
-0.76362 0.36940 0.22742 0.97380
-0.76331 0.37072 0.22877 0.97348
-0.76300 0.37204 0.23012 0.97316
-0.76269 0.37335 0.23148 0.97284
-0.76237 0.37466 0.23284 0.97252
-0.76206 0.37597 0.23420 0.97219
-0.76174 0.37728 0.23558 0.97186
-0.76143 0.37859 0.23695 0.97152
-0.76111 0.37989 0.23834 0.97118
-0.76079 0.38119 0.23972 0.97084
-0.76046 0.38249 0.24112 0.97050
-0.76014 0.38379 0.24251 0.97015
-0.75982 0.38508 0.24392 0.96980
-0.75949 0.38638 0.24533 0.96944
-0.75916 0.38767 0.24674 0.96908
-0.75883 0.38896 0.24816 0.96872
-0.75850 0.39024 0.24959 0.96835
-0.75817 0.39153 0.25102 0.96798
-0.75784 0.39281 0.25245 0.96761
-0.75750 0.39409 0.25389 0.96723
-0.75716 0.39537 0.25534 0.96685
-0.75683 0.39665 0.25679 0.96647
-0.75649 0.39792 0.25825 0.96608
-0.75615 0.39919 0.25971 0.96569
-0.75580 0.40046 0.26118 0.96529
-0.75546 0.40173 0.26265 0.96489
-0.75511 0.40300 0.26413 0.96449
-0.75477 0.40426 0.26562 0.96408
-0.75442 0.40552 0.26711 0.96367
-0.75407 0.40678 0.26861 0.96325
-0.75372 0.40804 0.27011 0.96283
-0.75336 0.40930 0.27161 0.96241
-0.75301 0.41055 0.27313 0.96198
-0.75265 0.41180 0.27464 0.96155
-0.75229 0.41305 0.27617 0.96111
-0.75193 0.41430 0.27770 0.96067
-0.75157 0.41554 0.27923 0.96022
-0.75121 0.41678 0.28077 0.95977
-0.75085 0.41802 0.28232 0.95932
-0.75048 0.41926 0.28387 0.95886
-0.75011 0.42050 0.28543 0.95840
-0.74975 0.42173 0.28699 0.95793
-0.74938 0.42296 0.28856 0.95746
-0.74900 0.42419 0.29013 0.95699
-0.74863 0.42542 0.29171 0.95651
-0.74826 0.42665 0.29330 0.95602
-0.74788 0.42787 0.29489 0.95553
-0.74750 0.42909 0.29649 0.95504
-0.74712 0.43031 0.29809 0.95454
-0.74674 0.43153 0.29970 0.95403
-0.74636 0.43274 0.30131 0.95353
-0.74597 0.43395 0.30293 0.95301
-0.74559 0.43516 0.30456 0.95249
-0.74520 0.43637 0.30619 0.95197
-0.74481 0.43758 0.30782 0.95144
-0.74442 0.43878 0.30946 0.95091
-0.74403 0.43998 0.31111 0.95037
-0.74364 0.44118 0.31277 0.94983
-0.74324 0.44238 0.31443 0.94928
-0.74284 0.44357 0.31609 0.94873
-0.74245 0.44476 0.31776 0.94817
-0.74205 0.44595 0.31944 0.94761
-0.74164 0.44714 0.32112 0.94704
-0.74124 0.44833 0.32281 0.94647
-0.74084 0.44951 0.32450 0.94589
-0.74043 0.45069 0.32620 0.94530
-0.74002 0.45187 0.32790 0.94471
-0.73961 0.45305 0.32961 0.94412
-0.73920 0.45422 0.33133 0.94352
-0.73879 0.45539 0.33305 0.94291
-0.73837 0.45656 0.33478 0.94230
-0.73796 0.45773 0.33651 0.94168
-0.73754 0.45890 0.33825 0.94106
-0.73712 0.46006 0.33999 0.94043
-0.73670 0.46122 0.34174 0.93979
-0.73628 0.46238 0.34350 0.93915
-0.73585 0.46354 0.34526 0.93851
-0.73543 0.46469 0.34702 0.93786
-0.73500 0.46584 0.34880 0.93720
-0.73457 0.46699 0.35057 0.93654
-0.73414 0.46814 0.35236 0.93587
-0.73371 0.46928 0.35415 0.93519
-0.73327 0.47043 0.35594 0.93451
-0.73284 0.47157 0.35774 0.93382
-0.73240 0.47271 0.35954 0.93313
-0.73196 0.47384 0.36135 0.93243
-0.73152 0.47498 0.36317 0.93172
-0.73108 0.47611 0.36499 0.93101
-0.73063 0.47724 0.36682 0.93029
-0.73019 0.47837 0.36865 0.92957
-0.72974 0.47949 0.37049 0.92884
-0.72929 0.48061 0.37233 0.92810
-0.72884 0.48174 0.37418 0.92736
-0.72839 0.48285 0.37603 0.92661
-0.72793 0.48397 0.37789 0.92585
-0.72748 0.48508 0.37976 0.92509
-0.72702 0.48619 0.38163 0.92432
-0.72656 0.48730 0.38350 0.92354
-0.72610 0.48841 0.38538 0.92276
-0.72564 0.48952 0.38727 0.92197
-0.72517 0.49062 0.38916 0.92117
-0.72471 0.49172 0.39105 0.92037
-0.72424 0.49282 0.39295 0.91956
-0.72377 0.49391 0.39486 0.91874
-0.72330 0.49500 0.39677 0.91792
-0.72283 0.49610 0.39869 0.91709
-0.72235 0.49718 0.40061 0.91625
-0.72187 0.49827 0.40253 0.91541
-0.72140 0.49935 0.40446 0.91455
-0.72092 0.50044 0.40640 0.91370
-0.72043 0.50152 0.40834 0.91283
-0.71995 0.50259 0.41028 0.91196
-0.71947 0.50367 0.41223 0.91108
-0.71898 0.50474 0.41419 0.91019
-0.71849 0.50581 0.41615 0.90930
-0.71800 0.50688 0.41811 0.90839
-0.71751 0.50795 0.42008 0.90749
-0.71701 0.50901 0.42206 0.90657
-0.71652 0.51007 0.42404 0.90565
-0.71602 0.51113 0.42602 0.90471
-0.71552 0.51219 0.42801 0.90378
-0.71502 0.51324 0.43000 0.90283
-0.71452 0.51429 0.43199 0.90188
-0.71402 0.51534 0.43400 0.90092
-0.71351 0.51639 0.43600 0.89995
-0.71300 0.51744 0.43801 0.89897
-0.71249 0.51848 0.44002 0.89799
-0.71198 0.51952 0.44204 0.89699
-0.71147 0.52056 0.44406 0.89599
-0.71095 0.52159 0.44609 0.89499
-0.71044 0.52263 0.44812 0.89397
-0.70992 0.52366 0.45016 0.89295
-0.70940 0.52469 0.45219 0.89192
-0.70887 0.52572 0.45424 0.89088
-0.70835 0.52674 0.45628 0.88983
-0.70782 0.52776 0.45833 0.88878
-0.70730 0.52878 0.46039 0.88772
-0.70677 0.52980 0.46244 0.88665
-0.70624 0.53082 0.46451 0.88557
-0.70570 0.53183 0.46657 0.88448
-0.70517 0.53284 0.46864 0.88339
-0.70463 0.53385 0.47071 0.88229
-0.70409 0.53486 0.47279 0.88118
-0.70355 0.53586 0.47487 0.88006
-0.70301 0.53686 0.47695 0.87893
-0.70247 0.53786 0.47903 0.87780
-0.70192 0.53886 0.48112 0.87665
-0.70137 0.53986 0.48321 0.87550
-0.70082 0.54085 0.48531 0.87434
-0.70027 0.54184 0.48741 0.87317
-0.69972 0.54283 0.48951 0.87200
-0.69916 0.54381 0.49161 0.87081
-0.69861 0.54480 0.49372 0.86962
-0.69805 0.54578 0.49583 0.86842
-0.69749 0.54676 0.49794 0.86721
-0.69693 0.54773 0.50006 0.86599
-0.69636 0.54871 0.50217 0.86477
-0.69579 0.54968 0.50430 0.86353
-0.69523 0.55065 0.50642 0.86229
-0.69466 0.55162 0.50854 0.86104
-0.69409 0.55258 0.51067 0.85978
-0.69351 0.55355 0.51280 0.85851
-0.69294 0.55451 0.51493 0.85723
-0.69236 0.55547 0.51707 0.85595
-0.69178 0.55642 0.51920 0.85465
-0.69120 0.55738 0.52134 0.85335
-0.69061 0.55833 0.52348 0.85204
-0.69003 0.55928 0.52562 0.85072
-0.68944 0.56023 0.52776 0.84939
-0.68885 0.56117 0.52991 0.84805
-0.68826 0.56211 0.53206 0.84671
-0.68767 0.56305 0.53420 0.84536
-0.68708 0.56399 0.53635 0.84399
-0.68648 0.56493 0.53850 0.84262
-0.68588 0.56586 0.54066 0.84124
-0.68528 0.56679 0.54281 0.83986
-0.68468 0.56772 0.54497 0.83846
-0.68407 0.56865 0.54712 0.83705
-0.68347 0.56957 0.54928 0.83564
-0.68286 0.57050 0.55143 0.83422
-0.68225 0.57142 0.55359 0.83279
-0.68164 0.57233 0.55575 0.83135
-0.68103 0.57325 0.55791 0.82990
-0.68041 0.57416 0.56007 0.82844
-0.67979 0.57507 0.56223 0.82698
-0.67917 0.57598 0.56439 0.82551
-0.67855 0.57689 0.56656 0.82402
-0.67793 0.57779 0.56872 0.82253
-0.67730 0.57870 0.57088 0.82103
-0.67667 0.57960 0.57304 0.81953
-0.67604 0.58049 0.57520 0.81801
-0.67541 0.58139 0.57736 0.81649
-0.67478 0.58228 0.57952 0.81495
-0.67414 0.58317 0.58169 0.81341
-0.67351 0.58406 0.58385 0.81186
-0.67287 0.58495 0.58601 0.81031
-0.67223 0.58583 0.58817 0.80874
-0.67158 0.58671 0.59033 0.80717
-0.67094 0.58759 0.59248 0.80558
-0.67029 0.58847 0.59464 0.80399
-0.66964 0.58935 0.59680 0.80239
-0.66899 0.59022 0.59895 0.80078
-0.66834 0.59109 0.60111 0.79917
-0.66768 0.59196 0.60326 0.79754
-0.66703 0.59282 0.60541 0.79591
-0.66637 0.59369 0.60756 0.79427
-0.66571 0.59455 0.60971 0.79262
-0.66504 0.59541 0.61186 0.79097
-0.66438 0.59627 0.61401 0.78930
-0.66371 0.59712 0.61615 0.78763
-0.66304 0.59798 0.61829 0.78595
-0.66237 0.59883 0.62043 0.78426
-0.66170 0.59968 0.62257 0.78256
-0.66102 0.60052 0.62471 0.78086
-0.66034 0.60137 0.62684 0.77915
-0.65966 0.60221 0.62898 0.77742
-0.65898 0.60305 0.63111 0.77570
-0.65830 0.60389 0.63323 0.77396
-0.65761 0.60472 0.63536 0.77222
-0.65693 0.60555 0.63748 0.77047
-0.65624 0.60638 0.63960 0.76871
-0.65555 0.60721 0.64172 0.76694
-0.65485 0.60804 0.64383 0.76517
-0.65416 0.60886 0.64594 0.76339
-0.65346 0.60969 0.64805 0.76160
-0.65276 0.61051 0.65015 0.75980
-0.65206 0.61132 0.65225 0.75800
-0.65135 0.61214 0.65435 0.75619
-0.65065 0.61295 0.65645 0.75437
-0.64994 0.61376 0.65854 0.75255
-0.64923 0.61457 0.66063 0.75072
-0.64852 0.61538 0.66271 0.74888
-0.64780 0.61619 0.66479 0.74703
-0.64709 0.61699 0.66687 0.74518
-0.64637 0.61779 0.66894 0.74332
-0.64565 0.61859 0.67101 0.74145
-0.64493 0.61938 0.67307 0.73958
-0.64420 0.62018 0.67513 0.73770
-0.64348 0.62097 0.67719 0.73581
-0.64275 0.62176 0.67924 0.73392
-0.64202 0.62255 0.68128 0.73202
-0.64128 0.62333 0.68333 0.73011
-0.64055 0.62411 0.68536 0.72820
-0.63981 0.62490 0.68740 0.72628
-0.63907 0.62567 0.68943 0.72436
-0.63833 0.62645 0.69145 0.72243
-0.63759 0.62723 0.69347 0.72049
-0.63684 0.62800 0.69548 0.71854
-0.63609 0.62877 0.69749 0.71660
-0.63534 0.62954 0.69949 0.71464
-0.63459 0.63030 0.70149 0.71268
-0.63384 0.63107 0.70348 0.71071
-0.63308 0.63183 0.70547 0.70874
-0.63232 0.63259 0.70745 0.70676
-0.63156 0.63335 0.70943 0.70478
-0.63080 0.63410 0.71140 0.70279
-0.63004 0.63485 0.71336 0.70079
-0.62927 0.63561 0.71532 0.69879
-0.62850 0.63635 0.71728 0.69679
-0.62773 0.63710 0.71922 0.69478
-0.62696 0.63785 0.72116 0.69276
-0.62618 0.63859 0.72310 0.69074
-0.62540 0.63933 0.72503 0.68872
-0.62462 0.64007 0.72695 0.68669
-0.62384 0.64080 0.72887 0.68465
-0.62306 0.64154 0.73078 0.68262
-0.62227 0.64227 0.73268 0.68057
-0.62148 0.64300 0.73458 0.67852
-0.62069 0.64373 0.73647 0.67647
-0.61990 0.64445 0.73835 0.67441
-0.61911 0.64518 0.74023 0.67235
-0.61831 0.64590 0.74210 0.67029
-0.61751 0.64662 0.74397 0.66822
-0.61671 0.64734 0.74582 0.66614
-0.61591 0.64805 0.74767 0.66406
-0.61510 0.64877 0.74952 0.66198
-0.61429 0.64948 0.75135 0.65990
-0.61348 0.65019 0.75318 0.65781
-0.61267 0.65089 0.75501 0.65572
-0.61186 0.65160 0.75682 0.65362
-0.61104 0.65230 0.75863 0.65152
-0.61022 0.65300 0.76043 0.64942
-0.60940 0.65370 0.76222 0.64731
-0.60858 0.65440 0.76401 0.64521
-0.60775 0.65509 0.76579 0.64309
-0.60692 0.65579 0.76756 0.64098
-0.60610 0.65648 0.76932 0.63886
-0.60526 0.65717 0.77108 0.63674
-0.60443 0.65785 0.77283 0.63462
-0.60359 0.65854 0.77457 0.63249
-0.60276 0.65922 0.77630 0.63036
-0.60191 0.65990 0.77803 0.62823
-0.60107 0.66058 0.77974 0.62610
-0.60023 0.66126 0.78145 0.62396
-0.59938 0.66193 0.78315 0.62183
-0.59853 0.66260 0.78485 0.61969
-0.59768 0.66327 0.78653 0.61755
-0.59682 0.66394 0.78821 0.61540
-0.59597 0.66461 0.78988 0.61326
-0.59511 0.66527 0.79154 0.61111
-0.59425 0.66594 0.79320 0.60896
-0.59339 0.66660 0.79484 0.60681
-0.59252 0.66726 0.79648 0.60466
-0.59166 0.66791 0.79811 0.60251
-0.59079 0.66857 0.79973 0.60036
-0.58991 0.66922 0.80135 0.59820
-0.58904 0.66987 0.80295 0.59605
-0.58817 0.67052 0.80455 0.59389
-0.58729 0.67116 0.80614 0.59173
-0.58641 0.67181 0.80772 0.58957
-0.58552 0.67245 0.80929 0.58741
-0.58464 0.67309 0.81085 0.58525
-0.58375 0.67373 0.81241 0.58309
-0.58286 0.67437 0.81395 0.58093
-0.58197 0.67500 0.81549 0.57877
-0.58108 0.67563 0.81702 0.57661
-0.58018 0.67626 0.81854 0.57445
-0.57928 0.67689 0.82005 0.57229
-0.57838 0.67752 0.82156 0.57012
-0.57748 0.67814 0.82305 0.56796
-0.57657 0.67877 0.82454 0.56580
-0.57567 0.67939 0.82602 0.56364
-0.57476 0.68001 0.82749 0.56148
-0.57384 0.68062 0.82895 0.55932
-0.57293 0.68124 0.83041 0.55716
-0.57201 0.68185 0.83185 0.55500
-0.57110 0.68246 0.83329 0.55284
-0.57017 0.68307 0.83471 0.55068
-0.56925 0.68368 0.83613 0.54853
-0.56833 0.68429 0.83754 0.54637
-0.56740 0.68489 0.83895 0.54421
-0.56647 0.68549 0.84034 0.54206
-0.56554 0.68609 0.84172 0.53991
-0.56460 0.68669 0.84310 0.53775
-0.56367 0.68728 0.84447 0.53560
-0.56273 0.68788 0.84583 0.53346
-0.56178 0.68847 0.84718 0.53131
-0.56084 0.68906 0.84852 0.52916
-0.55990 0.68965 0.84985 0.52702
-0.55895 0.69023 0.85118 0.52487
-0.55800 0.69082 0.85250 0.52273
-0.55704 0.69140 0.85380 0.52059
-0.55609 0.69198 0.85510 0.51846
-0.55513 0.69256 0.85639 0.51632
-0.55417 0.69314 0.85768 0.51419
-0.55321 0.69371 0.85895 0.51206
-0.55225 0.69428 0.86022 0.50993
-0.55128 0.69486 0.86147 0.50780
-0.55031 0.69543 0.86272 0.50568
-0.54934 0.69599 0.86396 0.50356
-0.54837 0.69656 0.86519 0.50144
-0.54739 0.69712 0.86642 0.49932
-0.54642 0.69768 0.86763 0.49721
-0.54544 0.69824 0.86884 0.49509
-0.54445 0.69880 0.87004 0.49299
-0.54347 0.69936 0.87123 0.49088
-0.54248 0.69991 0.87241 0.48878
-0.54149 0.70046 0.87358 0.48668
-0.54050 0.70102 0.87475 0.48458
-0.53951 0.70156 0.87590 0.48248
-0.53851 0.70211 0.87705 0.48039
-0.53752 0.70266 0.87819 0.47831
-0.53651 0.70320 0.87933 0.47622
-0.53551 0.70374 0.88045 0.47414
-0.53451 0.70428 0.88156 0.47206
-0.53350 0.70482 0.88267 0.46999
-0.53249 0.70535 0.88377 0.46792
-0.53148 0.70589 0.88486 0.46585
-0.53046 0.70642 0.88595 0.46379
-0.52945 0.70695 0.88702 0.46173
-0.52843 0.70748 0.88809 0.45967
-0.52741 0.70801 0.88915 0.45762
-0.52638 0.70853 0.89020 0.45557
-0.52536 0.70906 0.89124 0.45352
-0.52433 0.70958 0.89228 0.45148
-0.52330 0.71010 0.89331 0.44945
-0.52227 0.71062 0.89433 0.44741
-0.52123 0.71113 0.89534 0.44538
-0.52020 0.71165 0.89634 0.44336
-0.51916 0.71216 0.89734 0.44134
-0.51812 0.71267 0.89833 0.43932
-0.51707 0.71318 0.89931 0.43731
-0.51603 0.71369 0.90028 0.43530
-0.51498 0.71419 0.90125 0.43330
-0.51393 0.71470 0.90221 0.43130
-0.51287 0.71520 0.90316 0.42930
-0.51182 0.71570 0.90410 0.42731
-0.51076 0.71620 0.90504 0.42533
-0.50970 0.71669 0.90597 0.42335
-0.50864 0.71719 0.90689 0.42137
-0.50757 0.71768 0.90780 0.41940
-0.50651 0.71817 0.90871 0.41743
-0.50544 0.71866 0.90961 0.41547
-0.50437 0.71915 0.91050 0.41351
-0.50329 0.71964 0.91139 0.41155
-0.50222 0.72012 0.91226 0.40961
-0.50114 0.72060 0.91313 0.40766
-0.50006 0.72108 0.91400 0.40572
-0.49898 0.72156 0.91485 0.40379
-0.49789 0.72204 0.91570 0.40186
-0.49680 0.72252 0.91654 0.39994
-0.49572 0.72299 0.91738 0.39802
-0.49462 0.72346 0.91821 0.39610
-0.49353 0.72393 0.91903 0.39419
-0.49243 0.72440 0.91984 0.39229
-0.49133 0.72487 0.92065 0.39039
-0.49023 0.72533 0.92145 0.38850
-0.48913 0.72580 0.92224 0.38661
-0.48803 0.72626 0.92303 0.38473
-0.48692 0.72672 0.92381 0.38285
-0.48581 0.72718 0.92459 0.38097
-0.48470 0.72764 0.92535 0.37911
-0.48358 0.72809 0.92611 0.37724
-0.48246 0.72855 0.92687 0.37539
-0.48134 0.72900 0.92762 0.37353
-0.48022 0.72945 0.92836 0.37169
-0.47910 0.72990 0.92909 0.36985
-0.47797 0.73034 0.92982 0.36801
-0.47685 0.73079 0.93054 0.36618
-0.47572 0.73123 0.93126 0.36436
-0.47458 0.73167 0.93197 0.36254
-0.47345 0.73211 0.93267 0.36072
-0.47231 0.73255 0.93337 0.35891
-0.47117 0.73299 0.93406 0.35711
-0.47003 0.73342 0.93475 0.35531
-0.46889 0.73386 0.93543 0.35352
-0.46774 0.73429 0.93610 0.35173
-0.46659 0.73472 0.93677 0.34995
-0.46544 0.73515 0.93743 0.34818
-0.46429 0.73558 0.93808 0.34641
-0.46313 0.73600 0.93873 0.34464
-0.46198 0.73643 0.93938 0.34288
-0.46082 0.73685 0.94002 0.34113
-0.45965 0.73727 0.94065 0.33938
-0.45849 0.73769 0.94127 0.33764
-0.45732 0.73810 0.94190 0.33591
-0.45615 0.73852 0.94251 0.33417
-0.45498 0.73893 0.94312 0.33245
-0.45381 0.73935 0.94373 0.33073
-0.45264 0.73976 0.94432 0.32902
-0.45146 0.74016 0.94492 0.32731
-0.45028 0.74057 0.94551 0.32561
-0.44910 0.74098 0.94609 0.32391
-0.44791 0.74138 0.94667 0.32222
-0.44673 0.74179 0.94724 0.32053
-0.44554 0.74219 0.94780 0.31885
-0.44435 0.74259 0.94837 0.31718
-0.44315 0.74298 0.94892 0.31551
-0.44196 0.74338 0.94947 0.31385
-0.44076 0.74377 0.95002 0.31219
-0.43956 0.74417 0.95056 0.31054
-0.43836 0.74456 0.95110 0.30889
-0.43716 0.74495 0.95163 0.30725
-0.43595 0.74534 0.95215 0.30562
-0.43474 0.74572 0.95268 0.30399
-0.43353 0.74611 0.95319 0.30237
-0.43232 0.74649 0.95370 0.30075
-0.43110 0.74687 0.95421 0.29914
-0.42988 0.74726 0.95471 0.29753
-0.42867 0.74763 0.95521 0.29593
-0.42744 0.74801 0.95570 0.29433
-0.42622 0.74839 0.95619 0.29275
-0.42499 0.74876 0.95667 0.29116
-0.42377 0.74913 0.95715 0.28958
-0.42254 0.74951 0.95763 0.28801
-0.42130 0.74987 0.95810 0.28645
-0.42007 0.75024 0.95856 0.28488
-0.41883 0.75061 0.95902 0.28333
-0.41759 0.75097 0.95948 0.28178
-0.41635 0.75134 0.95993 0.28024
-0.41511 0.75170 0.96038 0.27870
-0.41386 0.75206 0.96082 0.27716
-0.41262 0.75242 0.96126 0.27564
-0.41137 0.75278 0.96170 0.27411
-0.41011 0.75313 0.96213 0.27260
-0.40886 0.75349 0.96255 0.27109
-0.40760 0.75384 0.96298 0.26958
-0.40635 0.75419 0.96340 0.26808
-0.40508 0.75454 0.96381 0.26659
-0.40382 0.75489 0.96422 0.26510
-0.40256 0.75523 0.96463 0.26362
-0.40129 0.75558 0.96503 0.26214
-0.40002 0.75592 0.96543 0.26067
-0.39875 0.75627 0.96582 0.25920
-0.39748 0.75661 0.96621 0.25774
-0.39620 0.75694 0.96660 0.25629
-0.39493 0.75728 0.96698 0.25484
-0.39365 0.75762 0.96736 0.25339
-0.39236 0.75795 0.96774 0.25195
-0.39108 0.75829 0.96811 0.25052
-0.38980 0.75862 0.96848 0.24909
-0.38851 0.75895 0.96885 0.24767
-0.38722 0.75928 0.96921 0.24625
-0.38593 0.75960 0.96956 0.24484
-0.38463 0.75993 0.96992 0.24343
-0.38334 0.76025 0.97027 0.24203
-0.38204 0.76058 0.97062 0.24063
-0.38074 0.76090 0.97096 0.23924
-0.37944 0.76122 0.97130 0.23785
-0.37813 0.76154 0.97164 0.23647
-0.37682 0.76185 0.97197 0.23510
-0.37552 0.76217 0.97230 0.23373
-0.37421 0.76248 0.97263 0.23236
-0.37289 0.76280 0.97295 0.23100
-0.37158 0.76311 0.97327 0.22965
-0.37026 0.76342 0.97359 0.22830
-0.36894 0.76372 0.97391 0.22695
-0.36762 0.76403 0.97422 0.22561
-0.36630 0.76434 0.97452 0.22428
-0.36498 0.76464 0.97483 0.22295
-0.36365 0.76494 0.97513 0.22163
-0.36232 0.76524 0.97543 0.22031
-0.36099 0.76554 0.97573 0.21899
-0.35966 0.76584 0.97602 0.21768
-0.35832 0.76614 0.97631 0.21638
-0.35699 0.76643 0.97660 0.21508
-0.35565 0.76673 0.97688 0.21379
-0.35431 0.76702 0.97716 0.21250
-0.35297 0.76731 0.97744 0.21122
-0.35162 0.76760 0.97772 0.20994
-0.35027 0.76789 0.97799 0.20866
-0.34893 0.76818 0.97826 0.20739
-0.34758 0.76846 0.97853 0.20613
-0.34622 0.76875 0.97879 0.20487
-0.34487 0.76903 0.97905 0.20361
-0.34351 0.76931 0.97931 0.20236
-0.34216 0.76959 0.97957 0.20112
-0.34080 0.76987 0.97982 0.19988
-0.33943 0.77014 0.98007 0.19864
-0.33807 0.77042 0.98032 0.19741
-0.33670 0.77069 0.98057 0.19618
-0.33534 0.77097 0.98081 0.19496
-0.33397 0.77124 0.98105 0.19374
-0.33260 0.77151 0.98129 0.19253
-0.33122 0.77178 0.98153 0.19132
-0.32985 0.77204 0.98176 0.19012
-0.32847 0.77231 0.98199 0.18892
-0.32709 0.77257 0.98222 0.18773
-0.32571 0.77284 0.98245 0.18654
-0.32433 0.77310 0.98267 0.18535
-0.32294 0.77336 0.98289 0.18417
-0.32156 0.77362 0.98311 0.18300
-0.32017 0.77387 0.98333 0.18182
-0.31878 0.77413 0.98355 0.18066
-0.31739 0.77439 0.98376 0.17949
-0.31599 0.77464 0.98397 0.17833
-0.31460 0.77489 0.98418 0.17718
-0.31320 0.77514 0.98438 0.17603
-0.31180 0.77539 0.98459 0.17488
-0.31040 0.77564 0.98479 0.17374
-0.30900 0.77589 0.98499 0.17261
-0.30759 0.77613 0.98519 0.17147
-0.30619 0.77638 0.98538 0.17034
-0.30478 0.77662 0.98558 0.16922
-0.30337 0.77686 0.98577 0.16810
-0.30196 0.77710 0.98596 0.16698
-0.30054 0.77734 0.98615 0.16587
-0.29913 0.77757 0.98633 0.16476
-0.29771 0.77781 0.98652 0.16366
-0.29629 0.77804 0.98670 0.16256
-0.29487 0.77828 0.98688 0.16147
-0.29345 0.77851 0.98706 0.16037
-0.29203 0.77874 0.98723 0.15929
-0.29060 0.77897 0.98741 0.15820
-0.28917 0.77920 0.98758 0.15712
-0.28775 0.77942 0.98775 0.15605
-0.28632 0.77965 0.98792 0.15497
-0.28488 0.77987 0.98809 0.15391
-0.28345 0.78010 0.98825 0.15284
-0.28201 0.78032 0.98841 0.15178
-0.28058 0.78054 0.98858 0.15073
-0.27914 0.78076 0.98874 0.14967
-0.27770 0.78097 0.98889 0.14862
-0.27625 0.78119 0.98905 0.14758
-0.27481 0.78140 0.98920 0.14654
-0.27336 0.78162 0.98936 0.14550
-0.27192 0.78183 0.98951 0.14447
-0.27047 0.78204 0.98966 0.14344
-0.26902 0.78225 0.98981 0.14241
-0.26757 0.78246 0.98995 0.14139
-0.26611 0.78266 0.99010 0.14037
-0.26466 0.78287 0.99024 0.13935
-0.26320 0.78307 0.99038 0.13834
-0.26174 0.78328 0.99053 0.13733
-0.26028 0.78348 0.99066 0.13633
-0.25882 0.78368 0.99080 0.13532
-0.25736 0.78388 0.99094 0.13433
-0.25589 0.78408 0.99107 0.13333
-0.25443 0.78427 0.99120 0.13234
-0.25296 0.78447 0.99134 0.13135
-0.25149 0.78466 0.99147 0.13037
-0.25002 0.78485 0.99159 0.12939
-0.24855 0.78505 0.99172 0.12841
-0.24707 0.78524 0.99185 0.12743
-0.24560 0.78542 0.99197 0.12646
-0.24412 0.78561 0.99209 0.12549
-0.24264 0.78580 0.99222 0.12453
-0.24116 0.78598 0.99234 0.12357
-0.23968 0.78617 0.99246 0.12261
-0.23820 0.78635 0.99257 0.12165
-0.23671 0.78653 0.99269 0.12070
-0.23523 0.78671 0.99280 0.11975
-0.23374 0.78689 0.99292 0.11881
-0.23225 0.78707 0.99303 0.11786
-0.23076 0.78724 0.99314 0.11692
-0.22927 0.78742 0.99325 0.11599
-0.22778 0.78759 0.99336 0.11505
-0.22628 0.78776 0.99347 0.11412
-0.22479 0.78793 0.99357 0.11319
-0.22329 0.78810 0.99368 0.11227
-0.22179 0.78827 0.99378 0.11135
-0.22029 0.78844 0.99388 0.11043
-0.21879 0.78861 0.99399 0.10951
-0.21729 0.78877 0.99409 0.10860
-0.21579 0.78893 0.99418 0.10769
-0.21428 0.78910 0.99428 0.10678
-0.21277 0.78926 0.99438 0.10588
-0.21127 0.78942 0.99447 0.10497
-0.20976 0.78958 0.99457 0.10407
-0.20825 0.78973 0.99466 0.10318
-0.20674 0.78989 0.99476 0.10228
-0.20522 0.79005 0.99485 0.10139
-0.20371 0.79020 0.99494 0.10050
-0.20219 0.79035 0.99503 0.09962
-0.20068 0.79050 0.99511 0.09874
-0.19916 0.79065 0.99520 0.09785
-0.19764 0.79080 0.99529 0.09698
-0.19612 0.79095 0.99537 0.09610
-0.19460 0.79109 0.99546 0.09523
-0.19307 0.79124 0.99554 0.09436
-0.19155 0.79138 0.99562 0.09349
-0.19003 0.79153 0.99570 0.09262
-0.18850 0.79167 0.99578 0.09176
-0.18697 0.79181 0.99586 0.09090
-0.18544 0.79195 0.99594 0.09004
-0.18391 0.79208 0.99602 0.08919
-0.18238 0.79222 0.99609 0.08833
-0.18085 0.79236 0.99617 0.08748
-0.17932 0.79249 0.99624 0.08663
-0.17778 0.79262 0.99631 0.08579
-0.17625 0.79275 0.99639 0.08494
-0.17471 0.79288 0.99646 0.08410
-0.17317 0.79301 0.99653 0.08326
-0.17163 0.79314 0.99660 0.08242
-0.17009 0.79327 0.99667 0.08159
-0.16855 0.79339 0.99673 0.08075
-0.16701 0.79352 0.99680 0.07992
-0.16546 0.79364 0.99687 0.07909
-0.16392 0.79376 0.99693 0.07827
-0.16237 0.79388 0.99700 0.07744
-0.16083 0.79400 0.99706 0.07662
-0.15928 0.79412 0.99712 0.07580
-0.15773 0.79424 0.99719 0.07498
-0.15618 0.79435 0.99725 0.07416
-0.15463 0.79447 0.99731 0.07335
-0.15308 0.79458 0.99737 0.07253
-0.15153 0.79469 0.99742 0.07172
-0.14998 0.79481 0.99748 0.07091
-0.14842 0.79492 0.99754 0.07011
-0.14687 0.79502 0.99760 0.06930
-0.14531 0.79513 0.99765 0.06850
-0.14375 0.79524 0.99771 0.06770
-0.14219 0.79534 0.99776 0.06690
-0.14064 0.79545 0.99781 0.06610
-0.13908 0.79555 0.99787 0.06530
-0.13751 0.79565 0.99792 0.06451
-0.13595 0.79575 0.99797 0.06371
-0.13439 0.79585 0.99802 0.06292
-0.13283 0.79595 0.99807 0.06213
-0.13126 0.79605 0.99812 0.06135
-0.12970 0.79614 0.99816 0.06056
-0.12813 0.79624 0.99821 0.05978
-0.12657 0.79633 0.99826 0.05899
-0.12500 0.79642 0.99830 0.05821
-0.12343 0.79651 0.99835 0.05743
-0.12186 0.79660 0.99839 0.05665
-0.12029 0.79669 0.99844 0.05588
-0.11872 0.79678 0.99848 0.05510
-0.11715 0.79686 0.99852 0.05433
-0.11558 0.79695 0.99856 0.05355
-0.11400 0.79703 0.99861 0.05278
-0.11243 0.79711 0.99865 0.05201
-0.11085 0.79720 0.99869 0.05125
-0.10928 0.79728 0.99873 0.05048
-0.10770 0.79735 0.99876 0.04971
-0.10613 0.79743 0.99880 0.04895
-0.10455 0.79751 0.99884 0.04819
-0.10297 0.79759 0.99887 0.04743
-0.10139 0.79766 0.99891 0.04667
-0.09981 0.79773 0.99895 0.04591
-0.09823 0.79780 0.99898 0.04515
-0.09665 0.79788 0.99901 0.04439
-0.09507 0.79795 0.99905 0.04364
-0.09349 0.79801 0.99908 0.04288
-0.09191 0.79808 0.99911 0.04213
-0.09033 0.79815 0.99914 0.04138
-0.08874 0.79821 0.99917 0.04063
-0.08716 0.79828 0.99920 0.03988
-0.08557 0.79834 0.99923 0.03913
-0.08399 0.79840 0.99926 0.03838
-0.08240 0.79846 0.99929 0.03764
-0.08082 0.79852 0.99932 0.03689
-0.07923 0.79858 0.99935 0.03615
-0.07764 0.79863 0.99937 0.03540
-0.07605 0.79869 0.99940 0.03466
-0.07447 0.79874 0.99942 0.03392
-0.07288 0.79880 0.99945 0.03318
-0.07129 0.79885 0.99947 0.03244
-0.06970 0.79890 0.99950 0.03170
-0.06811 0.79895 0.99952 0.03096
-0.06652 0.79900 0.99954 0.03022
-0.06492 0.79905 0.99957 0.02949
-0.06333 0.79909 0.99959 0.02875
-0.06174 0.79914 0.99961 0.02802
-0.06015 0.79918 0.99963 0.02728
-0.05856 0.79923 0.99965 0.02655
-0.05696 0.79927 0.99967 0.02582
-0.05537 0.79931 0.99969 0.02508
-0.05378 0.79935 0.99970 0.02435
-0.05218 0.79939 0.99972 0.02362
-0.05059 0.79942 0.99974 0.02289
-0.04899 0.79946 0.99975 0.02216
-0.04740 0.79949 0.99977 0.02143
-0.04580 0.79953 0.99979 0.02071
-0.04421 0.79956 0.99980 0.01998
-0.04261 0.79959 0.99981 0.01925
-0.04101 0.79962 0.99983 0.01852
-0.03942 0.79965 0.99984 0.01780
-0.03782 0.79968 0.99985 0.01707
-0.03622 0.79970 0.99987 0.01635
-0.03462 0.79973 0.99988 0.01562
-0.03303 0.79975 0.99989 0.01490
-0.03143 0.79978 0.99990 0.01417
-0.02983 0.79980 0.99991 0.01345
-0.02823 0.79982 0.99992 0.01273
-0.02663 0.79984 0.99993 0.01200
-0.02504 0.79986 0.99994 0.01128
-0.02344 0.79988 0.99994 0.01056
-0.02184 0.79989 0.99995 0.00984
-0.02024 0.79991 0.99996 0.00912
-0.01864 0.79992 0.99996 0.00839
-0.01704 0.79993 0.99997 0.00767
-0.01544 0.79995 0.99998 0.00695
-0.01384 0.79996 0.99998 0.00623
-0.01224 0.79997 0.99998 0.00551
-0.01064 0.79997 0.99999 0.00479
-0.00904 0.79998 0.99999 0.00407
-0.00744 0.79999 0.99999 0.00335
-0.00584 0.79999 1.00000 0.00263
-0.00424 0.80000 1.00000 0.00191
-0.00264 0.80000 1.00000 0.00119
-0.00104 0.80000 1.00000 0.00047
0.00056 0.80000 1.00000 -0.00025
0.00216 0.80000 1.00000 -0.00097
0.00376 0.80000 1.00000 -0.00169
0.00536 0.79999 1.00000 -0.00241
0.00696 0.79999 1.00000 -0.00313
0.00856 0.79998 0.99999 -0.00385
0.01016 0.79998 0.99999 -0.00457
0.01176 0.79997 0.99999 -0.00529
0.01336 0.79996 0.99998 -0.00601
0.01496 0.79995 0.99998 -0.00673
0.01656 0.79994 0.99997 -0.00745
0.01816 0.79993 0.99997 -0.00818
0.01975 0.79991 0.99996 -0.00890
0.02135 0.79990 0.99995 -0.00962
0.02295 0.79988 0.99995 -0.01034
0.02455 0.79986 0.99994 -0.01106
0.02615 0.79985 0.99993 -0.01179
0.02775 0.79983 0.99992 -0.01251
0.02935 0.79981 0.99991 -0.01323
0.03095 0.79978 0.99990 -0.01395
0.03254 0.79976 0.99989 -0.01468
0.03414 0.79974 0.99988 -0.01540
0.03574 0.79971 0.99987 -0.01613
0.03734 0.79969 0.99986 -0.01685
0.03893 0.79966 0.99985 -0.01758
0.04053 0.79963 0.99983 -0.01830
0.04213 0.79960 0.99982 -0.01903
0.04372 0.79957 0.99980 -0.01976
0.04532 0.79954 0.99979 -0.02048
0.04691 0.79950 0.99977 -0.02121
0.04851 0.79947 0.99976 -0.02194
0.05010 0.79943 0.99974 -0.02267
0.05170 0.79940 0.99973 -0.02340
0.05329 0.79936 0.99971 -0.02413
0.05489 0.79932 0.99969 -0.02486
0.05648 0.79928 0.99967 -0.02559
0.05807 0.79924 0.99965 -0.02633
0.05967 0.79920 0.99963 -0.02706
0.06126 0.79915 0.99961 -0.02779
0.06285 0.79911 0.99959 -0.02853
0.06444 0.79906 0.99957 -0.02926
0.06603 0.79901 0.99955 -0.03000
0.06763 0.79897 0.99953 -0.03074
0.06922 0.79892 0.99950 -0.03147
0.07081 0.79887 0.99948 -0.03221
0.07240 0.79881 0.99946 -0.03295
0.07398 0.79876 0.99943 -0.03369
0.07557 0.79871 0.99941 -0.03443
0.07716 0.79865 0.99938 -0.03518
0.07875 0.79859 0.99935 -0.03592
0.08034 0.79854 0.99933 -0.03666
0.08192 0.79848 0.99930 -0.03741
0.08351 0.79842 0.99927 -0.03816
0.08509 0.79836 0.99924 -0.03890
0.08668 0.79829 0.99921 -0.03965
0.08826 0.79823 0.99918 -0.04040
0.08985 0.79817 0.99915 -0.04115
0.09143 0.79810 0.99912 -0.04190
0.09301 0.79803 0.99909 -0.04266
0.09459 0.79797 0.99906 -0.04341
0.09618 0.79790 0.99902 -0.04416
0.09776 0.79783 0.99899 -0.04492
0.09934 0.79775 0.99896 -0.04568
0.10092 0.79768 0.99892 -0.04644
0.10249 0.79761 0.99889 -0.04720
0.10407 0.79753 0.99885 -0.04796
0.10565 0.79746 0.99881 -0.04872
0.10723 0.79738 0.99877 -0.04948
0.10880 0.79730 0.99874 -0.05025
0.11038 0.79722 0.99870 -0.05101
0.11195 0.79714 0.99866 -0.05178
0.11353 0.79706 0.99862 -0.05255
0.11510 0.79697 0.99858 -0.05332
0.11667 0.79689 0.99854 -0.05409
0.11824 0.79680 0.99849 -0.05487
0.11981 0.79672 0.99845 -0.05564
0.12138 0.79663 0.99841 -0.05642
0.12295 0.79654 0.99836 -0.05720
0.12452 0.79645 0.99832 -0.05797
0.12609 0.79636 0.99827 -0.05876
0.12766 0.79626 0.99823 -0.05954
0.12922 0.79617 0.99818 -0.06032
0.13079 0.79607 0.99813 -0.06111
0.13235 0.79598 0.99808 -0.06189
0.13392 0.79588 0.99803 -0.06268
0.13548 0.79578 0.99798 -0.06347
0.13704 0.79568 0.99793 -0.06427
0.13860 0.79558 0.99788 -0.06506
0.14016 0.79548 0.99783 -0.06586
0.14172 0.79537 0.99778 -0.06665
0.14328 0.79527 0.99772 -0.06745
0.14484 0.79516 0.99767 -0.06825
0.14639 0.79506 0.99761 -0.06906
0.14795 0.79495 0.99756 -0.06986
0.14950 0.79484 0.99750 -0.07067
0.15106 0.79473 0.99744 -0.07148
0.15261 0.79462 0.99738 -0.07229
0.15416 0.79450 0.99732 -0.07310
0.15571 0.79439 0.99726 -0.07391
0.15726 0.79427 0.99720 -0.07473
0.15881 0.79416 0.99714 -0.07555
0.16036 0.79404 0.99708 -0.07637
0.16191 0.79392 0.99702 -0.07719
0.16345 0.79380 0.99695 -0.07802
0.16500 0.79368 0.99689 -0.07884
0.16654 0.79356 0.99682 -0.07967
0.16808 0.79343 0.99675 -0.08050
0.16962 0.79331 0.99669 -0.08133
0.17117 0.79318 0.99662 -0.08217
0.17270 0.79305 0.99655 -0.08301
0.17424 0.79292 0.99648 -0.08384
0.17578 0.79279 0.99641 -0.08469
0.17732 0.79266 0.99634 -0.08553
0.17885 0.79253 0.99626 -0.08638
0.18038 0.79240 0.99619 -0.08722
0.18192 0.79226 0.99611 -0.08807
0.18345 0.79213 0.99604 -0.08893
0.18498 0.79199 0.99596 -0.08978
0.18651 0.79185 0.99588 -0.09064
0.18804 0.79171 0.99581 -0.09150
0.18956 0.79157 0.99573 -0.09236
0.19109 0.79143 0.99564 -0.09323
0.19261 0.79128 0.99556 -0.09409
0.19414 0.79114 0.99548 -0.09496
0.19566 0.79099 0.99540 -0.09584
0.19718 0.79085 0.99531 -0.09671
0.19870 0.79070 0.99523 -0.09759
0.20022 0.79055 0.99514 -0.09847
0.20173 0.79040 0.99505 -0.09935
0.20325 0.79025 0.99496 -0.10024
0.20476 0.79009 0.99487 -0.10112
0.20628 0.78994 0.99478 -0.10201
0.20779 0.78978 0.99469 -0.10291
0.20930 0.78962 0.99460 -0.10380
0.21081 0.78947 0.99450 -0.10470
0.21232 0.78931 0.99441 -0.10560
0.21383 0.78915 0.99431 -0.10651
0.21533 0.78898 0.99421 -0.10741
0.21683 0.78882 0.99412 -0.10832
0.21834 0.78866 0.99402 -0.10924
0.21984 0.78849 0.99391 -0.11015
0.22134 0.78832 0.99381 -0.11107
0.22284 0.78816 0.99371 -0.11199
0.22434 0.78799 0.99360 -0.11291
0.22583 0.78782 0.99350 -0.11384
0.22733 0.78764 0.99339 -0.11477
0.22882 0.78747 0.99328 -0.11570
0.23031 0.78730 0.99317 -0.11664
0.23180 0.78712 0.99306 -0.11758
0.23329 0.78694 0.99295 -0.11852
0.23478 0.78676 0.99284 -0.11946
0.23626 0.78659 0.99272 -0.12041
0.23775 0.78640 0.99261 -0.12136
0.23923 0.78622 0.99249 -0.12232
0.24071 0.78604 0.99237 -0.12328
0.24219 0.78585 0.99225 -0.12424
0.24367 0.78567 0.99213 -0.12520
0.24515 0.78548 0.99201 -0.12617
0.24663 0.78529 0.99189 -0.12714
0.24810 0.78510 0.99176 -0.12811
0.24957 0.78491 0.99163 -0.12909
0.25104 0.78472 0.99150 -0.13007
0.25251 0.78453 0.99138 -0.13105
0.25398 0.78433 0.99124 -0.13204
0.25545 0.78414 0.99111 -0.13303
0.25691 0.78394 0.99098 -0.13402
0.25838 0.78374 0.99084 -0.13502
0.25984 0.78354 0.99071 -0.13602
0.26130 0.78334 0.99057 -0.13703
0.26276 0.78314 0.99043 -0.13803
0.26422 0.78293 0.99029 -0.13904
0.26567 0.78273 0.99014 -0.14006
0.26713 0.78252 0.99000 -0.14108
0.26858 0.78231 0.98985 -0.14210
0.27003 0.78210 0.98970 -0.14313
0.27148 0.78189 0.98956 -0.14415
0.27293 0.78168 0.98940 -0.14519
0.27437 0.78147 0.98925 -0.14622
0.27582 0.78125 0.98910 -0.14726
0.27726 0.78104 0.98894 -0.14831
0.27870 0.78082 0.98878 -0.14936
0.28014 0.78060 0.98862 -0.15041
0.28158 0.78038 0.98846 -0.15146
0.28301 0.78016 0.98830 -0.15252
0.28445 0.77994 0.98814 -0.15358
0.28588 0.77972 0.98797 -0.15465
0.28731 0.77949 0.98780 -0.15572
0.28874 0.77927 0.98763 -0.15680
0.29017 0.77904 0.98746 -0.15787
0.29160 0.77881 0.98729 -0.15896
0.29302 0.77858 0.98711 -0.16004
0.29444 0.77835 0.98693 -0.16113
0.29586 0.77812 0.98675 -0.16223
0.29728 0.77788 0.98657 -0.16333
0.29870 0.77765 0.98639 -0.16443
0.30012 0.77741 0.98620 -0.16554
0.30153 0.77717 0.98602 -0.16665
0.30294 0.77693 0.98583 -0.16776
0.30435 0.77669 0.98564 -0.16888
0.30576 0.77645 0.98544 -0.17000
0.30717 0.77621 0.98525 -0.17113
0.30857 0.77596 0.98505 -0.17226
0.30998 0.77571 0.98485 -0.17340
0.31138 0.77547 0.98465 -0.17454
0.31278 0.77522 0.98445 -0.17568
0.31418 0.77497 0.98424 -0.17683
0.31557 0.77472 0.98403 -0.17798
0.31697 0.77446 0.98382 -0.17914
0.31836 0.77421 0.98361 -0.18030
0.31975 0.77395 0.98340 -0.18147
0.32114 0.77370 0.98318 -0.18264
0.32252 0.77344 0.98296 -0.18382
0.32391 0.77318 0.98274 -0.18499
0.32529 0.77292 0.98252 -0.18618
0.32667 0.77265 0.98229 -0.18737
0.32805 0.77239 0.98206 -0.18856
0.32943 0.77212 0.98183 -0.18976
0.33081 0.77186 0.98160 -0.19096
0.33218 0.77159 0.98136 -0.19217
0.33355 0.77132 0.98112 -0.19338
0.33492 0.77105 0.98088 -0.19459
0.33629 0.77078 0.98064 -0.19581
0.33766 0.77050 0.98040 -0.19704
0.33902 0.77023 0.98015 -0.19827
0.34038 0.76995 0.97990 -0.19950
0.34174 0.76967 0.97964 -0.20074
0.34310 0.76939 0.97939 -0.20199
0.34446 0.76911 0.97913 -0.20323
0.34581 0.76883 0.97887 -0.20449
0.34717 0.76855 0.97861 -0.20575
0.34852 0.76826 0.97834 -0.20701
0.34987 0.76798 0.97807 -0.20828
0.35121 0.76769 0.97780 -0.20955
0.35256 0.76740 0.97752 -0.21083
0.35390 0.76711 0.97725 -0.21211
0.35524 0.76682 0.97697 -0.21340
0.35658 0.76652 0.97668 -0.21469
0.35792 0.76623 0.97640 -0.21599
0.35925 0.76593 0.97611 -0.21729
0.36059 0.76563 0.97582 -0.21860
0.36192 0.76534 0.97552 -0.21991
0.36325 0.76503 0.97522 -0.22123
0.36457 0.76473 0.97492 -0.22255
0.36590 0.76443 0.97462 -0.22388
0.36722 0.76412 0.97431 -0.22521
0.36854 0.76382 0.97400 -0.22655
0.36986 0.76351 0.97369 -0.22789
0.37118 0.76320 0.97337 -0.22924
0.37250 0.76289 0.97305 -0.23059
0.37381 0.76258 0.97273 -0.23195
0.37512 0.76226 0.97240 -0.23331
0.37643 0.76195 0.97207 -0.23468
0.37774 0.76163 0.97174 -0.23606
0.37904 0.76131 0.97140 -0.23743
0.38034 0.76100 0.97106 -0.23882
0.38164 0.76067 0.97072 -0.24021
0.38294 0.76035 0.97038 -0.24160
0.38424 0.76003 0.97003 -0.24300
0.38553 0.75970 0.96967 -0.24441
0.38683 0.75938 0.96932 -0.24582
0.38812 0.75905 0.96896 -0.24724
0.38941 0.75872 0.96859 -0.24866
0.39069 0.75839 0.96822 -0.25008
0.39198 0.75805 0.96785 -0.25152
0.39326 0.75772 0.96748 -0.25295
0.39454 0.75738 0.96710 -0.25440
0.39582 0.75705 0.96672 -0.25585
0.39709 0.75671 0.96633 -0.25730
0.39837 0.75637 0.96594 -0.25876
0.39964 0.75603 0.96555 -0.26022
0.40091 0.75568 0.96515 -0.26169
0.40217 0.75534 0.96475 -0.26317
0.40344 0.75499 0.96434 -0.26465
0.40470 0.75464 0.96393 -0.26614
0.40596 0.75430 0.96352 -0.26763
0.40722 0.75395 0.96310 -0.26913
0.40848 0.75359 0.96268 -0.27063
0.40973 0.75324 0.96226 -0.27214
0.41099 0.75288 0.96183 -0.27366
0.41224 0.75253 0.96139 -0.27518
0.41349 0.75217 0.96096 -0.27670
0.41473 0.75181 0.96051 -0.27823
0.41598 0.75145 0.96007 -0.27977
0.41722 0.75108 0.95962 -0.28131
0.41846 0.75072 0.95916 -0.28286
0.41969 0.75035 0.95870 -0.28441
0.42093 0.74999 0.95824 -0.28597
0.42216 0.74962 0.95777 -0.28754
0.42339 0.74925 0.95730 -0.28911
0.42462 0.74887 0.95682 -0.29068
0.42585 0.74850 0.95634 -0.29227
0.42707 0.74813 0.95585 -0.29385
0.42830 0.74775 0.95536 -0.29545
0.42952 0.74737 0.95486 -0.29704
0.43073 0.74699 0.95436 -0.29865
0.43195 0.74661 0.95386 -0.30026
0.43316 0.74623 0.95335 -0.30187
0.43437 0.74584 0.95283 -0.30350
0.43558 0.74545 0.95231 -0.30512
0.43679 0.74507 0.95179 -0.30676
0.43799 0.74468 0.95126 -0.30839
0.43920 0.74429 0.95072 -0.31004
0.44040 0.74389 0.95018 -0.31169
0.44160 0.74350 0.94964 -0.31334
0.44279 0.74310 0.94909 -0.31501
0.44399 0.74271 0.94854 -0.31667
0.44518 0.74231 0.94798 -0.31834
0.44637 0.74191 0.94741 -0.32002
0.44755 0.74150 0.94684 -0.32171
0.44874 0.74110 0.94626 -0.32340
0.44992 0.74070 0.94568 -0.32509
0.45110 0.74029 0.94510 -0.32679
0.45228 0.73988 0.94450 -0.32850
0.45346 0.73947 0.94391 -0.33021
0.45463 0.73906 0.94330 -0.33193
0.45580 0.73864 0.94270 -0.33365
0.45697 0.73823 0.94208 -0.33538
0.45814 0.73781 0.94146 -0.33712
0.45930 0.73739 0.94084 -0.33886
0.46046 0.73697 0.94021 -0.34060
0.46162 0.73655 0.93957 -0.34235
0.46278 0.73613 0.93893 -0.34411
0.46394 0.73570 0.93828 -0.34587
0.46509 0.73528 0.93763 -0.34764
0.46624 0.73485 0.93697 -0.34942
0.46739 0.73442 0.93630 -0.35119
0.46854 0.73399 0.93563 -0.35298
0.46968 0.73356 0.93495 -0.35477
0.47083 0.73312 0.93427 -0.35657
0.47197 0.73269 0.93358 -0.35837
0.47310 0.73225 0.93288 -0.36017
0.47424 0.73181 0.93218 -0.36199
0.47537 0.73137 0.93148 -0.36380
0.47650 0.73092 0.93076 -0.36563
0.47763 0.73048 0.93004 -0.36746
0.47876 0.73003 0.92931 -0.36929
0.47988 0.72958 0.92858 -0.37113
0.48101 0.72913 0.92784 -0.37298
0.48213 0.72868 0.92710 -0.37483
0.48324 0.72823 0.92634 -0.37668
0.48436 0.72777 0.92558 -0.37854
0.48547 0.72732 0.92482 -0.38041
0.48658 0.72686 0.92405 -0.38228
0.48769 0.72640 0.92327 -0.38416
0.48880 0.72594 0.92248 -0.38604
0.48990 0.72548 0.92169 -0.38792
0.49100 0.72501 0.92089 -0.38982
0.49210 0.72454 0.92009 -0.39171
0.49320 0.72408 0.91927 -0.39362
0.49429 0.72361 0.91846 -0.39552
0.49539 0.72313 0.91763 -0.39744
0.49648 0.72266 0.91680 -0.39935
0.49756 0.72218 0.91596 -0.40128
0.49865 0.72171 0.91511 -0.40320
0.49973 0.72123 0.91426 -0.40514
0.50081 0.72075 0.91339 -0.40707
0.50189 0.72027 0.91253 -0.40902
0.50297 0.71978 0.91165 -0.41096
0.50404 0.71930 0.91077 -0.41292
0.50511 0.71881 0.90988 -0.41487
0.50618 0.71832 0.90898 -0.41683
0.50725 0.71783 0.90808 -0.41880
0.50832 0.71734 0.90717 -0.42077
0.50938 0.71684 0.90625 -0.42275
0.51044 0.71635 0.90532 -0.42473
0.51150 0.71585 0.90439 -0.42671
0.51255 0.71535 0.90345 -0.42870
0.51361 0.71485 0.90250 -0.43069
0.51466 0.71434 0.90154 -0.43269
0.51571 0.71384 0.90058 -0.43469
0.51676 0.71333 0.89961 -0.43670
0.51780 0.71282 0.89863 -0.43871
0.51884 0.71231 0.89764 -0.44073
0.51988 0.71180 0.89665 -0.44275
0.52092 0.71129 0.89564 -0.44477
0.52196 0.71077 0.89463 -0.44680
0.52299 0.71025 0.89362 -0.44883
0.52402 0.70974 0.89259 -0.45087
0.52505 0.70921 0.89156 -0.45291
0.52607 0.70869 0.89052 -0.45495
0.52710 0.70817 0.88947 -0.45700
0.52812 0.70764 0.88841 -0.45905
0.52914 0.70711 0.88735 -0.46110
0.53016 0.70658 0.88627 -0.46316
0.53117 0.70605 0.88519 -0.46523
0.53218 0.70552 0.88410 -0.46729
0.53319 0.70498 0.88301 -0.46936
0.53420 0.70444 0.88190 -0.47143
0.53521 0.70390 0.88079 -0.47351
0.53621 0.70336 0.87967 -0.47559
0.53721 0.70282 0.87854 -0.47767
0.53821 0.70228 0.87740 -0.47976
0.53921 0.70173 0.87625 -0.48185
0.54020 0.70118 0.87510 -0.48394
0.54119 0.70063 0.87394 -0.48604
0.54218 0.70008 0.87277 -0.48814
0.54317 0.69953 0.87159 -0.49024
0.54416 0.69897 0.87040 -0.49235
0.54514 0.69841 0.86920 -0.49446
0.54612 0.69785 0.86800 -0.49657
0.54710 0.69729 0.86679 -0.49868
0.54807 0.69673 0.86557 -0.50080
0.54905 0.69616 0.86434 -0.50291
0.55002 0.69560 0.86310 -0.50503
0.55099 0.69503 0.86185 -0.50716
0.55196 0.69446 0.86060 -0.50928
0.55292 0.69389 0.85934 -0.51141
0.55388 0.69331 0.85806 -0.51354
0.55484 0.69273 0.85678 -0.51568
0.55580 0.69216 0.85550 -0.51781
0.55676 0.69158 0.85420 -0.51995
0.55771 0.69099 0.85289 -0.52209
0.55866 0.69041 0.85158 -0.52423
0.55961 0.68983 0.85026 -0.52637
0.56056 0.68924 0.84893 -0.52851
0.56150 0.68865 0.84759 -0.53066
0.56244 0.68806 0.84624 -0.53280
0.56338 0.68746 0.84488 -0.53495
0.56432 0.68687 0.84352 -0.53710
0.56525 0.68627 0.84214 -0.53926
0.56619 0.68567 0.84076 -0.54141
0.56712 0.68507 0.83937 -0.54356
0.56805 0.68447 0.83797 -0.54572
0.56897 0.68386 0.83656 -0.54787
0.56990 0.68326 0.83515 -0.55003
0.57082 0.68265 0.83372 -0.55219
0.57174 0.68204 0.83229 -0.55435
0.57265 0.68143 0.83084 -0.55651
0.57357 0.68081 0.82939 -0.55866
0.57448 0.68019 0.82793 -0.56083
0.57539 0.67958 0.82647 -0.56299
0.57630 0.67896 0.82499 -0.56515
0.57720 0.67833 0.82351 -0.56731
0.57811 0.67771 0.82201 -0.56947
0.57901 0.67708 0.82051 -0.57163
0.57991 0.67645 0.81900 -0.57379
0.58081 0.67582 0.81748 -0.57596
0.58170 0.67519 0.81595 -0.57812
0.58259 0.67456 0.81442 -0.58028
0.58348 0.67392 0.81287 -0.58244
0.58437 0.67328 0.81132 -0.58460
0.58526 0.67264 0.80976 -0.58676
0.58614 0.67200 0.80819 -0.58892
0.58702 0.67136 0.80661 -0.59108
0.58790 0.67071 0.80503 -0.59324
0.58878 0.67007 0.80343 -0.59539
0.58965 0.66942 0.80183 -0.59755
0.59052 0.66876 0.80022 -0.59970
0.59139 0.66811 0.79860 -0.60186
0.59226 0.66745 0.79698 -0.60401
0.59313 0.66680 0.79534 -0.60616
0.59399 0.66614 0.79370 -0.60831
0.59485 0.66547 0.79205 -0.61046
0.59571 0.66481 0.79039 -0.61261
0.59657 0.66414 0.78872 -0.61475
0.59742 0.66348 0.78704 -0.61690
0.59827 0.66281 0.78536 -0.61904
0.59912 0.66214 0.78367 -0.62118
0.59997 0.66146 0.78197 -0.62332
0.60082 0.66079 0.78026 -0.62545
0.60166 0.66011 0.77855 -0.62759
0.60250 0.65943 0.77682 -0.62972
0.60334 0.65875 0.77509 -0.63185
0.60418 0.65806 0.77335 -0.63397
0.60501 0.65738 0.77161 -0.63610
0.60584 0.65669 0.76985 -0.63822
0.60667 0.65600 0.76809 -0.64034
0.60750 0.65530 0.76632 -0.64245
0.60833 0.65461 0.76455 -0.64457
0.60915 0.65391 0.76276 -0.64668
0.60997 0.65322 0.76097 -0.64878
0.61079 0.65252 0.75918 -0.65089
0.61161 0.65181 0.75737 -0.65299
0.61242 0.65111 0.75556 -0.65508
0.61324 0.65040 0.75374 -0.65718
0.61405 0.64969 0.75191 -0.65927
0.61486 0.64898 0.75008 -0.66135
0.61566 0.64827 0.74823 -0.66344
0.61647 0.64755 0.74639 -0.66551
0.61727 0.64684 0.74453 -0.66759
0.61807 0.64612 0.74267 -0.66966
0.61886 0.64540 0.74080 -0.67173
0.61966 0.64467 0.73892 -0.67379
0.62045 0.64395 0.73704 -0.67585
0.62124 0.64322 0.73515 -0.67790
0.62203 0.64249 0.73326 -0.67995
0.62282 0.64176 0.73136 -0.68200
0.62360 0.64103 0.72945 -0.68404
0.62439 0.64029 0.72753 -0.68607
0.62517 0.63955 0.72561 -0.68811
0.62595 0.63881 0.72368 -0.69013
0.62672 0.63807 0.72175 -0.69215
0.62750 0.63733 0.71981 -0.69417
0.62827 0.63658 0.71787 -0.69618
0.62904 0.63583 0.71591 -0.69819
0.62980 0.63508 0.71396 -0.70019
0.63057 0.63433 0.71199 -0.70219
0.63133 0.63357 0.71003 -0.70418
0.63209 0.63282 0.70805 -0.70616
0.63285 0.63206 0.70607 -0.70814
0.63361 0.63130 0.70409 -0.71012
0.63436 0.63053 0.70209 -0.71208
0.63512 0.62977 0.70010 -0.71405
0.63587 0.62900 0.69810 -0.71600
0.63661 0.62823 0.69609 -0.71795
0.63736 0.62746 0.69408 -0.71990
0.63811 0.62669 0.69206 -0.72184
0.63885 0.62591 0.69004 -0.72377
0.63959 0.62513 0.68801 -0.72570
0.64032 0.62435 0.68598 -0.72762
0.64106 0.62357 0.68394 -0.72953
0.64179 0.62278 0.68190 -0.73144
0.64253 0.62200 0.67986 -0.73334
0.64325 0.62121 0.67781 -0.73524
0.64398 0.62042 0.67575 -0.73713
0.64471 0.61962 0.67369 -0.73901
0.64543 0.61883 0.67163 -0.74089
0.64615 0.61803 0.66956 -0.74275
0.64687 0.61723 0.66749 -0.74462
0.64759 0.61643 0.66542 -0.74647
0.64830 0.61562 0.66334 -0.74832
0.64901 0.61482 0.66126 -0.75016
0.64973 0.61401 0.65917 -0.75199
0.65043 0.61320 0.65708 -0.75382
0.65114 0.61239 0.65499 -0.75564
0.65184 0.61157 0.65289 -0.75745
0.65255 0.61075 0.65079 -0.75926
0.65325 0.60994 0.64869 -0.76106
0.65395 0.60911 0.64658 -0.76285
0.65464 0.60829 0.64447 -0.76463
0.65534 0.60746 0.64236 -0.76641
0.65603 0.60664 0.64024 -0.76817
0.65672 0.60581 0.63812 -0.76994
0.65741 0.60497 0.63600 -0.77169
0.65809 0.60414 0.63388 -0.77343
0.65878 0.60330 0.63175 -0.77517
0.65946 0.60246 0.62962 -0.77690
0.66014 0.60162 0.62749 -0.77863
0.66082 0.60078 0.62536 -0.78034
0.66149 0.59993 0.62322 -0.78205
0.66217 0.59908 0.62108 -0.78375
0.66284 0.59823 0.61894 -0.78544
0.66351 0.59738 0.61680 -0.78712
0.66418 0.59653 0.61466 -0.78880
0.66484 0.59567 0.61251 -0.79046
0.66550 0.59481 0.61036 -0.79212
0.66617 0.59395 0.60821 -0.79377
0.66683 0.59309 0.60606 -0.79542
0.66748 0.59222 0.60391 -0.79705
0.66814 0.59135 0.60176 -0.79868
0.66879 0.59048 0.59961 -0.80030
0.66945 0.58961 0.59745 -0.80191
0.67010 0.58874 0.59529 -0.80351
0.67074 0.58786 0.59314 -0.80510
0.67139 0.58698 0.59098 -0.80669
0.67203 0.58610 0.58882 -0.80826
0.67267 0.58522 0.58666 -0.80983
0.67331 0.58433 0.58450 -0.81139
0.67395 0.58344 0.58234 -0.81295
0.67459 0.58255 0.58018 -0.81449
0.67522 0.58166 0.57802 -0.81602
0.67585 0.58076 0.57586 -0.81755
0.67648 0.57987 0.57369 -0.81907
0.67711 0.57897 0.57153 -0.82058
0.67774 0.57807 0.56937 -0.82208
0.67836 0.57716 0.56721 -0.82357
0.67898 0.57626 0.56505 -0.82506
0.67960 0.57535 0.56289 -0.82653
0.68022 0.57444 0.56073 -0.82800
0.68084 0.57353 0.55857 -0.82946
0.68145 0.57261 0.55641 -0.83091
0.68207 0.57169 0.55425 -0.83235
0.68268 0.57077 0.55209 -0.83379
0.68328 0.56985 0.54993 -0.83521
0.68389 0.56893 0.54777 -0.83663
0.68450 0.56800 0.54562 -0.83803
0.68510 0.56707 0.54346 -0.83943
0.68570 0.56614 0.54131 -0.84082
0.68630 0.56521 0.53916 -0.84221
0.68690 0.56428 0.53701 -0.84358
0.68749 0.56334 0.53486 -0.84494
0.68808 0.56240 0.53271 -0.84630
0.68868 0.56146 0.53056 -0.84765
0.68926 0.56051 0.52841 -0.84899
0.68985 0.55957 0.52627 -0.85032
0.69044 0.55862 0.52413 -0.85164
0.69102 0.55767 0.52199 -0.85295
0.69160 0.55671 0.51985 -0.85426
0.69218 0.55576 0.51771 -0.85555
0.69276 0.55480 0.51558 -0.85684
0.69334 0.55384 0.51345 -0.85812
0.69391 0.55288 0.51131 -0.85939
0.69448 0.55191 0.50919 -0.86066
0.69505 0.55094 0.50706 -0.86191
0.69562 0.54997 0.50494 -0.86316
0.69619 0.54900 0.50282 -0.86439
0.69675 0.54803 0.50070 -0.86562
0.69732 0.54705 0.49858 -0.86684
0.69788 0.54607 0.49647 -0.86805
0.69844 0.54509 0.49436 -0.86926
0.69900 0.54411 0.49225 -0.87045
0.69955 0.54313 0.49015 -0.87164
0.70011 0.54214 0.48804 -0.87282
0.70066 0.54115 0.48594 -0.87399
0.70121 0.54016 0.48385 -0.87515
0.70176 0.53916 0.48176 -0.87631
0.70230 0.53817 0.47967 -0.87745
0.70285 0.53717 0.47758 -0.87859
0.70339 0.53617 0.47550 -0.87972
0.70393 0.53516 0.47342 -0.88084
0.70447 0.53416 0.47134 -0.88195
0.70501 0.53315 0.46927 -0.88306
0.70554 0.53214 0.46720 -0.88415
0.70607 0.53112 0.46513 -0.88524
0.70661 0.53011 0.46307 -0.88632
0.70714 0.52909 0.46101 -0.88740
0.70766 0.52807 0.45895 -0.88846
0.70819 0.52705 0.45690 -0.88952
0.70872 0.52603 0.45486 -0.89057
0.70924 0.52500 0.45281 -0.89161
0.70976 0.52397 0.45077 -0.89264
0.71028 0.52294 0.44874 -0.89366
0.71080 0.52191 0.44670 -0.89468
0.71131 0.52087 0.44468 -0.89569
0.71183 0.51983 0.44265 -0.89669
0.71234 0.51879 0.44063 -0.89769
0.71285 0.51775 0.43862 -0.89867
0.71336 0.51671 0.43661 -0.89965
0.71386 0.51566 0.43460 -0.90062
0.71437 0.51461 0.43260 -0.90159
0.71487 0.51356 0.43060 -0.90254
0.71537 0.51251 0.42861 -0.90349
0.71587 0.51145 0.42662 -0.90443
0.71637 0.51039 0.42464 -0.90536
0.71687 0.50933 0.42266 -0.90629
0.71736 0.50827 0.42068 -0.90721
0.71785 0.50720 0.41871 -0.90812
0.71834 0.50614 0.41674 -0.90902
0.71883 0.50507 0.41478 -0.90992
0.71932 0.50399 0.41283 -0.91081
0.71980 0.50292 0.41087 -0.91169
0.72029 0.50184 0.40893 -0.91257
0.72077 0.50076 0.40699 -0.91343
0.72125 0.49968 0.40505 -0.91430
0.72173 0.49860 0.40312 -0.91515
0.72221 0.49751 0.40119 -0.91600
0.72268 0.49643 0.39927 -0.91683
0.72316 0.49534 0.39735 -0.91767
0.72363 0.49424 0.39544 -0.91849
0.72410 0.49315 0.39353 -0.91931
0.72457 0.49205 0.39163 -0.92012
0.72503 0.49095 0.38973 -0.92093
0.72550 0.48985 0.38784 -0.92173
0.72596 0.48875 0.38595 -0.92252
0.72642 0.48764 0.38407 -0.92330
0.72688 0.48653 0.38219 -0.92408
0.72734 0.48542 0.38032 -0.92485
0.72780 0.48431 0.37846 -0.92562
0.72825 0.48319 0.37660 -0.92638
0.72870 0.48207 0.37474 -0.92713
0.72915 0.48095 0.37289 -0.92788
0.72960 0.47983 0.37105 -0.92861
0.73005 0.47871 0.36921 -0.92935
0.73050 0.47758 0.36737 -0.93007
0.73094 0.47645 0.36554 -0.93079
0.73139 0.47532 0.36372 -0.93151
0.73183 0.47419 0.36190 -0.93222
0.73227 0.47305 0.36009 -0.93292
0.73271 0.47191 0.35828 -0.93361
0.73314 0.47077 0.35648 -0.93430
0.73358 0.46963 0.35469 -0.93498
0.73401 0.46849 0.35290 -0.93566
0.73444 0.46734 0.35111 -0.93633
0.73487 0.46619 0.34933 -0.93700
0.73530 0.46504 0.34756 -0.93766
0.73572 0.46389 0.34579 -0.93831
0.73615 0.46273 0.34403 -0.93896
0.73657 0.46157 0.34227 -0.93960
0.73699 0.46041 0.34052 -0.94024
0.73741 0.45925 0.33878 -0.94087
0.73783 0.45808 0.33704 -0.94149
0.73825 0.45692 0.33530 -0.94211
0.73866 0.45575 0.33357 -0.94272
0.73908 0.45458 0.33185 -0.94333
0.73949 0.45340 0.33013 -0.94393
0.73990 0.45223 0.32842 -0.94453
0.74031 0.45105 0.32671 -0.94512
0.74071 0.44987 0.32501 -0.94571
0.74112 0.44868 0.32332 -0.94629
0.74152 0.44750 0.32163 -0.94687
0.74193 0.44631 0.31995 -0.94744
0.74233 0.44512 0.31827 -0.94800
0.74272 0.44393 0.31660 -0.94856
0.74312 0.44274 0.31493 -0.94912
0.74352 0.44154 0.31327 -0.94966
0.74391 0.44034 0.31161 -0.95021
0.74430 0.43914 0.30996 -0.95075
0.74469 0.43794 0.30832 -0.95128
0.74508 0.43673 0.30668 -0.95181
0.74547 0.43553 0.30505 -0.95234
0.74586 0.43432 0.30342 -0.95286
0.74624 0.43311 0.30180 -0.95337
0.74663 0.43189 0.30019 -0.95388
0.74701 0.43068 0.29858 -0.95439
0.74739 0.42946 0.29697 -0.95489
0.74777 0.42824 0.29537 -0.95538
0.74814 0.42702 0.29378 -0.95587
0.74852 0.42579 0.29219 -0.95636
0.74889 0.42457 0.29061 -0.95684
0.74926 0.42334 0.28904 -0.95732
0.74963 0.42211 0.28747 -0.95779
0.75000 0.42087 0.28590 -0.95826
0.75037 0.41964 0.28434 -0.95872
0.75074 0.41840 0.28279 -0.95918
0.75110 0.41716 0.28124 -0.95964
0.75146 0.41592 0.27970 -0.96009
0.75183 0.41467 0.27816 -0.96053
0.75219 0.41343 0.27663 -0.96098
0.75254 0.41218 0.27511 -0.96141
0.75290 0.41093 0.27359 -0.96185
0.75326 0.40968 0.27207 -0.96228
0.75361 0.40842 0.27056 -0.96270
0.75396 0.40717 0.26906 -0.96312
0.75431 0.40591 0.26756 -0.96354
0.75466 0.40464 0.26607 -0.96395
0.75501 0.40338 0.26458 -0.96436
0.75535 0.40212 0.26310 -0.96477
0.75570 0.40085 0.26163 -0.96517
0.75604 0.39958 0.26016 -0.96557
0.75638 0.39831 0.25869 -0.96596
0.75672 0.39703 0.25723 -0.96635
0.75706 0.39576 0.25578 -0.96674
0.75740 0.39448 0.25433 -0.96712
0.75774 0.39320 0.25289 -0.96750
0.75807 0.39192 0.25145 -0.96787
0.75840 0.39063 0.25002 -0.96824
0.75873 0.38935 0.24859 -0.96861
0.75906 0.38806 0.24717 -0.96897
0.75939 0.38677 0.24575 -0.96933
0.75972 0.38548 0.24434 -0.96969
0.76004 0.38418 0.24294 -0.97004
0.76037 0.38288 0.24154 -0.97039
0.76069 0.38158 0.24014 -0.97074
0.76101 0.38028 0.23875 -0.97108
0.76133 0.37898 0.23737 -0.97142
0.76165 0.37768 0.23599 -0.97175
0.76196 0.37637 0.23462 -0.97209
0.76228 0.37506 0.23325 -0.97242
0.76259 0.37375 0.23189 -0.97274
0.76290 0.37244 0.23053 -0.97307
0.76322 0.37112 0.22918 -0.97339
0.76352 0.36980 0.22783 -0.97370
0.76383 0.36848 0.22649 -0.97401
0.76414 0.36716 0.22515 -0.97432
0.76444 0.36584 0.22382 -0.97463
0.76475 0.36451 0.22249 -0.97494
0.76505 0.36319 0.22117 -0.97524
0.76535 0.36186 0.21985 -0.97553
0.76565 0.36053 0.21854 -0.97583
0.76595 0.35919 0.21723 -0.97612
0.76624 0.35786 0.21593 -0.97641
0.76654 0.35652 0.21463 -0.97670
0.76683 0.35518 0.21334 -0.97698
0.76712 0.35384 0.21205 -0.97726
0.76741 0.35250 0.21077 -0.97754
0.76770 0.35115 0.20949 -0.97781
0.76799 0.34981 0.20822 -0.97808
0.76828 0.34846 0.20695 -0.97835
0.76856 0.34711 0.20569 -0.97862
0.76884 0.34575 0.20443 -0.97888
0.76913 0.34440 0.20318 -0.97914
0.76941 0.34304 0.20193 -0.97940
0.76969 0.34168 0.20068 -0.97966
0.76996 0.34032 0.19945 -0.97991
0.77024 0.33896 0.19821 -0.98016
0.77051 0.33759 0.19698 -0.98041
0.77079 0.33623 0.19576 -0.98065
0.77106 0.33486 0.19454 -0.98090
0.77133 0.33349 0.19332 -0.98114
0.77160 0.33212 0.19211 -0.98137
0.77187 0.33074 0.19090 -0.98161
0.77214 0.32937 0.18970 -0.98184
0.77240 0.32799 0.18850 -0.98207
0.77267 0.32661 0.18731 -0.98230
0.77293 0.32523 0.18612 -0.98253
0.77319 0.32385 0.18494 -0.98275
0.77345 0.32246 0.18376 -0.98297
0.77371 0.32107 0.18259 -0.98319
0.77396 0.31968 0.18142 -0.98341
0.77422 0.31829 0.18025 -0.98362
0.77447 0.31690 0.17909 -0.98383
0.77473 0.31551 0.17793 -0.98404
0.77498 0.31411 0.17678 -0.98425
0.77523 0.31271 0.17563 -0.98446
0.77548 0.31131 0.17449 -0.98466
0.77573 0.30991 0.17335 -0.98486
0.77597 0.30851 0.17221 -0.98506
0.77622 0.30710 0.17108 -0.98526
0.77646 0.30570 0.16995 -0.98545
0.77670 0.30429 0.16883 -0.98565
0.77694 0.30288 0.16771 -0.98584
0.77718 0.30147 0.16660 -0.98603
0.77742 0.30005 0.16549 -0.98621
0.77766 0.29864 0.16438 -0.98640
0.77789 0.29722 0.16328 -0.98658
0.77813 0.29580 0.16218 -0.98676
0.77836 0.29438 0.16108 -0.98694
0.77859 0.29296 0.15999 -0.98712
0.77882 0.29153 0.15891 -0.98729
0.77905 0.29010 0.15783 -0.98747
0.77928 0.28868 0.15675 -0.98764
0.77950 0.28725 0.15567 -0.98781
0.77973 0.28582 0.15460 -0.98798
0.77995 0.28438 0.15354 -0.98814
0.78017 0.28295 0.15247 -0.98831
0.78039 0.28151 0.15141 -0.98847
0.78061 0.28007 0.15036 -0.98863
0.78083 0.27864 0.14931 -0.98879
0.78105 0.27719 0.14826 -0.98895
0.78126 0.27575 0.14722 -0.98910
0.78148 0.27431 0.14618 -0.98926
0.78169 0.27286 0.14514 -0.98941
0.78190 0.27141 0.14411 -0.98956
0.78211 0.26996 0.14308 -0.98971
0.78232 0.26851 0.14205 -0.98986
0.78253 0.26706 0.14103 -0.99001
0.78274 0.26561 0.14001 -0.99015
0.78294 0.26415 0.13900 -0.99029
0.78315 0.26269 0.13799 -0.99043
0.78335 0.26123 0.13698 -0.99057
0.78355 0.25977 0.13598 -0.99071
0.78375 0.25831 0.13498 -0.99085
0.78395 0.25685 0.13398 -0.99098
0.78414 0.25538 0.13298 -0.99112
0.78434 0.25391 0.13199 -0.99125
0.78454 0.25245 0.13101 -0.99138
0.78473 0.25098 0.13002 -0.99151
0.78492 0.24950 0.12904 -0.99164
0.78511 0.24803 0.12807 -0.99177
0.78530 0.24656 0.12709 -0.99189
0.78549 0.24508 0.12612 -0.99201
0.78568 0.24360 0.12516 -0.99214
0.78586 0.24213 0.12419 -0.99226
0.78605 0.24065 0.12323 -0.99238
0.78623 0.23916 0.12227 -0.99250
0.78641 0.23768 0.12132 -0.99261
0.78659 0.23620 0.12037 -0.99273
0.78677 0.23471 0.11942 -0.99284
0.78695 0.23322 0.11848 -0.99296
0.78713 0.23173 0.11753 -0.99307
0.78730 0.23024 0.11660 -0.99318
0.78748 0.22875 0.11566 -0.99329
0.78765 0.22726 0.11473 -0.99340
0.78782 0.22576 0.11380 -0.99350
0.78799 0.22427 0.11287 -0.99361
0.78816 0.22277 0.11195 -0.99371
0.78833 0.22127 0.11103 -0.99382
0.78850 0.21977 0.11011 -0.99392
0.78866 0.21827 0.10919 -0.99402
0.78883 0.21677 0.10828 -0.99412
0.78899 0.21526 0.10737 -0.99422
0.78915 0.21376 0.10647 -0.99432
0.78931 0.21225 0.10556 -0.99441
0.78947 0.21074 0.10466 -0.99451
0.78963 0.20923 0.10376 -0.99460
0.78979 0.20772 0.10287 -0.99470
0.78994 0.20621 0.10197 -0.99479
0.79010 0.20470 0.10108 -0.99488
0.79025 0.20318 0.10020 -0.99497
0.79040 0.20167 0.09931 -0.99506
0.79055 0.20015 0.09843 -0.99514
0.79070 0.19863 0.09755 -0.99523
0.79085 0.19711 0.09667 -0.99532
0.79100 0.19559 0.09580 -0.99540
0.79115 0.19407 0.09492 -0.99548
0.79129 0.19254 0.09405 -0.99557
0.79143 0.19102 0.09319 -0.99565
0.79158 0.18949 0.09232 -0.99573
0.79172 0.18797 0.09146 -0.99581
0.79186 0.18644 0.09060 -0.99589
0.79199 0.18491 0.08974 -0.99596
0.79213 0.18338 0.08889 -0.99604
0.79227 0.18185 0.08804 -0.99612
0.79240 0.18031 0.08718 -0.99619
0.79254 0.17878 0.08634 -0.99627
0.79267 0.17725 0.08549 -0.99634
0.79280 0.17571 0.08465 -0.99641
0.79293 0.17417 0.08381 -0.99648
0.79306 0.17263 0.08297 -0.99655
0.79319 0.17109 0.08213 -0.99662
0.79331 0.16955 0.08129 -0.99669
0.79344 0.16801 0.08046 -0.99676
0.79356 0.16647 0.07963 -0.99682
0.79368 0.16493 0.07880 -0.99689
0.79381 0.16338 0.07798 -0.99696
0.79393 0.16184 0.07715 -0.99702
0.79404 0.16029 0.07633 -0.99708
0.79416 0.15874 0.07551 -0.99714
0.79428 0.15719 0.07469 -0.99721
0.79439 0.15564 0.07388 -0.99727
0.79451 0.15409 0.07306 -0.99733
0.79462 0.15254 0.07225 -0.99739
0.79473 0.15099 0.07144 -0.99744
0.79484 0.14943 0.07063 -0.99750
0.79495 0.14788 0.06983 -0.99756
0.79506 0.14632 0.06902 -0.99762
0.79517 0.14477 0.06822 -0.99767
0.79527 0.14321 0.06742 -0.99772
0.79538 0.14165 0.06662 -0.99778
0.79548 0.14009 0.06582 -0.99783
0.79559 0.13853 0.06502 -0.99788
0.79569 0.13697 0.06423 -0.99794
0.79579 0.13541 0.06344 -0.99799
0.79589 0.13385 0.06265 -0.99804
0.79598 0.13228 0.06186 -0.99808
0.79608 0.13072 0.06107 -0.99813
0.79617 0.12915 0.06029 -0.99818
0.79627 0.12759 0.05950 -0.99823
0.79636 0.12602 0.05872 -0.99827
0.79645 0.12445 0.05794 -0.99832
0.79654 0.12288 0.05716 -0.99837
0.79663 0.12131 0.05638 -0.99841
0.79672 0.11974 0.05561 -0.99845
0.79681 0.11817 0.05483 -0.99850
0.79689 0.11660 0.05406 -0.99854
0.79698 0.11503 0.05329 -0.99858
0.79706 0.11345 0.05252 -0.99862
0.79714 0.11188 0.05175 -0.99866
0.79722 0.11031 0.05098 -0.99870
0.79730 0.10873 0.05021 -0.99874
0.79738 0.10715 0.04945 -0.99878
0.79746 0.10558 0.04868 -0.99881
0.79754 0.10400 0.04792 -0.99885
0.79761 0.10242 0.04716 -0.99889
0.79769 0.10084 0.04640 -0.99892
0.79776 0.09926 0.04564 -0.99896
0.79783 0.09768 0.04489 -0.99899
0.79790 0.09610 0.04413 -0.99903
0.79797 0.09452 0.04337 -0.99906
0.79804 0.09294 0.04262 -0.99909
0.79810 0.09136 0.04187 -0.99912
0.79817 0.08977 0.04112 -0.99915
0.79823 0.08819 0.04037 -0.99918
0.79830 0.08661 0.03962 -0.99921
0.79836 0.08502 0.03887 -0.99924
0.79842 0.08344 0.03812 -0.99927
0.79848 0.08185 0.03738 -0.99930
0.79854 0.08026 0.03663 -0.99933
0.79860 0.07868 0.03589 -0.99936
0.79865 0.07709 0.03514 -0.99938
0.79871 0.07550 0.03440 -0.99941
0.79876 0.07391 0.03366 -0.99943
0.79882 0.07232 0.03292 -0.99946
0.79887 0.07073 0.03218 -0.99948
0.79892 0.06914 0.03144 -0.99951
0.79897 0.06755 0.03070 -0.99953
0.79902 0.06596 0.02997 -0.99955
0.79906 0.06437 0.02923 -0.99957
0.79911 0.06278 0.02849 -0.99959
0.79915 0.06119 0.02776 -0.99961
0.79920 0.05959 0.02703 -0.99963
0.79924 0.05800 0.02629 -0.99965
0.79928 0.05641 0.02556 -0.99967
0.79932 0.05481 0.02483 -0.99969
0.79936 0.05322 0.02410 -0.99971
0.79940 0.05163 0.02337 -0.99973
0.79944 0.05003 0.02264 -0.99974
0.79947 0.04844 0.02191 -0.99976
0.79951 0.04684 0.02118 -0.99978
0.79954 0.04524 0.02045 -0.99979
0.79957 0.04365 0.01972 -0.99981
0.79960 0.04205 0.01900 -0.99982
0.79963 0.04046 0.01827 -0.99983
0.79966 0.03886 0.01754 -0.99985
0.79969 0.03726 0.01682 -0.99986
0.79971 0.03567 0.01609 -0.99987
0.79974 0.03407 0.01537 -0.99988
0.79976 0.03247 0.01465 -0.99989
0.79979 0.03087 0.01392 -0.99990
0.79981 0.02927 0.01320 -0.99991
0.79983 0.02768 0.01247 -0.99992
0.79985 0.02608 0.01175 -0.99993
0.79987 0.02448 0.01103 -0.99994
0.79988 0.02288 0.01031 -0.99995
0.79990 0.02128 0.00959 -0.99995
0.79991 0.01968 0.00886 -0.99996
0.79993 0.01808 0.00814 -0.99997
0.79994 0.01648 0.00742 -0.99997
0.79995 0.01488 0.00670 -0.99998
0.79996 0.01328 0.00598 -0.99998
0.79997 0.01168 0.00526 -0.99999
0.79998 0.01008 0.00454 -0.99999
0.79998 0.00848 0.00382 -0.99999
0.79999 0.00688 0.00310 -1.00000
0.79999 0.00528 0.00238 -1.00000
0.80000 0.00368 0.00166 -1.00000
0.80000 0.00208 0.00094 -1.00000
0.80000 0.00048 0.00022 -1.00000
0.80000 -0.00112 -0.00050 -1.00000
