-0.70000 0.00000 0.00000 1.00000
-0.70000 0.00140 0.00102 1.00000
-0.70000 0.00280 0.00204 1.00000
-0.69999 0.00420 0.00306 1.00000
-0.69999 0.00560 0.00408 0.99999
-0.69998 0.00700 0.00510 0.99999
-0.69997 0.00840 0.00612 0.99998
-0.69997 0.00980 0.00714 0.99997
-0.69995 0.01120 0.00816 0.99997
-0.69994 0.01260 0.00918 0.99996
-0.69993 0.01400 0.01020 0.99995
-0.69991 0.01540 0.01122 0.99994
-0.69990 0.01680 0.01225 0.99993
-0.69988 0.01820 0.01327 0.99991
-0.69986 0.01960 0.01429 0.99990
-0.69984 0.02100 0.01531 0.99988
-0.69982 0.02239 0.01633 0.99987
-0.69979 0.02379 0.01736 0.99985
-0.69977 0.02519 0.01838 0.99983
-0.69974 0.02659 0.01940 0.99981
-0.69971 0.02799 0.02043 0.99979
-0.69969 0.02939 0.02145 0.99977
-0.69965 0.03079 0.02248 0.99975
-0.69962 0.03218 0.02350 0.99972
-0.69959 0.03358 0.02453 0.99970
-0.69955 0.03498 0.02555 0.99967
-0.69952 0.03638 0.02658 0.99965
-0.69948 0.03777 0.02761 0.99962
-0.69944 0.03917 0.02864 0.99959
-0.69940 0.04057 0.02967 0.99956
-0.69936 0.04196 0.03069 0.99953
-0.69931 0.04336 0.03172 0.99950
-0.69927 0.04475 0.03275 0.99946
-0.69922 0.04615 0.03379 0.99943
-0.69917 0.04755 0.03482 0.99939
-0.69912 0.04894 0.03585 0.99936
-0.69907 0.05034 0.03688 0.99932
-0.69902 0.05173 0.03792 0.99928
-0.69897 0.05312 0.03895 0.99924
-0.69891 0.05452 0.03999 0.99920
-0.69886 0.05591 0.04102 0.99916
-0.69880 0.05730 0.04206 0.99912
-0.69874 0.05870 0.04310 0.99907
-0.69868 0.06009 0.04414 0.99903
-0.69862 0.06148 0.04518 0.99898
-0.69855 0.06287 0.04622 0.99893
-0.69849 0.06426 0.04726 0.99888
-0.69842 0.06566 0.04830 0.99883
-0.69835 0.06705 0.04935 0.99878
-0.69828 0.06844 0.05039 0.99873
-0.69821 0.06983 0.05144 0.99868
-0.69814 0.07122 0.05248 0.99862
-0.69807 0.07261 0.05353 0.99857
-0.69799 0.07399 0.05458 0.99851
-0.69792 0.07538 0.05563 0.99845
-0.69784 0.07677 0.05668 0.99839
-0.69776 0.07816 0.05773 0.99833
-0.69768 0.07954 0.05879 0.99827
-0.69759 0.08093 0.05984 0.99821
-0.69751 0.08232 0.06090 0.99814
-0.69743 0.08370 0.06195 0.99808
-0.69734 0.08509 0.06301 0.99801
-0.69725 0.08647 0.06407 0.99795
-0.69716 0.08785 0.06513 0.99788
-0.69707 0.08924 0.06620 0.99781
-0.69698 0.09062 0.06726 0.99774
-0.69688 0.09200 0.06832 0.99766
-0.69679 0.09338 0.06939 0.99759
-0.69669 0.09476 0.07046 0.99751
-0.69659 0.09615 0.07153 0.99744
-0.69649 0.09753 0.07260 0.99736
-0.69639 0.09890 0.07367 0.99728
-0.69629 0.10028 0.07474 0.99720
-0.69619 0.10166 0.07582 0.99712
-0.69608 0.10304 0.07690 0.99704
-0.69597 0.10442 0.07797 0.99696
-0.69586 0.10579 0.07905 0.99687
-0.69575 0.10717 0.08013 0.99678
-0.69564 0.10854 0.08122 0.99670
-0.69553 0.10992 0.08230 0.99661
-0.69542 0.11129 0.08339 0.99652
-0.69530 0.11267 0.08448 0.99643
-0.69518 0.11404 0.08557 0.99633
-0.69506 0.11541 0.08666 0.99624
-0.69494 0.11678 0.08775 0.99614
-0.69482 0.11815 0.08884 0.99605
-0.69470 0.11952 0.08994 0.99595
-0.69458 0.12089 0.09104 0.99585
-0.69445 0.12226 0.09214 0.99575
-0.69432 0.12363 0.09324 0.99564
-0.69419 0.12500 0.09434 0.99554
-0.69406 0.12636 0.09545 0.99543
-0.69393 0.12773 0.09656 0.99533
-0.69380 0.12909 0.09767 0.99522
-0.69366 0.13046 0.09878 0.99511
-0.69353 0.13182 0.09989 0.99500
-0.69339 0.13318 0.10101 0.99489
-0.69325 0.13454 0.10213 0.99477
-0.69311 0.13590 0.10324 0.99466
-0.69297 0.13726 0.10437 0.99454
-0.69283 0.13862 0.10549 0.99442
-0.69268 0.13998 0.10662 0.99430
-0.69253 0.14134 0.10774 0.99418
-0.69239 0.14270 0.10887 0.99406
-0.69224 0.14405 0.11000 0.99393
-0.69209 0.14541 0.11114 0.99380
-0.69193 0.14676 0.11227 0.99368
-0.69178 0.14812 0.11341 0.99355
-0.69163 0.14947 0.11455 0.99342
-0.69147 0.15082 0.11570 0.99328
-0.69131 0.15217 0.11684 0.99315
-0.69115 0.15352 0.11799 0.99301
-0.69099 0.15487 0.11914 0.99288
-0.69083 0.15622 0.12029 0.99274
-0.69066 0.15757 0.12145 0.99260
-0.69050 0.15891 0.12260 0.99246
-0.69033 0.16026 0.12376 0.99231
-0.69016 0.16161 0.12492 0.99217
-0.68999 0.16295 0.12609 0.99202
-0.68982 0.16429 0.12725 0.99187
-0.68965 0.16563 0.12842 0.99172
-0.68947 0.16697 0.12959 0.99157
-0.68930 0.16831 0.13077 0.99141
-0.68912 0.16965 0.13194 0.99126
-0.68894 0.17099 0.13312 0.99110
-0.68876 0.17233 0.13431 0.99094
-0.68858 0.17367 0.13549 0.99078
-0.68840 0.17500 0.13668 0.99062
-0.68821 0.17633 0.13787 0.99045
-0.68802 0.17767 0.13906 0.99028
-0.68784 0.17900 0.14025 0.99012
-0.68765 0.18033 0.14145 0.98995
-0.68746 0.18166 0.14265 0.98977
-0.68726 0.18299 0.14385 0.98960
-0.68707 0.18432 0.14506 0.98942
-0.68687 0.18564 0.14627 0.98925
-0.68668 0.18697 0.14748 0.98907
-0.68648 0.18830 0.14869 0.98888
-0.68628 0.18962 0.14991 0.98870
-0.68608 0.19094 0.15113 0.98851
-0.68587 0.19226 0.15235 0.98833
-0.68567 0.19358 0.15357 0.98814
-0.68546 0.19490 0.15480 0.98795
-0.68526 0.19622 0.15603 0.98775
-0.68505 0.19754 0.15727 0.98756
-0.68484 0.19885 0.15850 0.98736
-0.68463 0.20017 0.15974 0.98716
-0.68441 0.20148 0.16099 0.98696
-0.68420 0.20280 0.16223 0.98675
-0.68398 0.20411 0.16348 0.98655
-0.68376 0.20542 0.16473 0.98634
-0.68354 0.20673 0.16599 0.98613
-0.68332 0.20804 0.16724 0.98592
-0.68310 0.20934 0.16851 0.98570
-0.68288 0.21065 0.16977 0.98548
-0.68265 0.21195 0.17104 0.98526
-0.68242 0.21326 0.17231 0.98504
-0.68219 0.21456 0.17358 0.98482
-0.68196 0.21586 0.17486 0.98459
-0.68173 0.21716 0.17614 0.98437
-0.68150 0.21846 0.17742 0.98414
-0.68126 0.21976 0.17871 0.98390
-0.68103 0.22105 0.18000 0.98367
-0.68079 0.22235 0.18129 0.98343
-0.68055 0.22364 0.18258 0.98319
-0.68031 0.22493 0.18388 0.98295
-0.68007 0.22622 0.18519 0.98270
-0.67982 0.22751 0.18649 0.98246
-0.67958 0.22880 0.18780 0.98221
-0.67933 0.23009 0.18911 0.98196
-0.67908 0.23138 0.19043 0.98170
-0.67883 0.23266 0.19175 0.98144
-0.67858 0.23394 0.19307 0.98118
-0.67833 0.23523 0.19440 0.98092
-0.67807 0.23651 0.19573 0.98066
-0.67782 0.23779 0.19706 0.98039
-0.67756 0.23906 0.19840 0.98012
-0.67730 0.24034 0.19974 0.97985
-0.67704 0.24162 0.20108 0.97957
-0.67678 0.24289 0.20243 0.97930
-0.67651 0.24416 0.20378 0.97902
-0.67625 0.24544 0.20513 0.97873
-0.67598 0.24671 0.20649 0.97845
-0.67571 0.24798 0.20785 0.97816
-0.67544 0.24924 0.20922 0.97787
-0.67517 0.25051 0.21058 0.97758
-0.67489 0.25177 0.21196 0.97728
-0.67462 0.25304 0.21333 0.97698
-0.67434 0.25430 0.21471 0.97668
-0.67407 0.25556 0.21610 0.97637
-0.67379 0.25682 0.21748 0.97606
-0.67350 0.25808 0.21887 0.97575
-0.67322 0.25934 0.22027 0.97544
-0.67294 0.26059 0.22166 0.97512
-0.67265 0.26184 0.22307 0.97480
-0.67236 0.26310 0.22447 0.97448
-0.67207 0.26435 0.22588 0.97416
-0.67178 0.26560 0.22729 0.97383
-0.67149 0.26685 0.22871 0.97349
-0.67120 0.26809 0.23013 0.97316
-0.67090 0.26934 0.23155 0.97282
-0.67061 0.27058 0.23298 0.97248
-0.67031 0.27182 0.23441 0.97214
-0.67001 0.27306 0.23585 0.97179
-0.66970 0.27430 0.23729 0.97144
-0.66940 0.27554 0.23873 0.97109
-0.66910 0.27678 0.24018 0.97073
-0.66879 0.27801 0.24163 0.97037
-0.66848 0.27925 0.24309 0.97000
-0.66817 0.28048 0.24454 0.96964
-0.66786 0.28171 0.24601 0.96927
-0.66755 0.28294 0.24747 0.96889
-0.66723 0.28416 0.24894 0.96852
-0.66692 0.28539 0.25042 0.96814
-0.66660 0.28662 0.25190 0.96775
-0.66628 0.28784 0.25338 0.96737
-0.66596 0.28906 0.25487 0.96698
-0.66564 0.29028 0.25636 0.96658
-0.66531 0.29150 0.25785 0.96618
-0.66499 0.29271 0.25935 0.96578
-0.66466 0.29393 0.26085 0.96538
-0.66433 0.29514 0.26236 0.96497
-0.66400 0.29636 0.26387 0.96456
-0.66367 0.29757 0.26538 0.96414
-0.66333 0.29877 0.26690 0.96372
-0.66300 0.29998 0.26842 0.96330
-0.66266 0.30119 0.26995 0.96287
-0.66232 0.30239 0.27148 0.96244
-0.66198 0.30360 0.27302 0.96201
-0.66164 0.30480 0.27456 0.96157
-0.66130 0.30600 0.27610 0.96113
-0.66095 0.30719 0.27765 0.96068
-0.66060 0.30839 0.27920 0.96023
-0.66026 0.30959 0.28075 0.95978
-0.65991 0.31078 0.28231 0.95932
-0.65955 0.31197 0.28387 0.95886
-0.65920 0.31316 0.28544 0.95840
-0.65885 0.31435 0.28701 0.95793
-0.65849 0.31553 0.28859 0.95745
-0.65813 0.31672 0.29017 0.95698
-0.65777 0.31790 0.29175 0.95649
-0.65741 0.31908 0.29334 0.95601
-0.65705 0.32027 0.29493 0.95552
-0.65668 0.32144 0.29653 0.95502
-0.65632 0.32262 0.29813 0.95453
-0.65595 0.32380 0.29973 0.95402
-0.65558 0.32497 0.30134 0.95352
-0.65521 0.32614 0.30295 0.95301
-0.65483 0.32731 0.30457 0.95249
-0.65446 0.32848 0.30619 0.95197
-0.65408 0.32965 0.30782 0.95145
-0.65370 0.33081 0.30944 0.95092
-0.65332 0.33198 0.31108 0.95038
-0.65294 0.33314 0.31271 0.94985
-0.65256 0.33430 0.31436 0.94931
-0.65218 0.33546 0.31600 0.94876
-0.65179 0.33661 0.31765 0.94821
-0.65140 0.33777 0.31931 0.94765
-0.65101 0.33892 0.32096 0.94709
-0.65062 0.34007 0.32262 0.94653
-0.65023 0.34122 0.32429 0.94596
-0.64983 0.34237 0.32596 0.94538
-0.64944 0.34352 0.32764 0.94480
-0.64904 0.34466 0.32931 0.94422
-0.64864 0.34580 0.33100 0.94363
-0.64824 0.34695 0.33268 0.94304
-0.64783 0.34809 0.33437 0.94244
-0.64743 0.34922 0.33607 0.94184
-0.64702 0.35036 0.33777 0.94123
-0.64661 0.35149 0.33947 0.94062
-0.64620 0.35263 0.34117 0.94000
-0.64579 0.35376 0.34289 0.93938
-0.64538 0.35489 0.34460 0.93875
-0.64496 0.35601 0.34632 0.93812
-0.64455 0.35714 0.34804 0.93748
-0.64413 0.35826 0.34977 0.93684
-0.64371 0.35938 0.35150 0.93619
-0.64329 0.36050 0.35323 0.93554
-0.64286 0.36162 0.35497 0.93488
-0.64244 0.36274 0.35671 0.93421
-0.64201 0.36385 0.35846 0.93354
-0.64158 0.36497 0.36021 0.93287
-0.64115 0.36608 0.36197 0.93219
-0.64072 0.36719 0.36372 0.93151
-0.64029 0.36830 0.36549 0.93082
-0.63985 0.36940 0.36725 0.93012
-0.63941 0.37051 0.36902 0.92942
-0.63897 0.37161 0.37080 0.92871
-0.63853 0.37271 0.37257 0.92800
-0.63809 0.37381 0.37435 0.92729
-0.63765 0.37491 0.37614 0.92656
-0.63720 0.37600 0.37793 0.92583
-0.63675 0.37709 0.37972 0.92510
-0.63630 0.37819 0.38152 0.92436
-0.63585 0.37928 0.38332 0.92362
-0.63540 0.38036 0.38512 0.92287
-0.63495 0.38145 0.38693 0.92211
-0.63449 0.38253 0.38874 0.92135
-0.63403 0.38362 0.39056 0.92058
-0.63357 0.38470 0.39237 0.91981
-0.63311 0.38577 0.39420 0.91903
-0.63265 0.38685 0.39602 0.91824
-0.63218 0.38793 0.39785 0.91745
-0.63172 0.38900 0.39968 0.91665
-0.63125 0.39007 0.40152 0.91585
-0.63078 0.39114 0.40336 0.91504
-0.63031 0.39221 0.40520 0.91423
-0.62983 0.39327 0.40705 0.91341
-0.62936 0.39434 0.40890 0.91258
-0.62888 0.39540 0.41075 0.91175
-0.62840 0.39646 0.41261 0.91091
-0.62792 0.39752 0.41447 0.91006
-0.62744 0.39858 0.41633 0.90921
-0.62695 0.39963 0.41820 0.90836
-0.62647 0.40068 0.42007 0.90749
-0.62598 0.40173 0.42194 0.90662
-0.62549 0.40278 0.42382 0.90575
-0.62500 0.40383 0.42570 0.90486
-0.62451 0.40487 0.42758 0.90398
-0.62401 0.40592 0.42947 0.90308
-0.62351 0.40696 0.43136 0.90218
-0.62302 0.40800 0.43325 0.90127
-0.62252 0.40904 0.43514 0.90036
-0.62201 0.41007 0.43704 0.89944
-0.62151 0.41111 0.43894 0.89852
-0.62101 0.41214 0.44085 0.89758
-0.62050 0.41317 0.44275 0.89664
-0.61999 0.41420 0.44466 0.89570
-0.61948 0.41522 0.44658 0.89475
-0.61897 0.41625 0.44849 0.89379
-0.61845 0.41727 0.45041 0.89282
-0.61793 0.41829 0.45233 0.89185
-0.61742 0.41931 0.45425 0.89087
-0.61690 0.42033 0.45618 0.88989
-0.61638 0.42134 0.45811 0.88890
-0.61585 0.42235 0.46004 0.88790
-0.61533 0.42336 0.46197 0.88689
-0.61480 0.42437 0.46391 0.88588
-0.61427 0.42538 0.46585 0.88487
-0.61374 0.42639 0.46779 0.88384
-0.61321 0.42739 0.46973 0.88281
-0.61267 0.42839 0.47168 0.88177
-0.61214 0.42939 0.47363 0.88073
-0.61160 0.43039 0.47558 0.87967
-0.61106 0.43138 0.47753 0.87862
-0.61052 0.43238 0.47948 0.87755
-0.60997 0.43337 0.48144 0.87648
-0.60943 0.43436 0.48340 0.87540
-0.60888 0.43535 0.48536 0.87431
-0.60833 0.43633 0.48732 0.87322
-0.60778 0.43732 0.48929 0.87212
-0.60723 0.43830 0.49125 0.87102
-0.60668 0.43928 0.49322 0.86990
-0.60612 0.44026 0.49519 0.86878
-0.60556 0.44123 0.49716 0.86766
-0.60500 0.44221 0.49914 0.86652
-0.60444 0.44318 0.50111 0.86538
-0.60388 0.44415 0.50309 0.86423
-0.60331 0.44512 0.50507 0.86308
-0.60274 0.44609 0.50705 0.86192
-0.60218 0.44705 0.50903 0.86075
-0.60161 0.44801 0.51101 0.85957
-0.60103 0.44897 0.51300 0.85839
-0.60046 0.44993 0.51498 0.85720
-0.59988 0.45089 0.51697 0.85600
-0.59930 0.45184 0.51896 0.85480
-0.59872 0.45280 0.52094 0.85359
-0.59814 0.45375 0.52293 0.85237
-0.59756 0.45470 0.52493 0.85115
-0.59697 0.45564 0.52692 0.84992
-0.59638 0.45659 0.52891 0.84868
-0.59580 0.45753 0.53090 0.84743
-0.59520 0.45847 0.53290 0.84618
-0.59461 0.45941 0.53489 0.84492
-0.59402 0.46035 0.53689 0.84365
-0.59342 0.46129 0.53889 0.84238
-0.59282 0.46222 0.54088 0.84110
-0.59222 0.46315 0.54288 0.83981
-0.59162 0.46408 0.54488 0.83851
-0.59101 0.46501 0.54688 0.83721
-0.59041 0.46593 0.54888 0.83590
-0.58980 0.46686 0.55088 0.83459
-0.58919 0.46778 0.55288 0.83326
-0.58858 0.46870 0.55488 0.83193
-0.58796 0.46961 0.55688 0.83059
-0.58735 0.47053 0.55888 0.82925
-0.58673 0.47144 0.56088 0.82790
-0.58611 0.47236 0.56288 0.82654
-0.58549 0.47327 0.56488 0.82517
-0.58487 0.47417 0.56688 0.82380
-0.58424 0.47508 0.56888 0.82242
-0.58362 0.47598 0.57088 0.82104
-0.58299 0.47688 0.57288 0.81964
-0.58236 0.47778 0.57487 0.81824
-0.58173 0.47868 0.57687 0.81683
-0.58109 0.47958 0.57887 0.81542
-0.58045 0.48047 0.58087 0.81400
-0.57982 0.48136 0.58286 0.81257
-0.57918 0.48225 0.58486 0.81114
-0.57853 0.48314 0.58685 0.80969
-0.57789 0.48403 0.58885 0.80825
-0.57724 0.48491 0.59084 0.80679
-0.57660 0.48579 0.59283 0.80533
-0.57595 0.48667 0.59482 0.80386
-0.57530 0.48755 0.59681 0.80238
-0.57464 0.48843 0.59880 0.80090
-0.57399 0.48930 0.60079 0.79941
-0.57333 0.49017 0.60277 0.79791
-0.57267 0.49104 0.60476 0.79641
-0.57201 0.49191 0.60674 0.79490
-0.57135 0.49278 0.60872 0.79338
-0.57068 0.49364 0.61070 0.79186
-0.57002 0.49451 0.61268 0.79033
-0.56935 0.49537 0.61466 0.78879
-0.56868 0.49622 0.61663 0.78725
-0.56800 0.49708 0.61861 0.78570
-0.56733 0.49793 0.62058 0.78414
-0.56665 0.49879 0.62255 0.78258
-0.56598 0.49964 0.62452 0.78101
-0.56530 0.50049 0.62648 0.77944
-0.56461 0.50133 0.62844 0.77785
-0.56393 0.50218 0.63041 0.77627
-0.56324 0.50302 0.63236 0.77467
-0.56256 0.50386 0.63432 0.77307
-0.56187 0.50470 0.63627 0.77146
-0.56117 0.50553 0.63823 0.76985
-0.56048 0.50637 0.64018 0.76823
-0.55979 0.50720 0.64212 0.76660
-0.55909 0.50803 0.64407 0.76497
-0.55839 0.50886 0.64601 0.76333
-0.55769 0.50969 0.64795 0.76169
-0.55698 0.51051 0.64988 0.76004
-0.55628 0.51133 0.65181 0.75838
-0.55557 0.51216 0.65374 0.75672
-0.55486 0.51297 0.65567 0.75505
-0.55415 0.51379 0.65760 0.75337
-0.55344 0.51461 0.65952 0.75169
-0.55272 0.51542 0.66143 0.75000
-0.55201 0.51623 0.66335 0.74831
-0.55129 0.51704 0.66526 0.74661
-0.55057 0.51784 0.66717 0.74491
-0.54984 0.51865 0.66907 0.74320
-0.54912 0.51945 0.67097 0.74148
-0.54839 0.52025 0.67287 0.73976
-0.54766 0.52105 0.67476 0.73804
-0.54693 0.52185 0.67665 0.73630
-0.54620 0.52264 0.67854 0.73457
-0.54547 0.52344 0.68042 0.73282
-0.54473 0.52423 0.68230 0.73107
-0.54399 0.52502 0.68417 0.72932
-0.54325 0.52580 0.68604 0.72756
-0.54251 0.52659 0.68791 0.72580
-0.54177 0.52737 0.68977 0.72403
-0.54102 0.52815 0.69163 0.72225
-0.54027 0.52893 0.69348 0.72047
-0.53952 0.52971 0.69533 0.71869
-0.53877 0.53049 0.69718 0.71690
-0.53801 0.53126 0.69902 0.71510
-0.53726 0.53203 0.70085 0.71330
-0.53650 0.53280 0.70269 0.71150
-0.53574 0.53357 0.70451 0.70969
-0.53498 0.53433 0.70634 0.70788
-0.53422 0.53510 0.70815 0.70606
-0.53345 0.53586 0.70997 0.70423
-0.53268 0.53662 0.71178 0.70241
-0.53191 0.53737 0.71358 0.70057
-0.53114 0.53813 0.71538 0.69874
-0.53037 0.53888 0.71717 0.69689
-0.52959 0.53964 0.71896 0.69505
-0.52881 0.54039 0.72075 0.69320
-0.52803 0.54113 0.72253 0.69134
-0.52725 0.54188 0.72430 0.68949
-0.52647 0.54262 0.72607 0.68762
-0.52568 0.54337 0.72783 0.68576
-0.52490 0.54410 0.72959 0.68388
-0.52411 0.54484 0.73134 0.68201
-0.52332 0.54558 0.73309 0.68013
-0.52252 0.54631 0.73483 0.67825
-0.52173 0.54705 0.73657 0.67636
-0.52093 0.54778 0.73830 0.67447
-0.52013 0.54850 0.74003 0.67258
-0.51933 0.54923 0.74175 0.67068
-0.51853 0.54995 0.74346 0.66878
-0.51772 0.55068 0.74517 0.66687
-0.51691 0.55140 0.74687 0.66497
-0.51610 0.55212 0.74857 0.66306
-0.51529 0.55283 0.75026 0.66114
-0.51448 0.55355 0.75195 0.65922
-0.51367 0.55426 0.75363 0.65730
-0.51285 0.55497 0.75530 0.65538
-0.51203 0.55568 0.75697 0.65345
-0.51121 0.55639 0.75863 0.65152
-0.51039 0.55709 0.76029 0.64959
-0.50956 0.55779 0.76194 0.64765
-0.50873 0.55850 0.76358 0.64571
-0.50791 0.55919 0.76522 0.64377
-0.50707 0.55989 0.76685 0.64182
-0.50624 0.56059 0.76848 0.63988
-0.50541 0.56128 0.77010 0.63793
-0.50457 0.56197 0.77171 0.63598
-0.50373 0.56266 0.77332 0.63402
-0.50289 0.56335 0.77492 0.63206
-0.50205 0.56403 0.77651 0.63011
-0.50120 0.56472 0.77810 0.62814
-0.50036 0.56540 0.77968 0.62618
-0.49951 0.56608 0.78125 0.62421
-0.49866 0.56676 0.78282 0.62225
-0.49780 0.56743 0.78438 0.62028
-0.49695 0.56811 0.78594 0.61830
-0.49609 0.56878 0.78749 0.61633
-0.49523 0.56945 0.78903 0.61436
-0.49437 0.57012 0.79056 0.61238
-0.49351 0.57078 0.79209 0.61040
-0.49265 0.57145 0.79362 0.60842
-0.49178 0.57211 0.79513 0.60644
-0.49091 0.57277 0.79664 0.60445
-0.49004 0.57343 0.79814 0.60247
-0.48917 0.57409 0.79964 0.60048
-0.48829 0.57474 0.80113 0.59850
-0.48742 0.57540 0.80261 0.59651
-0.48654 0.57605 0.80408 0.59452
-0.48566 0.57670 0.80555 0.59253
-0.48478 0.57734 0.80701 0.59053
-0.48389 0.57799 0.80847 0.58854
-0.48301 0.57863 0.80992 0.58655
-0.48212 0.57927 0.81136 0.58455
-0.48123 0.57991 0.81279 0.58256
-0.48034 0.58055 0.81422 0.58056
-0.47944 0.58119 0.81564 0.57856
-0.47854 0.58182 0.81705 0.57657
-0.47765 0.58245 0.81846 0.57457
-0.47675 0.58308 0.81986 0.57257
-0.47584 0.58371 0.82125 0.57057
-0.47494 0.58434 0.82263 0.56857
-0.47403 0.58496 0.82401 0.56657
-0.47313 0.58559 0.82538 0.56457
-0.47222 0.58621 0.82675 0.56257
-0.47130 0.58683 0.82811 0.56057
-0.47039 0.58744 0.82946 0.55857
-0.46947 0.58806 0.83080 0.55657
-0.46856 0.58867 0.83214 0.55457
-0.46764 0.58928 0.83347 0.55257
-0.46672 0.58989 0.83479 0.55057
-0.46579 0.59050 0.83610 0.54857
-0.46487 0.59111 0.83741 0.54657
-0.46394 0.59171 0.83871 0.54458
-0.46301 0.59231 0.84001 0.54258
-0.46208 0.59291 0.84129 0.54058
-0.46114 0.59351 0.84257 0.53858
-0.46021 0.59411 0.84385 0.53659
-0.45927 0.59470 0.84511 0.53459
-0.45833 0.59529 0.84637 0.53259
-0.45739 0.59589 0.84762 0.53060
-0.45645 0.59647 0.84887 0.52861
-0.45550 0.59706 0.85011 0.52661
-0.45455 0.59765 0.85134 0.52462
-0.45360 0.59823 0.85256 0.52263
-0.45265 0.59881 0.85378 0.52064
-0.45170 0.59939 0.85499 0.51865
-0.45074 0.59997 0.85619 0.51666
-0.44979 0.60055 0.85738 0.51468
-0.44883 0.60112 0.85857 0.51269
-0.44787 0.60169 0.85975 0.51071
-0.44690 0.60226 0.86093 0.50873
-0.44594 0.60283 0.86210 0.50674
-0.44497 0.60340 0.86326 0.50477
-0.44400 0.60396 0.86441 0.50279
-0.44303 0.60453 0.86556 0.50081
-0.44206 0.60509 0.86670 0.49884
-0.44108 0.60565 0.86783 0.49686
-0.44011 0.60621 0.86896 0.49489
-0.43913 0.60676 0.87007 0.49292
-0.43815 0.60732 0.87119 0.49095
-0.43717 0.60787 0.87229 0.48899
-0.43618 0.60842 0.87339 0.48702
-0.43520 0.60897 0.87448 0.48506
-0.43421 0.60951 0.87557 0.48310
-0.43322 0.61006 0.87664 0.48114
-0.43223 0.61060 0.87771 0.47918
-0.43123 0.61114 0.87878 0.47723
-0.43024 0.61168 0.87984 0.47528
-0.42924 0.61222 0.88089 0.47333
-0.42824 0.61275 0.88193 0.47138
-0.42724 0.61329 0.88297 0.46943
-0.42623 0.61382 0.88400 0.46749
-0.42523 0.61435 0.88502 0.46555
-0.42422 0.61488 0.88604 0.46361
-0.42321 0.61541 0.88705 0.46168
-0.42220 0.61593 0.88805 0.45974
-0.42119 0.61645 0.88905 0.45781
-0.42017 0.61698 0.89004 0.45588
-0.41915 0.61750 0.89102 0.45396
-0.41813 0.61801 0.89200 0.45204
-0.41711 0.61853 0.89297 0.45012
-0.41609 0.61904 0.89393 0.44820
-0.41507 0.61956 0.89489 0.44628
-0.41404 0.62007 0.89584 0.44437
-0.41301 0.62058 0.89679 0.44246
-0.41198 0.62108 0.89773 0.44056
-0.41095 0.62159 0.89866 0.43865
-0.40991 0.62209 0.89958 0.43675
-0.40888 0.62259 0.90050 0.43485
-0.40784 0.62309 0.90141 0.43296
-0.40680 0.62359 0.90232 0.43107
-0.40576 0.62409 0.90322 0.42918
-0.40471 0.62458 0.90411 0.42729
-0.40367 0.62507 0.90500 0.42541
-0.40262 0.62557 0.90588 0.42353
-0.40157 0.62605 0.90676 0.42166
-0.40052 0.62654 0.90762 0.41978
-0.39947 0.62703 0.90849 0.41791
-0.39841 0.62751 0.90934 0.41605
-0.39736 0.62799 0.91019 0.41418
-0.39630 0.62847 0.91104 0.41232
-0.39524 0.62895 0.91187 0.41047
-0.39418 0.62943 0.91271 0.40862
-0.39311 0.62991 0.91353 0.40677
-0.39205 0.63038 0.91435 0.40492
-0.39098 0.63085 0.91517 0.40308
-0.38991 0.63132 0.91597 0.40124
-0.38884 0.63179 0.91678 0.39940
-0.38776 0.63225 0.91757 0.39757
-0.38669 0.63272 0.91836 0.39574
-0.38561 0.63318 0.91915 0.39392
-0.38453 0.63364 0.91992 0.39210
-0.38345 0.63410 0.92070 0.39028
-0.38237 0.63456 0.92146 0.38846
-0.38128 0.63502 0.92223 0.38665
-0.38020 0.63547 0.92298 0.38485
-0.37911 0.63592 0.92373 0.38304
-0.37802 0.63637 0.92448 0.38124
-0.37693 0.63682 0.92521 0.37945
-0.37583 0.63727 0.92595 0.37765
-0.37474 0.63772 0.92667 0.37587
-0.37364 0.63816 0.92740 0.37408
-0.37254 0.63860 0.92811 0.37230
-0.37144 0.63904 0.92882 0.37052
-0.37034 0.63948 0.92953 0.36875
-0.36923 0.63992 0.93023 0.36698
-0.36813 0.64035 0.93092 0.36522
-0.36702 0.64079 0.93161 0.36346
-0.36591 0.64122 0.93230 0.36170
-0.36480 0.64165 0.93297 0.35994
-0.36368 0.64208 0.93365 0.35819
-0.36257 0.64250 0.93432 0.35645
-0.36145 0.64293 0.93498 0.35471
-0.36033 0.64335 0.93564 0.35297
-0.35921 0.64377 0.93629 0.35123
-0.35809 0.64419 0.93693 0.34950
-0.35697 0.64461 0.93758 0.34778
-0.35584 0.64503 0.93821 0.34606
-0.35471 0.64544 0.93885 0.34434
-0.35358 0.64585 0.93947 0.34262
-0.35245 0.64627 0.94009 0.34091
-0.35132 0.64668 0.94071 0.33921
-0.35019 0.64708 0.94132 0.33751
-0.34905 0.64749 0.94193 0.33581
-0.34791 0.64789 0.94253 0.33411
-0.34677 0.64830 0.94313 0.33242
-0.34563 0.64870 0.94372 0.33074
-0.34449 0.64910 0.94431 0.32906
-0.34334 0.64950 0.94489 0.32738
-0.34219 0.64989 0.94547 0.32571
-0.34105 0.65029 0.94604 0.32404
-0.33990 0.65068 0.94661 0.32237
-0.33874 0.65107 0.94718 0.32071
-0.33759 0.65146 0.94774 0.31905
-0.33644 0.65185 0.94829 0.31740
-0.33528 0.65223 0.94884 0.31575
-0.33412 0.65262 0.94939 0.31410
-0.33296 0.65300 0.94993 0.31246
-0.33180 0.65338 0.95047 0.31083
-0.33063 0.65376 0.95100 0.30919
-0.32947 0.65414 0.95153 0.30757
-0.32830 0.65452 0.95205 0.30594
-0.32713 0.65489 0.95257 0.30432
-0.32596 0.65526 0.95308 0.30271
-0.32479 0.65563 0.95359 0.30109
-0.32362 0.65600 0.95410 0.29949
-0.32244 0.65637 0.95460 0.29788
-0.32126 0.65674 0.95510 0.29628
-0.32008 0.65710 0.95559 0.29469
-0.31890 0.65747 0.95608 0.29310
-0.31772 0.65783 0.95657 0.29151
-0.31654 0.65819 0.95705 0.28993
-0.31535 0.65854 0.95753 0.28835
-0.31417 0.65890 0.95800 0.28677
-0.31298 0.65926 0.95847 0.28520
-0.31179 0.65961 0.95893 0.28363
-0.31060 0.65996 0.95939 0.28207
-0.30940 0.66031 0.95985 0.28051
-0.30821 0.66066 0.96030 0.27896
-0.30701 0.66100 0.96075 0.27741
-0.30581 0.66135 0.96120 0.27586
-0.30461 0.66169 0.96164 0.27432
-0.30341 0.66203 0.96208 0.27278
-0.30221 0.66237 0.96251 0.27125
-0.30100 0.66271 0.96294 0.26972
-0.29980 0.66305 0.96337 0.26819
-0.29859 0.66339 0.96379 0.26667
-0.29738 0.66372 0.96421 0.26515
-0.29617 0.66405 0.96462 0.26364
-0.29496 0.66438 0.96503 0.26213
-0.29374 0.66471 0.96544 0.26062
-0.29253 0.66504 0.96585 0.25912
-0.29131 0.66536 0.96625 0.25762
-0.29009 0.66569 0.96664 0.25613
-0.28887 0.66601 0.96704 0.25464
-0.28765 0.66633 0.96743 0.25315
-0.28643 0.66665 0.96781 0.25167
-0.28520 0.66697 0.96820 0.25019
-0.28398 0.66728 0.96858 0.24872
-0.28275 0.66760 0.96895 0.24725
-0.28152 0.66791 0.96932 0.24578
-0.28029 0.66822 0.96969 0.24432
-0.27906 0.66853 0.97006 0.24286
-0.27782 0.66884 0.97042 0.24141
-0.27659 0.66914 0.97078 0.23996
-0.27535 0.66945 0.97114 0.23851
-0.27411 0.66975 0.97149 0.23707
-0.27287 0.67005 0.97184 0.23563
-0.27163 0.67035 0.97219 0.23419
-0.27039 0.67065 0.97253 0.23276
-0.26915 0.67095 0.97287 0.23134
-0.26790 0.67124 0.97321 0.22991
-0.26665 0.67154 0.97355 0.22849
-0.26541 0.67183 0.97388 0.22708
-0.26416 0.67212 0.97421 0.22566
-0.26290 0.67241 0.97453 0.22426
-0.26165 0.67269 0.97485 0.22285
-0.26040 0.67298 0.97517 0.22145
-0.25914 0.67326 0.97549 0.22005
-0.25789 0.67355 0.97580 0.21866
-0.25663 0.67383 0.97611 0.21727
-0.25537 0.67411 0.97642 0.21588
-0.25411 0.67439 0.97672 0.21450
-0.25285 0.67466 0.97703 0.21312
-0.25158 0.67494 0.97732 0.21175
-0.25032 0.67521 0.97762 0.21038
-0.24905 0.67548 0.97791 0.20901
-0.24778 0.67575 0.97820 0.20764
-0.24651 0.67602 0.97849 0.20628
-0.24524 0.67629 0.97878 0.20493
-0.24397 0.67655 0.97906 0.20357
-0.24270 0.67682 0.97934 0.20222
-0.24142 0.67708 0.97962 0.20088
-0.24015 0.67734 0.97989 0.19953
-0.23887 0.67760 0.98016 0.19819
-0.23759 0.67786 0.98043 0.19686
-0.23631 0.67811 0.98070 0.19552
-0.23503 0.67837 0.98096 0.19419
-0.23375 0.67862 0.98122 0.19287
-0.23246 0.67887 0.98148 0.19155
-0.23118 0.67912 0.98174 0.19023
-0.22989 0.67937 0.98199 0.18891
-0.22860 0.67962 0.98225 0.18760
-0.22732 0.67986 0.98249 0.18629
-0.22603 0.68010 0.98274 0.18499
-0.22473 0.68035 0.98299 0.18368
-0.22344 0.68059 0.98323 0.18239
-0.22215 0.68083 0.98347 0.18109
-0.22085 0.68106 0.98370 0.17980
-0.21956 0.68130 0.98394 0.17851
-0.21826 0.68153 0.98417 0.17722
-0.21696 0.68177 0.98440 0.17594
-0.21566 0.68200 0.98463 0.17466
-0.21436 0.68223 0.98485 0.17339
-0.21306 0.68246 0.98508 0.17211
-0.21175 0.68268 0.98530 0.17084
-0.21045 0.68291 0.98552 0.16958
-0.20914 0.68313 0.98573 0.16831
-0.20784 0.68336 0.98595 0.16705
-0.20653 0.68358 0.98616 0.16579
-0.20522 0.68380 0.98637 0.16454
-0.20391 0.68401 0.98658 0.16329
-0.20260 0.68423 0.98678 0.16204
-0.20128 0.68445 0.98699 0.16080
-0.19997 0.68466 0.98719 0.15955
-0.19865 0.68487 0.98739 0.15831
-0.19734 0.68508 0.98759 0.15708
-0.19602 0.68529 0.98778 0.15584
-0.19470 0.68550 0.98797 0.15461
-0.19338 0.68570 0.98817 0.15339
-0.19206 0.68591 0.98836 0.15216
-0.19074 0.68611 0.98854 0.15094
-0.18942 0.68631 0.98873 0.14972
-0.18809 0.68651 0.98891 0.14850
-0.18677 0.68671 0.98909 0.14729
-0.18544 0.68690 0.98927 0.14608
-0.18411 0.68710 0.98945 0.14487
-0.18279 0.68729 0.98963 0.14367
-0.18146 0.68748 0.98980 0.14247
-0.18013 0.68768 0.98997 0.14127
-0.17880 0.68786 0.99014 0.14007
-0.17746 0.68805 0.99031 0.13888
-0.17613 0.68824 0.99048 0.13768
-0.17480 0.68842 0.99064 0.13649
-0.17346 0.68861 0.99080 0.13531
-0.17212 0.68879 0.99096 0.13412
-0.17079 0.68897 0.99112 0.13294
-0.16945 0.68915 0.99128 0.13176
-0.16811 0.68932 0.99144 0.13059
-0.16677 0.68950 0.99159 0.12942
-0.16543 0.68967 0.99174 0.12824
-0.16409 0.68985 0.99189 0.12708
-0.16274 0.69002 0.99204 0.12591
-0.16140 0.69019 0.99219 0.12475
-0.16005 0.69036 0.99233 0.12358
-0.15871 0.69052 0.99248 0.12243
-0.15736 0.69069 0.99262 0.12127
-0.15601 0.69085 0.99276 0.12012
-0.15467 0.69101 0.99290 0.11896
-0.15332 0.69118 0.99304 0.11781
-0.15197 0.69133 0.99317 0.11667
-0.15062 0.69149 0.99330 0.11552
-0.14926 0.69165 0.99344 0.11438
-0.14791 0.69180 0.99357 0.11324
-0.14656 0.69196 0.99370 0.11210
-0.14520 0.69211 0.99382 0.11096
-0.14385 0.69226 0.99395 0.10983
-0.14249 0.69241 0.99407 0.10870
-0.14113 0.69256 0.99420 0.10757
-0.13978 0.69270 0.99432 0.10644
-0.13842 0.69285 0.99444 0.10532
-0.13706 0.69299 0.99456 0.10419
-0.13570 0.69313 0.99467 0.10307
-0.13434 0.69327 0.99479 0.10195
-0.13297 0.69341 0.99490 0.10084
-0.13161 0.69355 0.99502 0.09972
-0.13025 0.69368 0.99513 0.09861
-0.12888 0.69382 0.99524 0.09750
-0.12752 0.69395 0.99534 0.09639
-0.12615 0.69408 0.99545 0.09528
-0.12479 0.69421 0.99556 0.09418
-0.12342 0.69434 0.99566 0.09307
-0.12205 0.69447 0.99576 0.09197
-0.12068 0.69460 0.99586 0.09087
-0.11931 0.69472 0.99596 0.08977
-0.11794 0.69484 0.99606 0.08868
-0.11657 0.69496 0.99616 0.08758
-0.11520 0.69508 0.99625 0.08649
-0.11383 0.69520 0.99635 0.08540
-0.11246 0.69532 0.99644 0.08431
-0.11108 0.69543 0.99653 0.08322
-0.10971 0.69555 0.99662 0.08214
-0.10833 0.69566 0.99671 0.08105
-0.10696 0.69577 0.99680 0.07997
-0.10558 0.69588 0.99688 0.07889
-0.10421 0.69599 0.99697 0.07781
-0.10283 0.69610 0.99705 0.07673
-0.10145 0.69620 0.99713 0.07565
-0.10007 0.69631 0.99722 0.07458
-0.09869 0.69641 0.99729 0.07351
-0.09731 0.69651 0.99737 0.07243
-0.09593 0.69661 0.99745 0.07136
-0.09455 0.69671 0.99753 0.07029
-0.09317 0.69680 0.99760 0.06923
-0.09179 0.69690 0.99767 0.06816
-0.09041 0.69699 0.99775 0.06710
-0.08903 0.69708 0.99782 0.06603
-0.08764 0.69717 0.99789 0.06497
-0.08626 0.69726 0.99796 0.06391
-0.08487 0.69735 0.99802 0.06285
-0.08349 0.69744 0.99809 0.06179
-0.08210 0.69752 0.99815 0.06074
-0.08072 0.69761 0.99822 0.05968
-0.07933 0.69769 0.99828 0.05863
-0.07794 0.69777 0.99834 0.05757
-0.07656 0.69785 0.99840 0.05652
-0.07517 0.69793 0.99846 0.05547
-0.07378 0.69800 0.99852 0.05442
-0.07239 0.69808 0.99857 0.05337
-0.07100 0.69815 0.99863 0.05232
-0.06961 0.69822 0.99868 0.05128
-0.06822 0.69829 0.99874 0.05023
-0.06683 0.69836 0.99879 0.04919
-0.06544 0.69843 0.99884 0.04814
-0.06405 0.69850 0.99889 0.04710
-0.06266 0.69856 0.99894 0.04606
-0.06127 0.69863 0.99899 0.04502
-0.05988 0.69869 0.99903 0.04398
-0.05848 0.69875 0.99908 0.04294
-0.05709 0.69881 0.99912 0.04190
-0.05570 0.69887 0.99916 0.04087
-0.05430 0.69892 0.99921 0.03983
-0.05291 0.69898 0.99925 0.03879
-0.05152 0.69903 0.99929 0.03776
-0.05012 0.69908 0.99933 0.03672
-0.04873 0.69913 0.99936 0.03569
-0.04733 0.69918 0.99940 0.03466
-0.04594 0.69923 0.99943 0.03363
-0.04454 0.69928 0.99947 0.03260
-0.04315 0.69932 0.99950 0.03157
-0.04175 0.69936 0.99953 0.03054
-0.04035 0.69941 0.99956 0.02951
-0.03896 0.69945 0.99959 0.02848
-0.03756 0.69949 0.99962 0.02745
-0.03616 0.69952 0.99965 0.02642
-0.03476 0.69956 0.99968 0.02540
-0.03337 0.69959 0.99970 0.02437
-0.03197 0.69963 0.99973 0.02335
-0.03057 0.69966 0.99975 0.02232
-0.02917 0.69969 0.99977 0.02130
-0.02777 0.69972 0.99979 0.02027
-0.02638 0.69975 0.99981 0.01925
-0.02498 0.69977 0.99983 0.01822
-0.02358 0.69980 0.99985 0.01720
-0.02218 0.69982 0.99987 0.01618
-0.02078 0.69984 0.99989 0.01516
-0.01938 0.69986 0.99990 0.01413
-0.01798 0.69988 0.99991 0.01311
-0.01658 0.69990 0.99993 0.01209
-0.01518 0.69992 0.99994 0.01107
-0.01378 0.69993 0.99995 0.01005
-0.01238 0.69994 0.99996 0.00903
-0.01099 0.69996 0.99997 0.00801
-0.00959 0.69997 0.99998 0.00699
-0.00819 0.69998 0.99998 0.00596
-0.00679 0.69998 0.99999 0.00494
-0.00539 0.69999 0.99999 0.00392
-0.00399 0.69999 1.00000 0.00290
-0.00259 0.70000 1.00000 0.00188
-0.00119 0.70000 1.00000 0.00086
0.00021 0.70000 1.00000 -0.00016
0.00161 0.70000 1.00000 -0.00118
0.00301 0.70000 1.00000 -0.00220
0.00441 0.69999 0.99999 -0.00322
0.00581 0.69999 0.99999 -0.00424
0.00721 0.69998 0.99999 -0.00526
0.00861 0.69997 0.99998 -0.00628
0.01001 0.69996 0.99997 -0.00730
0.01141 0.69995 0.99997 -0.00832
0.01281 0.69994 0.99996 -0.00934
0.01421 0.69993 0.99995 -0.01036
0.01561 0.69991 0.99994 -0.01138
0.01701 0.69989 0.99992 -0.01240
0.01841 0.69988 0.99991 -0.01342
0.01981 0.69986 0.99990 -0.01445
0.02121 0.69984 0.99988 -0.01547
0.02261 0.69981 0.99986 -0.01649
0.02401 0.69979 0.99985 -0.01751
0.02541 0.69976 0.99983 -0.01854
0.02680 0.69974 0.99981 -0.01956
0.02820 0.69971 0.99979 -0.02058
0.02960 0.69968 0.99977 -0.02161
0.03100 0.69965 0.99974 -0.02263
0.03240 0.69962 0.99972 -0.02366
0.03379 0.69958 0.99970 -0.02469
0.03519 0.69955 0.99967 -0.02571
0.03659 0.69951 0.99964 -0.02674
0.03799 0.69947 0.99961 -0.02777
0.03938 0.69943 0.99959 -0.02879
0.04078 0.69939 0.99956 -0.02982
0.04218 0.69935 0.99952 -0.03085
0.04357 0.69931 0.99949 -0.03188
0.04497 0.69926 0.99946 -0.03291
0.04636 0.69921 0.99942 -0.03394
0.04776 0.69917 0.99939 -0.03498
0.04915 0.69912 0.99935 -0.03601
0.05055 0.69907 0.99931 -0.03704
0.05194 0.69901 0.99927 -0.03808
0.05334 0.69896 0.99923 -0.03911
0.05473 0.69890 0.99919 -0.04015
0.05612 0.69885 0.99915 -0.04118
0.05752 0.69879 0.99911 -0.04222
0.05891 0.69873 0.99906 -0.04326
0.06030 0.69867 0.99902 -0.04430
0.06169 0.69861 0.99897 -0.04534
0.06309 0.69854 0.99892 -0.04638
0.06448 0.69848 0.99888 -0.04742
0.06587 0.69841 0.99883 -0.04846
0.06726 0.69834 0.99877 -0.04951
0.06865 0.69827 0.99872 -0.05055
0.07004 0.69820 0.99867 -0.05160
0.07143 0.69813 0.99861 -0.05264
0.07282 0.69806 0.99856 -0.05369
0.07421 0.69798 0.99850 -0.05474
0.07559 0.69790 0.99844 -0.05579
0.07698 0.69782 0.99838 -0.05684
0.07837 0.69775 0.99832 -0.05789
0.07976 0.69766 0.99826 -0.05895
0.08114 0.69758 0.99820 -0.06000
0.08253 0.69750 0.99813 -0.06106
0.08391 0.69741 0.99807 -0.06212
0.08530 0.69733 0.99800 -0.06317
0.08668 0.69724 0.99793 -0.06423
0.08807 0.69715 0.99787 -0.06530
0.08945 0.69706 0.99780 -0.06636
0.09083 0.69696 0.99772 -0.06742
0.09221 0.69687 0.99765 -0.06849
0.09360 0.69677 0.99758 -0.06955
0.09498 0.69668 0.99750 -0.07062
0.09636 0.69658 0.99743 -0.07169
0.09774 0.69648 0.99735 -0.07276
0.09912 0.69638 0.99727 -0.07383
0.10049 0.69627 0.99719 -0.07491
0.10187 0.69617 0.99711 -0.07598
0.10325 0.69606 0.99703 -0.07706
0.10463 0.69596 0.99694 -0.07814
0.10600 0.69585 0.99686 -0.07922
0.10738 0.69574 0.99677 -0.08030
0.10875 0.69563 0.99668 -0.08138
0.11013 0.69551 0.99659 -0.08247
0.11150 0.69540 0.99650 -0.08355
0.11288 0.69528 0.99641 -0.08464
0.11425 0.69517 0.99632 -0.08573
0.11562 0.69505 0.99622 -0.08682
0.11699 0.69493 0.99613 -0.08792
0.11836 0.69480 0.99603 -0.08901
0.11973 0.69468 0.99593 -0.09011
0.12110 0.69456 0.99583 -0.09121
0.12247 0.69443 0.99573 -0.09231
0.12384 0.69430 0.99563 -0.09341
0.12520 0.69417 0.99552 -0.09451
0.12657 0.69404 0.99542 -0.09562
0.12794 0.69391 0.99531 -0.09673
0.12930 0.69378 0.99520 -0.09784
0.13066 0.69364 0.99509 -0.09895
0.13203 0.69351 0.99498 -0.10006
0.13339 0.69337 0.99487 -0.10118
0.13475 0.69323 0.99475 -0.10230
0.13611 0.69309 0.99464 -0.10342
0.13747 0.69295 0.99452 -0.10454
0.13883 0.69280 0.99440 -0.10566
0.14019 0.69266 0.99428 -0.10679
0.14155 0.69251 0.99416 -0.10792
0.14291 0.69236 0.99404 -0.10905
0.14426 0.69221 0.99391 -0.11018
0.14562 0.69206 0.99379 -0.11131
0.14697 0.69191 0.99366 -0.11245
0.14832 0.69176 0.99353 -0.11359
0.14968 0.69160 0.99340 -0.11473
0.15103 0.69144 0.99326 -0.11587
0.15238 0.69129 0.99313 -0.11702
0.15373 0.69113 0.99299 -0.11817
0.15508 0.69096 0.99286 -0.11932
0.15643 0.69080 0.99272 -0.12047
0.15777 0.69064 0.99258 -0.12162
0.15912 0.69047 0.99243 -0.12278
0.16047 0.69030 0.99229 -0.12394
0.16181 0.69014 0.99214 -0.12510
0.16315 0.68997 0.99200 -0.12627
0.16450 0.68979 0.99185 -0.12743
0.16584 0.68962 0.99170 -0.12860
0.16718 0.68945 0.99154 -0.12977
0.16852 0.68927 0.99139 -0.13095
0.16986 0.68909 0.99123 -0.13213
0.17120 0.68891 0.99108 -0.13330
0.17253 0.68873 0.99092 -0.13449
0.17387 0.68855 0.99075 -0.13567
0.17520 0.68837 0.99059 -0.13686
0.17654 0.68818 0.99043 -0.13805
0.17787 0.68800 0.99026 -0.13924
0.17920 0.68781 0.99009 -0.14044
0.18053 0.68762 0.98992 -0.14163
0.18186 0.68743 0.98975 -0.14283
0.18319 0.68723 0.98957 -0.14404
0.18452 0.68704 0.98940 -0.14524
0.18585 0.68684 0.98922 -0.14645
0.18717 0.68665 0.98904 -0.14766
0.18850 0.68645 0.98886 -0.14888
0.18982 0.68625 0.98867 -0.15009
0.19114 0.68605 0.98849 -0.15131
0.19247 0.68584 0.98830 -0.15254
0.19379 0.68564 0.98811 -0.15376
0.19511 0.68543 0.98792 -0.15499
0.19642 0.68523 0.98772 -0.15622
0.19774 0.68502 0.98753 -0.15746
0.19906 0.68481 0.98733 -0.15869
0.20037 0.68459 0.98713 -0.15993
0.20168 0.68438 0.98693 -0.16118
0.20300 0.68416 0.98672 -0.16242
0.20431 0.68395 0.98651 -0.16367
0.20562 0.68373 0.98631 -0.16492
0.20693 0.68351 0.98610 -0.16618
0.20824 0.68329 0.98588 -0.16744
0.20954 0.68307 0.98567 -0.16870
0.21085 0.68284 0.98545 -0.16996
0.21215 0.68262 0.98523 -0.17123
0.21346 0.68239 0.98501 -0.17250
0.21476 0.68216 0.98479 -0.17378
0.21606 0.68193 0.98456 -0.17505
0.21736 0.68170 0.98433 -0.17633
0.21866 0.68146 0.98410 -0.17762
0.21995 0.68123 0.98387 -0.17890
0.22125 0.68099 0.98363 -0.18019
0.22254 0.68075 0.98339 -0.18149
0.22384 0.68051 0.98315 -0.18278
0.22513 0.68027 0.98291 -0.18408
0.22642 0.68003 0.98267 -0.18539
0.22771 0.67979 0.98242 -0.18669
0.22900 0.67954 0.98217 -0.18800
0.23029 0.67929 0.98192 -0.18931
0.23157 0.67904 0.98166 -0.19063
0.23286 0.67879 0.98140 -0.19195
0.23414 0.67854 0.98114 -0.19327
0.23542 0.67829 0.98088 -0.19460
0.23670 0.67803 0.98062 -0.19593
0.23798 0.67778 0.98035 -0.19726
0.23926 0.67752 0.98008 -0.19860
0.24054 0.67726 0.97981 -0.19994
0.24181 0.67700 0.97953 -0.20129
0.24309 0.67674 0.97925 -0.20263
0.24436 0.67647 0.97897 -0.20399
0.24563 0.67621 0.97869 -0.20534
0.24690 0.67594 0.97840 -0.20670
0.24817 0.67567 0.97812 -0.20806
0.24944 0.67540 0.97782 -0.20943
0.25070 0.67513 0.97753 -0.21079
0.25197 0.67485 0.97723 -0.21217
0.25323 0.67458 0.97693 -0.21354
0.25449 0.67430 0.97663 -0.21492
0.25575 0.67402 0.97633 -0.21631
0.25701 0.67374 0.97602 -0.21769
0.25827 0.67346 0.97571 -0.21909
0.25953 0.67318 0.97539 -0.22048
0.26078 0.67289 0.97507 -0.22188
0.26204 0.67261 0.97475 -0.22328
0.26329 0.67232 0.97443 -0.22469
0.26454 0.67203 0.97411 -0.22610
0.26579 0.67174 0.97378 -0.22751
0.26704 0.67145 0.97344 -0.22893
0.26828 0.67115 0.97311 -0.23035
0.26953 0.67086 0.97277 -0.23177
0.27077 0.67056 0.97243 -0.23320
0.27201 0.67026 0.97208 -0.23463
0.27325 0.66996 0.97174 -0.23607
0.27449 0.66966 0.97139 -0.23751
0.27573 0.66935 0.97103 -0.23895
0.27697 0.66905 0.97067 -0.24040
0.27820 0.66874 0.97031 -0.24185
0.27943 0.66843 0.96995 -0.24331
0.28067 0.66812 0.96958 -0.24477
0.28190 0.66781 0.96921 -0.24623
0.28313 0.66750 0.96884 -0.24770
0.28435 0.66718 0.96846 -0.24917
0.28558 0.66687 0.96808 -0.25064
0.28680 0.66655 0.96769 -0.25212
0.28802 0.66623 0.96731 -0.25361
0.28925 0.66591 0.96692 -0.25509
0.29047 0.66559 0.96652 -0.25659
0.29168 0.66526 0.96612 -0.25808
0.29290 0.66494 0.96572 -0.25958
0.29412 0.66461 0.96532 -0.26108
0.29533 0.66428 0.96491 -0.26259
0.29654 0.66395 0.96450 -0.26410
0.29775 0.66362 0.96408 -0.26562
0.29896 0.66328 0.96366 -0.26713
0.30017 0.66295 0.96324 -0.26866
0.30137 0.66261 0.96281 -0.27019
0.30258 0.66227 0.96238 -0.27172
0.30378 0.66193 0.96194 -0.27325
0.30498 0.66159 0.96150 -0.27479
0.30618 0.66124 0.96106 -0.27633
0.30738 0.66090 0.96062 -0.27788
0.30857 0.66055 0.96016 -0.27943
0.30977 0.66020 0.95971 -0.28099
0.31096 0.65985 0.95925 -0.28255
0.31215 0.65950 0.95879 -0.28411
0.31334 0.65915 0.95832 -0.28568
0.31453 0.65879 0.95785 -0.28725
0.31572 0.65844 0.95738 -0.28883
0.31690 0.65808 0.95690 -0.29041
0.31808 0.65772 0.95642 -0.29199
0.31927 0.65735 0.95593 -0.29358
0.32045 0.65699 0.95544 -0.29518
0.32162 0.65663 0.95495 -0.29677
0.32280 0.65626 0.95445 -0.29837
0.32398 0.65589 0.95395 -0.29998
0.32515 0.65552 0.95344 -0.30159
0.32632 0.65515 0.95293 -0.30320
0.32749 0.65478 0.95241 -0.30482
0.32866 0.65440 0.95189 -0.30644
0.32982 0.65402 0.95137 -0.30806
0.33099 0.65365 0.95084 -0.30969
0.33215 0.65327 0.95030 -0.31133
0.33331 0.65288 0.94976 -0.31297
0.33447 0.65250 0.94922 -0.31461
0.33563 0.65212 0.94867 -0.31625
0.33679 0.65173 0.94812 -0.31790
0.33794 0.65134 0.94757 -0.31956
0.33910 0.65095 0.94701 -0.32122
0.34025 0.65056 0.94644 -0.32288
0.34140 0.65017 0.94587 -0.32455
0.34255 0.64977 0.94529 -0.32622
0.34369 0.64937 0.94472 -0.32789
0.34484 0.64898 0.94413 -0.32957
0.34598 0.64858 0.94354 -0.33125
0.34712 0.64817 0.94295 -0.33294
0.34826 0.64777 0.94235 -0.33463
0.34940 0.64737 0.94175 -0.33633
0.35053 0.64696 0.94114 -0.33803
0.35167 0.64655 0.94052 -0.33973
0.35280 0.64614 0.93990 -0.34144
0.35393 0.64573 0.93928 -0.34315
0.35506 0.64532 0.93865 -0.34486
0.35619 0.64490 0.93802 -0.34658
0.35731 0.64448 0.93738 -0.34831
0.35843 0.64406 0.93674 -0.35003
0.35956 0.64364 0.93609 -0.35176
0.36068 0.64322 0.93543 -0.35350
0.36179 0.64280 0.93478 -0.35524
0.36291 0.64237 0.93411 -0.35698
0.36403 0.64195 0.93344 -0.35873
0.36514 0.64152 0.93277 -0.36048
0.36625 0.64109 0.93209 -0.36223
0.36736 0.64065 0.93140 -0.36399
0.36847 0.64022 0.93071 -0.36576
0.36957 0.63978 0.93001 -0.36752
0.37068 0.63935 0.92931 -0.36929
0.37178 0.63891 0.92861 -0.37107
0.37288 0.63847 0.92789 -0.37285
0.37398 0.63802 0.92718 -0.37463
0.37507 0.63758 0.92645 -0.37641
0.37617 0.63713 0.92572 -0.37820
0.37726 0.63669 0.92499 -0.38000
0.37835 0.63624 0.92425 -0.38179
0.37944 0.63578 0.92350 -0.38359
0.38053 0.63533 0.92275 -0.38540
0.38162 0.63488 0.92199 -0.38721
0.38270 0.63442 0.92123 -0.38902
0.38378 0.63396 0.92046 -0.39083
0.38486 0.63350 0.91969 -0.39265
0.38594 0.63304 0.91891 -0.39447
0.38702 0.63258 0.91812 -0.39630
0.38809 0.63211 0.91733 -0.39813
0.38916 0.63165 0.91653 -0.39996
0.39024 0.63118 0.91573 -0.40180
0.39130 0.63071 0.91492 -0.40364
0.39237 0.63023 0.91410 -0.40548
0.39344 0.62976 0.91328 -0.40733
0.39450 0.62928 0.91245 -0.40918
0.39556 0.62881 0.91162 -0.41104
0.39662 0.62833 0.91078 -0.41289
0.39768 0.62785 0.90993 -0.41475
0.39874 0.62736 0.90908 -0.41662
0.39979 0.62688 0.90822 -0.41849
0.40084 0.62639 0.90736 -0.42036
0.40189 0.62591 0.90649 -0.42223
0.40294 0.62542 0.90561 -0.42411
0.40399 0.62492 0.90473 -0.42599
0.40503 0.62443 0.90384 -0.42787
0.40608 0.62394 0.90294 -0.42976
0.40712 0.62344 0.90204 -0.43165
0.40816 0.62294 0.90114 -0.43354
0.40920 0.62244 0.90022 -0.43543
0.41023 0.62194 0.89930 -0.43733
0.41126 0.62143 0.89837 -0.43923
0.41230 0.62093 0.89744 -0.44114
0.41333 0.62042 0.89650 -0.44305
0.41435 0.61991 0.89555 -0.44496
0.41538 0.61940 0.89460 -0.44687
0.41640 0.61889 0.89364 -0.44878
0.41743 0.61837 0.89267 -0.45070
0.41845 0.61786 0.89170 -0.45262
0.41946 0.61734 0.89072 -0.45455
0.42048 0.61682 0.88974 -0.45647
0.42150 0.61630 0.88874 -0.45840
0.42251 0.61577 0.88775 -0.46033
0.42352 0.61525 0.88674 -0.46227
0.42453 0.61472 0.88573 -0.46421
0.42553 0.61419 0.88471 -0.46614
0.42654 0.61366 0.88368 -0.46809
0.42754 0.61313 0.88265 -0.47003
0.42854 0.61259 0.88161 -0.47198
0.42954 0.61205 0.88057 -0.47392
0.43054 0.61152 0.87951 -0.47587
0.43154 0.61098 0.87845 -0.47783
0.43253 0.61043 0.87739 -0.47978
0.43352 0.60989 0.87631 -0.48174
0.43451 0.60935 0.87523 -0.48370
0.43550 0.60880 0.87415 -0.48566
0.43648 0.60825 0.87305 -0.48762
0.43747 0.60770 0.87195 -0.48959
0.43845 0.60715 0.87085 -0.49155
0.43943 0.60659 0.86973 -0.49352
0.44041 0.60603 0.86861 -0.49549
0.44138 0.60548 0.86748 -0.49747
0.44236 0.60492 0.86635 -0.49944
0.44333 0.60435 0.86521 -0.50141
0.44430 0.60379 0.86406 -0.50339
0.44527 0.60323 0.86290 -0.50537
0.44623 0.60266 0.86174 -0.50735
0.44720 0.60209 0.86057 -0.50933
0.44816 0.60152 0.85939 -0.51132
0.44912 0.60094 0.85821 -0.51330
0.45008 0.60037 0.85702 -0.51529
0.45104 0.59979 0.85582 -0.51727
0.45199 0.59921 0.85462 -0.51926
0.45294 0.59863 0.85340 -0.52125
0.45389 0.59805 0.85219 -0.52324
0.45484 0.59747 0.85096 -0.52523
0.45579 0.59688 0.84973 -0.52722
0.45673 0.59629 0.84849 -0.52922
0.45768 0.59571 0.84724 -0.53121
0.45862 0.59511 0.84599 -0.53320
0.45956 0.59452 0.84473 -0.53520
0.46049 0.59393 0.84346 -0.53720
0.46143 0.59333 0.84218 -0.53919
0.46236 0.59273 0.84090 -0.54119
0.46329 0.59213 0.83961 -0.54319
0.46422 0.59153 0.83831 -0.54519
0.46515 0.59092 0.83701 -0.54719
0.46607 0.59031 0.83570 -0.54919
0.46700 0.58971 0.83438 -0.55118
0.46792 0.58910 0.83306 -0.55318
0.46884 0.58848 0.83173 -0.55518
0.46976 0.58787 0.83039 -0.55718
0.47067 0.58725 0.82904 -0.55918
0.47158 0.58664 0.82769 -0.56118
0.47250 0.58602 0.82633 -0.56318
0.47340 0.58540 0.82496 -0.56518
0.47431 0.58477 0.82359 -0.56718
0.47522 0.58415 0.82221 -0.56918
0.47612 0.58352 0.82082 -0.57118
0.47702 0.58289 0.81943 -0.57318
0.47792 0.58226 0.81803 -0.57518
0.47882 0.58163 0.81662 -0.57718
0.47972 0.58099 0.81520 -0.57917
0.48061 0.58036 0.81378 -0.58117
0.48150 0.57972 0.81235 -0.58317
0.48239 0.57908 0.81092 -0.58516
0.48328 0.57844 0.80947 -0.58716
0.48416 0.57779 0.80802 -0.58915
0.48505 0.57715 0.80657 -0.59114
0.48593 0.57650 0.80510 -0.59314
0.48681 0.57585 0.80363 -0.59513
0.48769 0.57520 0.80216 -0.59712
0.48856 0.57454 0.80067 -0.59910
0.48944 0.57389 0.79918 -0.60109
0.49031 0.57323 0.79768 -0.60308
0.49118 0.57257 0.79618 -0.60506
0.49205 0.57191 0.79467 -0.60704
0.49291 0.57125 0.79315 -0.60903
0.49378 0.57058 0.79163 -0.61101
0.49464 0.56991 0.79010 -0.61298
0.49550 0.56925 0.78856 -0.61496
0.49636 0.56857 0.78701 -0.61694
0.49721 0.56790 0.78546 -0.61891
0.49807 0.56723 0.78391 -0.62088
0.49892 0.56655 0.78234 -0.62285
0.49977 0.56587 0.78077 -0.62482
0.50062 0.56519 0.77920 -0.62678
0.50146 0.56451 0.77761 -0.62874
0.50231 0.56382 0.77602 -0.63070
0.50315 0.56314 0.77443 -0.63266
0.50399 0.56245 0.77282 -0.63462
0.50483 0.56176 0.77122 -0.63657
0.50566 0.56107 0.76960 -0.63852
0.50650 0.56037 0.76798 -0.64047
0.50733 0.55968 0.76635 -0.64242
0.50816 0.55898 0.76472 -0.64436
0.50899 0.55828 0.76308 -0.64630
0.50981 0.55758 0.76143 -0.64824
0.51064 0.55688 0.75978 -0.65018
0.51146 0.55617 0.75812 -0.65211
0.51228 0.55546 0.75646 -0.65404
0.51310 0.55475 0.75479 -0.65597
0.51392 0.55404 0.75311 -0.65789
0.51473 0.55333 0.75143 -0.65981
0.51554 0.55261 0.74975 -0.66173
0.51635 0.55190 0.74805 -0.66364
0.51716 0.55118 0.74635 -0.66555
0.51797 0.55046 0.74465 -0.66746
0.51877 0.54973 0.74294 -0.66936
0.51957 0.54901 0.74122 -0.67126
0.52038 0.54828 0.73950 -0.67316
0.52117 0.54755 0.73777 -0.67505
0.52197 0.54682 0.73604 -0.67694
0.52277 0.54609 0.73430 -0.67883
0.52356 0.54535 0.73256 -0.68071
0.52435 0.54462 0.73081 -0.68258
0.52514 0.54388 0.72905 -0.68446
0.52592 0.54314 0.72729 -0.68633
0.52671 0.54240 0.72553 -0.68819
0.52749 0.54165 0.72376 -0.69005
0.52827 0.54090 0.72198 -0.69191
0.52905 0.54016 0.72020 -0.69377
0.52983 0.53941 0.71842 -0.69561
0.53060 0.53865 0.71662 -0.69746
0.53138 0.53790 0.71483 -0.69930
0.53215 0.53714 0.71303 -0.70113
0.53292 0.53638 0.71122 -0.70297
0.53368 0.53562 0.70941 -0.70479
0.53445 0.53486 0.70760 -0.70661
0.53521 0.53410 0.70578 -0.70843
0.53597 0.53333 0.70395 -0.71024
0.53673 0.53256 0.70213 -0.71205
0.53749 0.53179 0.70029 -0.71386
0.53825 0.53102 0.69845 -0.71565
0.53900 0.53025 0.69661 -0.71745
0.53975 0.52947 0.69477 -0.71924
0.54050 0.52869 0.69292 -0.72102
0.54125 0.52791 0.69106 -0.72280
0.54199 0.52713 0.68920 -0.72457
0.54274 0.52635 0.68734 -0.72634
0.54348 0.52556 0.68547 -0.72810
0.54422 0.52478 0.68360 -0.72986
0.54496 0.52399 0.68172 -0.73161
0.54569 0.52319 0.67984 -0.73336
0.54643 0.52240 0.67796 -0.73510
0.54716 0.52161 0.67607 -0.73683
0.54789 0.52081 0.67418 -0.73857
0.54862 0.52001 0.67229 -0.74029
0.54934 0.51921 0.67039 -0.74201
0.55007 0.51840 0.66849 -0.74372
0.55079 0.51760 0.66658 -0.74543
0.55151 0.51679 0.66467 -0.74713
0.55223 0.51598 0.66276 -0.74883
0.55294 0.51517 0.66085 -0.75052
0.55366 0.51436 0.65893 -0.75221
0.55437 0.51354 0.65701 -0.75388
0.55508 0.51272 0.65508 -0.75556
0.55579 0.51190 0.65315 -0.75722
0.55649 0.51108 0.65122 -0.75889
0.55720 0.51026 0.64929 -0.76054
0.55790 0.50943 0.64735 -0.76219
0.55860 0.50861 0.64541 -0.76383
0.55930 0.50778 0.64347 -0.76547
0.56000 0.50695 0.64153 -0.76710
0.56069 0.50611 0.63958 -0.76872
0.56139 0.50528 0.63763 -0.77034
0.56208 0.50444 0.63568 -0.77196
0.56277 0.50360 0.63372 -0.77356
0.56345 0.50276 0.63176 -0.77516
0.56414 0.50192 0.62981 -0.77675
0.56482 0.50107 0.62784 -0.77834
0.56550 0.50023 0.62588 -0.77992
0.56618 0.49938 0.62391 -0.78149
0.56686 0.49853 0.62195 -0.78306
0.56754 0.49767 0.61997 -0.78462
0.56821 0.49682 0.61800 -0.78618
0.56888 0.49596 0.61603 -0.78772
0.56955 0.49510 0.61405 -0.78926
0.57022 0.49424 0.61208 -0.79080
0.57089 0.49338 0.61010 -0.79233
0.57155 0.49251 0.60812 -0.79385
0.57221 0.49165 0.60613 -0.79536
0.57287 0.49078 0.60415 -0.79687
0.57353 0.48991 0.60217 -0.79837
0.57419 0.48903 0.60018 -0.79987
0.57484 0.48816 0.59819 -0.80135
0.57550 0.48728 0.59620 -0.80283
0.57615 0.48640 0.59421 -0.80431
0.57680 0.48552 0.59222 -0.80578
0.57744 0.48464 0.59023 -0.80724
0.57809 0.48376 0.58824 -0.80869
0.57873 0.48287 0.58624 -0.81014
0.57937 0.48198 0.58425 -0.81158
0.58001 0.48109 0.58225 -0.81301
0.58065 0.48020 0.58025 -0.81443
0.58129 0.47930 0.57826 -0.81585
0.58192 0.47841 0.57626 -0.81727
0.58255 0.47751 0.57426 -0.81867
0.58318 0.47661 0.57226 -0.82007
0.58381 0.47571 0.57026 -0.82146
0.58443 0.47480 0.56827 -0.82285
0.58506 0.47390 0.56627 -0.82422
0.58568 0.47299 0.56427 -0.82559
0.58630 0.47208 0.56227 -0.82696
0.58692 0.47116 0.56027 -0.82831
0.58754 0.47025 0.55827 -0.82966
0.58815 0.46933 0.55627 -0.83100
0.58877 0.46842 0.55427 -0.83234
0.58938 0.46750 0.55227 -0.83367
0.58999 0.46657 0.55027 -0.83499
0.59059 0.46565 0.54827 -0.83630
0.59120 0.46472 0.54627 -0.83761
0.59180 0.46380 0.54427 -0.83891
0.59240 0.46287 0.54227 -0.84020
0.59300 0.46193 0.54027 -0.84149
0.59360 0.46100 0.53828 -0.84277
0.59420 0.46006 0.53628 -0.84404
0.59479 0.45913 0.53428 -0.84530
0.59539 0.45819 0.53229 -0.84656
0.59598 0.45724 0.53029 -0.84781
0.59656 0.45630 0.52830 -0.84906
0.59715 0.45536 0.52631 -0.85029
0.59774 0.45441 0.52432 -0.85152
0.59832 0.45346 0.52233 -0.85275
0.59890 0.45251 0.52034 -0.85396
0.59948 0.45155 0.51835 -0.85517
0.60006 0.45060 0.51636 -0.85637
0.60063 0.44964 0.51437 -0.85757
0.60121 0.44868 0.51239 -0.85875
0.60178 0.44772 0.51040 -0.85993
0.60235 0.44676 0.50842 -0.86111
0.60292 0.44579 0.50644 -0.86227
0.60349 0.44482 0.50446 -0.86343
0.60405 0.44385 0.50248 -0.86459
0.60461 0.44288 0.50051 -0.86573
0.60517 0.44191 0.49853 -0.86687
0.60573 0.44094 0.49656 -0.86800
0.60629 0.43996 0.49459 -0.86913
0.60685 0.43898 0.49262 -0.87025
0.60740 0.43800 0.49065 -0.87136
0.60795 0.43702 0.48869 -0.87246
0.60850 0.43603 0.48672 -0.87356
0.60905 0.43504 0.48476 -0.87465
0.60960 0.43406 0.48280 -0.87573
0.61014 0.43307 0.48084 -0.87681
0.61068 0.43207 0.47888 -0.87788
0.61122 0.43108 0.47693 -0.87894
0.61176 0.43008 0.47498 -0.88000
0.61230 0.42908 0.47303 -0.88105
0.61284 0.42808 0.47108 -0.88209
0.61337 0.42708 0.46914 -0.88313
0.61390 0.42608 0.46719 -0.88415
0.61443 0.42507 0.46525 -0.88518
0.61496 0.42407 0.46332 -0.88619
0.61549 0.42306 0.46138 -0.88720
0.61601 0.42204 0.45945 -0.88820
0.61653 0.42103 0.45752 -0.88920
0.61706 0.42001 0.45559 -0.89019
0.61758 0.41900 0.45366 -0.89117
0.61809 0.41798 0.45174 -0.89215
0.61861 0.41696 0.44982 -0.89312
0.61912 0.41593 0.44790 -0.89408
0.61963 0.41491 0.44599 -0.89504
0.62014 0.41388 0.44408 -0.89599
0.62065 0.41285 0.44217 -0.89693
0.62116 0.41182 0.44026 -0.89787
0.62166 0.41079 0.43836 -0.89880
0.62217 0.40976 0.43646 -0.89972
0.62267 0.40872 0.43456 -0.90064
0.62317 0.40768 0.43267 -0.90155
0.62367 0.40664 0.43078 -0.90246
0.62416 0.40560 0.42889 -0.90336
0.62466 0.40455 0.42701 -0.90425
0.62515 0.40351 0.42512 -0.90514
0.62564 0.40246 0.42324 -0.90602
0.62613 0.40141 0.42137 -0.90689
0.62662 0.40036 0.41950 -0.90776
0.62710 0.39931 0.41763 -0.90862
0.62759 0.39825 0.41576 -0.90947
0.62807 0.39720 0.41390 -0.91032
0.62855 0.39614 0.41204 -0.91117
0.62903 0.39508 0.41018 -0.91200
0.62950 0.39401 0.40833 -0.91283
0.62998 0.39295 0.40648 -0.91366
0.63045 0.39188 0.40464 -0.91448
0.63092 0.39081 0.40280 -0.91529
0.63139 0.38974 0.40096 -0.91610
0.63186 0.38867 0.39912 -0.91690
0.63233 0.38760 0.39729 -0.91769
0.63279 0.38652 0.39546 -0.91848
0.63325 0.38545 0.39364 -0.91927
0.63371 0.38437 0.39182 -0.92004
0.63417 0.38328 0.39000 -0.92082
0.63463 0.38220 0.38819 -0.92158
0.63509 0.38112 0.38638 -0.92234
0.63554 0.38003 0.38457 -0.92310
0.63599 0.37894 0.38277 -0.92385
0.63644 0.37785 0.38097 -0.92459
0.63689 0.37676 0.37917 -0.92533
0.63734 0.37567 0.37738 -0.92606
0.63778 0.37457 0.37559 -0.92678
0.63823 0.37347 0.37381 -0.92751
0.63867 0.37237 0.37203 -0.92822
0.63911 0.37127 0.37025 -0.92893
0.63955 0.37017 0.36848 -0.92964
0.63998 0.36906 0.36671 -0.93033
0.64042 0.36796 0.36495 -0.93103
0.64085 0.36685 0.36319 -0.93172
0.64128 0.36574 0.36143 -0.93240
0.64171 0.36463 0.35968 -0.93308
0.64214 0.36351 0.35793 -0.93375
0.64257 0.36240 0.35618 -0.93442
0.64299 0.36128 0.35444 -0.93508
0.64342 0.36016 0.35270 -0.93574
0.64384 0.35904 0.35097 -0.93639
0.64426 0.35792 0.34924 -0.93703
0.64467 0.35679 0.34751 -0.93767
0.64509 0.35567 0.34579 -0.93831
0.64551 0.35454 0.34408 -0.93894
0.64592 0.35341 0.34236 -0.93957
0.64633 0.35228 0.34065 -0.94019
0.64674 0.35115 0.33895 -0.94081
0.64715 0.35001 0.33725 -0.94142
0.64755 0.34888 0.33555 -0.94202
0.64796 0.34774 0.33385 -0.94262
0.64836 0.34660 0.33217 -0.94322
0.64876 0.34545 0.33048 -0.94381
0.64916 0.34431 0.32880 -0.94440
0.64956 0.34317 0.32712 -0.94498
0.64995 0.34202 0.32545 -0.94556
0.65035 0.34087 0.32378 -0.94613
0.65074 0.33972 0.32212 -0.94670
0.65113 0.33857 0.32046 -0.94726
0.65152 0.33741 0.31880 -0.94782
0.65191 0.33626 0.31715 -0.94838
0.65229 0.33510 0.31550 -0.94893
0.65268 0.33394 0.31385 -0.94947
0.65306 0.33278 0.31221 -0.95001
0.65344 0.33162 0.31058 -0.95055
0.65382 0.33046 0.30895 -0.95108
0.65420 0.32929 0.30732 -0.95161
0.65457 0.32812 0.30569 -0.95213
0.65495 0.32695 0.30407 -0.95265
0.65532 0.32578 0.30246 -0.95316
0.65569 0.32461 0.30085 -0.95367
0.65606 0.32344 0.29924 -0.95418
0.65643 0.32226 0.29764 -0.95468
0.65679 0.32108 0.29604 -0.95518
0.65716 0.31990 0.29444 -0.95567
0.65752 0.31872 0.29285 -0.95616
0.65788 0.31754 0.29127 -0.95664
0.65824 0.31636 0.28968 -0.95712
0.65860 0.31517 0.28811 -0.95760
0.65896 0.31398 0.28653 -0.95807
0.65931 0.31280 0.28496 -0.95854
0.65966 0.31161 0.28339 -0.95900
0.66001 0.31041 0.28183 -0.95946
0.66036 0.30922 0.28028 -0.95992
0.66071 0.30802 0.27872 -0.96037
0.66106 0.30683 0.27717 -0.96082
0.66140 0.30563 0.27563 -0.96127
0.66175 0.30443 0.27408 -0.96171
0.66209 0.30323 0.27255 -0.96214
0.66243 0.30202 0.27101 -0.96258
0.66276 0.30082 0.26948 -0.96300
0.66310 0.29961 0.26796 -0.96343
0.66344 0.29841 0.26644 -0.96385
0.66377 0.29720 0.26492 -0.96427
0.66410 0.29598 0.26341 -0.96468
0.66443 0.29477 0.26190 -0.96510
0.66476 0.29356 0.26039 -0.96550
0.66509 0.29234 0.25889 -0.96591
0.66541 0.29112 0.25739 -0.96631
0.66574 0.28991 0.25590 -0.96670
0.66606 0.28869 0.25441 -0.96710
0.66638 0.28746 0.25293 -0.96749
0.66670 0.28624 0.25144 -0.96787
0.66701 0.28502 0.24997 -0.96825
0.66733 0.28379 0.24849 -0.96863
0.66764 0.28256 0.24702 -0.96901
0.66796 0.28133 0.24556 -0.96938
0.66827 0.28010 0.24410 -0.96975
0.66858 0.27887 0.24264 -0.97012
0.66888 0.27763 0.24119 -0.97048
0.66919 0.27640 0.23974 -0.97084
0.66949 0.27516 0.23829 -0.97119
0.66980 0.27392 0.23685 -0.97155
0.67010 0.27268 0.23541 -0.97190
0.67040 0.27144 0.23398 -0.97224
0.67070 0.27020 0.23254 -0.97259
0.67099 0.26896 0.23112 -0.97293
0.67129 0.26771 0.22969 -0.97326
0.67158 0.26646 0.22828 -0.97360
0.67187 0.26521 0.22686 -0.97393
0.67216 0.26396 0.22545 -0.97426
0.67245 0.26271 0.22404 -0.97458
0.67274 0.26146 0.22264 -0.97490
0.67302 0.26021 0.22124 -0.97522
0.67331 0.25895 0.21984 -0.97554
0.67359 0.25769 0.21845 -0.97585
0.67387 0.25644 0.21706 -0.97616
0.67415 0.25518 0.21567 -0.97647
0.67443 0.25391 0.21429 -0.97677
0.67470 0.25265 0.21291 -0.97707
0.67498 0.25139 0.21154 -0.97737
0.67525 0.25012 0.21017 -0.97767
0.67552 0.24886 0.20880 -0.97796
0.67579 0.24759 0.20743 -0.97825
0.67606 0.24632 0.20607 -0.97854
0.67633 0.24505 0.20472 -0.97882
0.67659 0.24378 0.20336 -0.97910
0.67686 0.24250 0.20202 -0.97938
0.67712 0.24123 0.20067 -0.97966
0.67738 0.23995 0.19933 -0.97993
0.67764 0.23867 0.19799 -0.98020
0.67790 0.23740 0.19665 -0.98047
0.67815 0.23611 0.19532 -0.98074
0.67841 0.23483 0.19399 -0.98100
0.67866 0.23355 0.19267 -0.98126
0.67891 0.23227 0.19134 -0.98152
0.67916 0.23098 0.19003 -0.98178
0.67941 0.22970 0.18871 -0.98203
0.67965 0.22841 0.18740 -0.98228
0.67990 0.22712 0.18609 -0.98253
0.68014 0.22583 0.18479 -0.98278
0.68038 0.22454 0.18349 -0.98302
0.68062 0.22324 0.18219 -0.98326
0.68086 0.22195 0.18089 -0.98350
0.68110 0.22065 0.17960 -0.98374
0.68134 0.21936 0.17831 -0.98397
0.68157 0.21806 0.17703 -0.98421
0.68180 0.21676 0.17574 -0.98444
0.68203 0.21546 0.17447 -0.98466
0.68226 0.21416 0.17319 -0.98489
0.68249 0.21286 0.17192 -0.98511
0.68272 0.21155 0.17065 -0.98533
0.68294 0.21025 0.16938 -0.98555
0.68317 0.20894 0.16812 -0.98577
0.68339 0.20764 0.16686 -0.98598
0.68361 0.20633 0.16560 -0.98619
0.68383 0.20502 0.16435 -0.98640
0.68405 0.20371 0.16310 -0.98661
0.68426 0.20239 0.16185 -0.98682
0.68448 0.20108 0.16061 -0.98702
0.68469 0.19977 0.15936 -0.98722
0.68490 0.19845 0.15812 -0.98742
0.68511 0.19714 0.15689 -0.98762
0.68532 0.19582 0.15566 -0.98781
0.68553 0.19450 0.15443 -0.98800
0.68573 0.19318 0.15320 -0.98820
0.68594 0.19186 0.15197 -0.98838
0.68614 0.19054 0.15075 -0.98857
0.68634 0.18921 0.14953 -0.98876
0.68654 0.18789 0.14832 -0.98894
0.68674 0.18657 0.14711 -0.98912
0.68693 0.18524 0.14590 -0.98930
0.68713 0.18391 0.14469 -0.98948
0.68732 0.18258 0.14348 -0.98965
0.68751 0.18125 0.14228 -0.98983
0.68770 0.17992 0.14108 -0.99000
0.68789 0.17859 0.13989 -0.99017
0.68808 0.17726 0.13869 -0.99034
0.68827 0.17593 0.13750 -0.99050
0.68845 0.17459 0.13631 -0.99067
0.68863 0.17326 0.13513 -0.99083
0.68882 0.17192 0.13394 -0.99099
0.68900 0.17058 0.13276 -0.99115
0.68917 0.16924 0.13158 -0.99130
0.68935 0.16790 0.13041 -0.99146
0.68953 0.16656 0.12924 -0.99161
0.68970 0.16522 0.12807 -0.99177
0.68987 0.16388 0.12690 -0.99192
0.69004 0.16254 0.12573 -0.99206
0.69021 0.16119 0.12457 -0.99221
0.69038 0.15985 0.12341 -0.99236
0.69055 0.15850 0.12225 -0.99250
0.69071 0.15716 0.12109 -0.99264
0.69088 0.15581 0.11994 -0.99278
0.69104 0.15446 0.11879 -0.99292
0.69120 0.15311 0.11764 -0.99306
0.69136 0.15176 0.11649 -0.99319
0.69152 0.15041 0.11535 -0.99333
0.69167 0.14906 0.11420 -0.99346
0.69183 0.14770 0.11306 -0.99359
0.69198 0.14635 0.11193 -0.99372
0.69213 0.14499 0.11079 -0.99384
0.69228 0.14364 0.10966 -0.99397
0.69243 0.14228 0.10853 -0.99409
0.69258 0.14093 0.10740 -0.99422
0.69273 0.13957 0.10627 -0.99434
0.69287 0.13821 0.10515 -0.99446
0.69301 0.13685 0.10402 -0.99457
0.69315 0.13549 0.10290 -0.99469
0.69329 0.13413 0.10178 -0.99481
0.69343 0.13276 0.10067 -0.99492
0.69357 0.13140 0.09955 -0.99503
0.69371 0.13004 0.09844 -0.99514
0.69384 0.12867 0.09733 -0.99525
0.69397 0.12731 0.09622 -0.99536
0.69410 0.12594 0.09511 -0.99547
0.69423 0.12458 0.09401 -0.99557
0.69436 0.12321 0.09290 -0.99568
0.69449 0.12184 0.09180 -0.99578
0.69461 0.12047 0.09070 -0.99588
0.69474 0.11910 0.08961 -0.99598
0.69486 0.11773 0.08851 -0.99608
0.69498 0.11636 0.08741 -0.99617
0.69510 0.11499 0.08632 -0.99627
0.69522 0.11362 0.08523 -0.99636
0.69534 0.11225 0.08414 -0.99645
0.69545 0.11087 0.08306 -0.99654
0.69557 0.10950 0.08197 -0.99663
0.69568 0.10812 0.08089 -0.99672
0.69579 0.10675 0.07980 -0.99681
0.69590 0.10537 0.07872 -0.99690
0.69601 0.10400 0.07764 -0.99698
0.69611 0.10262 0.07657 -0.99706
0.69622 0.10124 0.07549 -0.99715
0.69632 0.09986 0.07441 -0.99723
0.69642 0.09848 0.07334 -0.99731
0.69652 0.09710 0.07227 -0.99739
0.69662 0.09572 0.07120 -0.99746
0.69672 0.09434 0.07013 -0.99754
0.69682 0.09296 0.06906 -0.99761
0.69691 0.09158 0.06800 -0.99769
0.69701 0.09020 0.06693 -0.99776
0.69710 0.08881 0.06587 -0.99783
0.69719 0.08743 0.06481 -0.99790
0.69728 0.08605 0.06375 -0.99797
0.69737 0.08466 0.06269 -0.99803
0.69745 0.08328 0.06163 -0.99810
0.69754 0.08189 0.06057 -0.99816
0.69762 0.08051 0.05952 -0.99823
0.69770 0.07912 0.05846 -0.99829
0.69778 0.07773 0.05741 -0.99835
0.69786 0.07634 0.05636 -0.99841
0.69794 0.07496 0.05531 -0.99847
0.69801 0.07357 0.05426 -0.99853
0.69809 0.07218 0.05321 -0.99858
0.69816 0.07079 0.05216 -0.99864
0.69823 0.06940 0.05112 -0.99869
0.69831 0.06801 0.05007 -0.99875
0.69837 0.06662 0.04903 -0.99880
0.69844 0.06523 0.04798 -0.99885
0.69851 0.06384 0.04694 -0.99890
0.69857 0.06245 0.04590 -0.99895
0.69864 0.06106 0.04486 -0.99899
0.69870 0.05966 0.04382 -0.99904
0.69876 0.05827 0.04278 -0.99908
0.69882 0.05688 0.04174 -0.99913
0.69887 0.05548 0.04071 -0.99917
0.69893 0.05409 0.03967 -0.99921
0.69898 0.05270 0.03864 -0.99925
0.69904 0.05130 0.03760 -0.99929
0.69909 0.04991 0.03657 -0.99933
0.69914 0.04851 0.03553 -0.99937
0.69919 0.04712 0.03450 -0.99940
0.69924 0.04572 0.03347 -0.99944
0.69928 0.04433 0.03244 -0.99947
0.69933 0.04293 0.03141 -0.99951
0.69937 0.04154 0.03038 -0.99954
0.69941 0.04014 0.02935 -0.99957
0.69945 0.03874 0.02832 -0.99960
0.69949 0.03735 0.02729 -0.99963
0.69953 0.03595 0.02627 -0.99965
0.69956 0.03455 0.02524 -0.99968
0.69960 0.03315 0.02421 -0.99971
0.69963 0.03176 0.02319 -0.99973
0.69966 0.03036 0.02216 -0.99975
0.69969 0.02896 0.02114 -0.99978
0.69972 0.02756 0.02011 -0.99980
0.69975 0.02616 0.01909 -0.99982
0.69978 0.02476 0.01807 -0.99984
0.69980 0.02337 0.01704 -0.99985
0.69982 0.02197 0.01602 -0.99987
0.69985 0.02057 0.01500 -0.99989
0.69987 0.01917 0.01398 -0.99990
0.69988 0.01777 0.01296 -0.99992
0.69990 0.01637 0.01193 -0.99993
0.69992 0.01497 0.01091 -0.99994
0.69993 0.01357 0.00989 -0.99995
0.69995 0.01217 0.00887 -0.99996
0.69996 0.01077 0.00785 -0.99997
0.69997 0.00937 0.00683 -0.99998
0.69998 0.00797 0.00581 -0.99998
0.69998 0.00657 0.00479 -0.99999
0.69999 0.00517 0.00377 -0.99999
0.69999 0.00377 0.00275 -1.00000
0.70000 0.00237 0.00173 -1.00000
0.70000 0.00097 0.00071 -1.00000
0.70000 -0.00043 -0.00031 -1.00000
