-0.60000 0.00000 0.00000 1.00000
-0.60000 0.00120 0.00128 1.00000
-0.60000 0.00240 0.00256 1.00000
-0.59999 0.00360 0.00384 0.99999
-0.59999 0.00480 0.00512 0.99999
-0.59998 0.00600 0.00640 0.99998
-0.59997 0.00720 0.00768 0.99997
-0.59996 0.00840 0.00896 0.99996
-0.59995 0.00960 0.01024 0.99995
-0.59994 0.01080 0.01152 0.99993
-0.59992 0.01200 0.01280 0.99992
-0.59991 0.01320 0.01408 0.99990
-0.59989 0.01440 0.01537 0.99988
-0.59987 0.01560 0.01665 0.99986
-0.59985 0.01680 0.01793 0.99984
-0.59983 0.01800 0.01921 0.99982
-0.59980 0.01920 0.02049 0.99979
-0.59978 0.02039 0.02178 0.99976
-0.59975 0.02159 0.02306 0.99973
-0.59972 0.02279 0.02434 0.99970
-0.59969 0.02399 0.02562 0.99967
-0.59966 0.02519 0.02691 0.99964
-0.59963 0.02639 0.02819 0.99960
-0.59959 0.02759 0.02948 0.99957
-0.59956 0.02878 0.03076 0.99953
-0.59952 0.02998 0.03205 0.99949
-0.59948 0.03118 0.03333 0.99944
-0.59944 0.03238 0.03462 0.99940
-0.59940 0.03358 0.03591 0.99936
-0.59935 0.03477 0.03720 0.99931
-0.59931 0.03597 0.03848 0.99926
-0.59926 0.03717 0.03977 0.99921
-0.59921 0.03836 0.04106 0.99916
-0.59916 0.03956 0.04235 0.99910
-0.59911 0.04076 0.04364 0.99905
-0.59906 0.04195 0.04493 0.99899
-0.59900 0.04315 0.04623 0.99893
-0.59895 0.04434 0.04752 0.99887
-0.59889 0.04554 0.04881 0.99881
-0.59883 0.04674 0.05010 0.99874
-0.59877 0.04793 0.05140 0.99868
-0.59871 0.04913 0.05269 0.99861
-0.59864 0.05032 0.05399 0.99854
-0.59858 0.05151 0.05529 0.99847
-0.59851 0.05271 0.05658 0.99840
-0.59844 0.05390 0.05788 0.99832
-0.59837 0.05509 0.05918 0.99825
-0.59830 0.05629 0.06048 0.99817
-0.59823 0.05748 0.06178 0.99809
-0.59815 0.05867 0.06309 0.99801
-0.59808 0.05986 0.06439 0.99792
-0.59800 0.06106 0.06569 0.99784
-0.59792 0.06225 0.06700 0.99775
-0.59784 0.06344 0.06830 0.99766
-0.59776 0.06463 0.06961 0.99757
-0.59767 0.06582 0.07092 0.99748
-0.59759 0.06701 0.07222 0.99739
-0.59750 0.06820 0.07353 0.99729
-0.59741 0.06939 0.07485 0.99720
-0.59732 0.07058 0.07616 0.99710
-0.59723 0.07177 0.07747 0.99699
-0.59714 0.07295 0.07878 0.99689
-0.59704 0.07414 0.08010 0.99679
-0.59695 0.07533 0.08141 0.99668
-0.59685 0.07652 0.08273 0.99657
-0.59675 0.07770 0.08405 0.99646
-0.59665 0.07889 0.08537 0.99635
-0.59655 0.08007 0.08669 0.99624
-0.59644 0.08126 0.08801 0.99612
-0.59634 0.08244 0.08934 0.99600
-0.59623 0.08363 0.09066 0.99588
-0.59612 0.08481 0.09199 0.99576
-0.59601 0.08600 0.09331 0.99564
-0.59590 0.08718 0.09464 0.99551
-0.59579 0.08836 0.09597 0.99538
-0.59567 0.08954 0.09730 0.99525
-0.59556 0.09072 0.09864 0.99512
-0.59544 0.09191 0.09997 0.99499
-0.59532 0.09309 0.10131 0.99486
-0.59520 0.09427 0.10264 0.99472
-0.59508 0.09545 0.10398 0.99458
-0.59495 0.09663 0.10532 0.99444
-0.59483 0.09780 0.10666 0.99430
-0.59470 0.09898 0.10800 0.99415
-0.59457 0.10016 0.10935 0.99400
-0.59444 0.10134 0.11069 0.99385
-0.59431 0.10251 0.11204 0.99370
-0.59418 0.10369 0.11339 0.99355
-0.59404 0.10486 0.11474 0.99340
-0.59390 0.10604 0.11609 0.99324
-0.59377 0.10721 0.11745 0.99308
-0.59363 0.10839 0.11880 0.99292
-0.59349 0.10956 0.12016 0.99275
-0.59334 0.11073 0.12152 0.99259
-0.59320 0.11190 0.12288 0.99242
-0.59305 0.11307 0.12424 0.99225
-0.59290 0.11425 0.12560 0.99208
-0.59276 0.11542 0.12697 0.99191
-0.59261 0.11658 0.12833 0.99173
-0.59245 0.11775 0.12970 0.99155
-0.59230 0.11892 0.13107 0.99137
-0.59214 0.12009 0.13244 0.99119
-0.59199 0.12126 0.13382 0.99101
-0.59183 0.12242 0.13519 0.99082
-0.59167 0.12359 0.13657 0.99063
-0.59151 0.12475 0.13795 0.99044
-0.59135 0.12592 0.13933 0.99025
-0.59118 0.12708 0.14071 0.99005
-0.59101 0.12824 0.14210 0.98985
-0.59085 0.12941 0.14349 0.98965
-0.59068 0.13057 0.14488 0.98945
-0.59051 0.13173 0.14627 0.98925
-0.59033 0.13289 0.14766 0.98904
-0.59016 0.13405 0.14905 0.98883
-0.58999 0.13521 0.15045 0.98862
-0.58981 0.13636 0.15185 0.98840
-0.58963 0.13752 0.15325 0.98819
-0.58945 0.13868 0.15465 0.98797
-0.58927 0.13983 0.15606 0.98775
-0.58908 0.14099 0.15746 0.98752
-0.58890 0.14214 0.15887 0.98730
-0.58871 0.14330 0.16028 0.98707
-0.58852 0.14445 0.16170 0.98684
-0.58833 0.14560 0.16311 0.98661
-0.58814 0.14675 0.16453 0.98637
-0.58795 0.14790 0.16595 0.98613
-0.58776 0.14905 0.16737 0.98589
-0.58756 0.15020 0.16879 0.98565
-0.58736 0.15135 0.17022 0.98541
-0.58716 0.15250 0.17165 0.98516
-0.58696 0.15365 0.17308 0.98491
-0.58676 0.15479 0.17451 0.98466
-0.58656 0.15594 0.17594 0.98440
-0.58635 0.15708 0.17738 0.98414
-0.58615 0.15822 0.17882 0.98388
-0.58594 0.15937 0.18026 0.98362
-0.58573 0.16051 0.18170 0.98335
-0.58551 0.16165 0.18315 0.98309
-0.58530 0.16279 0.18460 0.98281
-0.58509 0.16393 0.18605 0.98254
-0.58487 0.16507 0.18750 0.98226
-0.58465 0.16620 0.18896 0.98199
-0.58443 0.16734 0.19041 0.98170
-0.58421 0.16848 0.19187 0.98142
-0.58399 0.16961 0.19334 0.98113
-0.58376 0.17075 0.19480 0.98084
-0.58354 0.17188 0.19627 0.98055
-0.58331 0.17301 0.19774 0.98026
-0.58308 0.17414 0.19921 0.97996
-0.58285 0.17527 0.20068 0.97966
-0.58262 0.17640 0.20216 0.97935
-0.58239 0.17753 0.20364 0.97905
-0.58215 0.17866 0.20512 0.97874
-0.58191 0.17978 0.20660 0.97842
-0.58167 0.18091 0.20809 0.97811
-0.58143 0.18203 0.20958 0.97779
-0.58119 0.18316 0.21107 0.97747
-0.58095 0.18428 0.21257 0.97715
-0.58070 0.18540 0.21406 0.97682
-0.58046 0.18652 0.21556 0.97649
-0.58021 0.18764 0.21706 0.97616
-0.57996 0.18876 0.21857 0.97582
-0.57971 0.18988 0.22007 0.97548
-0.57946 0.19100 0.22158 0.97514
-0.57920 0.19211 0.22310 0.97480
-0.57894 0.19323 0.22461 0.97445
-0.57869 0.19434 0.22613 0.97410
-0.57843 0.19546 0.22765 0.97374
-0.57817 0.19657 0.22917 0.97339
-0.57790 0.19768 0.23069 0.97303
-0.57764 0.19879 0.23222 0.97266
-0.57737 0.19990 0.23375 0.97230
-0.57711 0.20101 0.23528 0.97193
-0.57684 0.20212 0.23682 0.97155
-0.57657 0.20322 0.23836 0.97118
-0.57630 0.20433 0.23990 0.97080
-0.57602 0.20543 0.24144 0.97042
-0.57575 0.20653 0.24299 0.97003
-0.57547 0.20763 0.24454 0.96964
-0.57519 0.20874 0.24609 0.96925
-0.57491 0.20984 0.24764 0.96885
-0.57463 0.21093 0.24920 0.96845
-0.57435 0.21203 0.25076 0.96805
-0.57406 0.21313 0.25232 0.96764
-0.57377 0.21422 0.25389 0.96723
-0.57349 0.21532 0.25546 0.96682
-0.57320 0.21641 0.25703 0.96640
-0.57290 0.21750 0.25860 0.96598
-0.57261 0.21859 0.26018 0.96556
-0.57232 0.21968 0.26175 0.96513
-0.57202 0.22077 0.26334 0.96470
-0.57172 0.22186 0.26492 0.96427
-0.57142 0.22295 0.26651 0.96383
-0.57112 0.22403 0.26810 0.96339
-0.57082 0.22512 0.26969 0.96295
-0.57052 0.22620 0.27129 0.96250
-0.57021 0.22728 0.27288 0.96205
-0.56990 0.22836 0.27448 0.96159
-0.56959 0.22944 0.27609 0.96113
-0.56928 0.23052 0.27769 0.96067
-0.56897 0.23160 0.27930 0.96020
-0.56866 0.23268 0.28092 0.95973
-0.56834 0.23375 0.28253 0.95926
-0.56802 0.23482 0.28415 0.95878
-0.56770 0.23590 0.28577 0.95830
-0.56738 0.23697 0.28739 0.95781
-0.56706 0.23804 0.28902 0.95732
-0.56674 0.23911 0.29065 0.95683
-0.56641 0.24018 0.29228 0.95633
-0.56608 0.24124 0.29391 0.95583
-0.56576 0.24231 0.29555 0.95533
-0.56543 0.24337 0.29719 0.95482
-0.56509 0.24444 0.29883 0.95431
-0.56476 0.24550 0.30048 0.95379
-0.56442 0.24656 0.30213 0.95327
-0.56409 0.24762 0.30378 0.95274
-0.56375 0.24868 0.30543 0.95221
-0.56341 0.24974 0.30709 0.95168
-0.56307 0.25079 0.30875 0.95114
-0.56272 0.25185 0.31041 0.95060
-0.56238 0.25290 0.31207 0.95006
-0.56203 0.25395 0.31374 0.94951
-0.56168 0.25500 0.31541 0.94895
-0.56133 0.25605 0.31709 0.94840
-0.56098 0.25710 0.31876 0.94783
-0.56063 0.25815 0.32044 0.94727
-0.56027 0.25919 0.32212 0.94670
-0.55992 0.26024 0.32381 0.94612
-0.55956 0.26128 0.32549 0.94554
-0.55920 0.26232 0.32718 0.94496
-0.55884 0.26336 0.32888 0.94437
-0.55848 0.26440 0.33057 0.94378
-0.55811 0.26544 0.33227 0.94318
-0.55774 0.26648 0.33397 0.94258
-0.55738 0.26751 0.33567 0.94198
-0.55701 0.26855 0.33738 0.94137
-0.55664 0.26958 0.33909 0.94075
-0.55626 0.27061 0.34080 0.94014
-0.55589 0.27164 0.34251 0.93951
-0.55551 0.27267 0.34423 0.93889
-0.55513 0.27370 0.34595 0.93825
-0.55475 0.27473 0.34767 0.93762
-0.55437 0.27575 0.34940 0.93697
-0.55399 0.27678 0.35112 0.93633
-0.55361 0.27780 0.35285 0.93568
-0.55322 0.27882 0.35459 0.93502
-0.55283 0.27984 0.35632 0.93436
-0.55244 0.28086 0.35806 0.93370
-0.55205 0.28188 0.35980 0.93303
-0.55166 0.28289 0.36154 0.93236
-0.55126 0.28391 0.36329 0.93168
-0.55087 0.28492 0.36504 0.93099
-0.55047 0.28593 0.36679 0.93030
-0.55007 0.28694 0.36854 0.92961
-0.54967 0.28795 0.37030 0.92891
-0.54927 0.28896 0.37205 0.92821
-0.54886 0.28996 0.37382 0.92750
-0.54846 0.29097 0.37558 0.92679
-0.54805 0.29197 0.37734 0.92607
-0.54764 0.29297 0.37911 0.92535
-0.54723 0.29397 0.38088 0.92462
-0.54682 0.29497 0.38266 0.92389
-0.54640 0.29597 0.38443 0.92315
-0.54599 0.29697 0.38621 0.92241
-0.54557 0.29796 0.38799 0.92166
-0.54515 0.29896 0.38977 0.92091
-0.54473 0.29995 0.39156 0.92015
-0.54430 0.30094 0.39334 0.91939
-0.54388 0.30193 0.39513 0.91862
-0.54345 0.30292 0.39692 0.91785
-0.54303 0.30390 0.39872 0.91707
-0.54260 0.30489 0.40051 0.91629
-0.54217 0.30587 0.40231 0.91550
-0.54173 0.30685 0.40411 0.91471
-0.54130 0.30783 0.40592 0.91391
-0.54086 0.30881 0.40772 0.91311
-0.54042 0.30979 0.40953 0.91230
-0.53999 0.31077 0.41134 0.91148
-0.53954 0.31174 0.41315 0.91066
-0.53910 0.31272 0.41496 0.90984
-0.53866 0.31369 0.41678 0.90901
-0.53821 0.31466 0.41860 0.90817
-0.53776 0.31563 0.42041 0.90733
-0.53731 0.31659 0.42224 0.90649
-0.53686 0.31756 0.42406 0.90563
-0.53641 0.31853 0.42589 0.90478
-0.53595 0.31949 0.42771 0.90391
-0.53550 0.32045 0.42954 0.90305
-0.53504 0.32141 0.43137 0.90217
-0.53458 0.32237 0.43321 0.90129
-0.53412 0.32333 0.43504 0.90041
-0.53366 0.32428 0.43688 0.89952
-0.53319 0.32524 0.43872 0.89862
-0.53273 0.32619 0.44056 0.89772
-0.53226 0.32714 0.44240 0.89682
-0.53179 0.32809 0.44424 0.89591
-0.53132 0.32904 0.44609 0.89499
-0.53084 0.32999 0.44794 0.89407
-0.53037 0.33093 0.44979 0.89314
-0.52989 0.33188 0.45164 0.89220
-0.52941 0.33282 0.45349 0.89126
-0.52893 0.33376 0.45534 0.89032
-0.52845 0.33470 0.45720 0.88937
-0.52797 0.33564 0.45905 0.88841
-0.52748 0.33657 0.46091 0.88745
-0.52700 0.33751 0.46277 0.88648
-0.52651 0.33844 0.46463 0.88550
-0.52602 0.33937 0.46649 0.88452
-0.52553 0.34030 0.46836 0.88354
-0.52503 0.34123 0.47022 0.88255
-0.52454 0.34216 0.47209 0.88155
-0.52404 0.34308 0.47396 0.88055
-0.52354 0.34401 0.47583 0.87954
-0.52304 0.34493 0.47770 0.87853
-0.52254 0.34585 0.47957 0.87751
-0.52204 0.34677 0.48144 0.87648
-0.52153 0.34769 0.48331 0.87545
-0.52102 0.34860 0.48519 0.87441
-0.52051 0.34952 0.48706 0.87337
-0.52000 0.35043 0.48894 0.87232
-0.51949 0.35134 0.49082 0.87126
-0.51898 0.35225 0.49269 0.87020
-0.51846 0.35316 0.49457 0.86914
-0.51795 0.35407 0.49645 0.86806
-0.51743 0.35497 0.49833 0.86699
-0.51691 0.35588 0.50021 0.86590
-0.51638 0.35678 0.50210 0.86481
-0.51586 0.35768 0.50398 0.86372
-0.51533 0.35858 0.50586 0.86261
-0.51481 0.35947 0.50775 0.86151
-0.51428 0.36037 0.50963 0.86039
-0.51375 0.36126 0.51152 0.85927
-0.51321 0.36216 0.51340 0.85815
-0.51268 0.36305 0.51529 0.85702
-0.51214 0.36394 0.51718 0.85588
-0.51160 0.36483 0.51907 0.85473
-0.51106 0.36571 0.52095 0.85359
-0.51052 0.36660 0.52284 0.85243
-0.50998 0.36748 0.52473 0.85127
-0.50944 0.36836 0.52662 0.85010
-0.50889 0.36924 0.52851 0.84893
-0.50834 0.37012 0.53040 0.84775
-0.50779 0.37100 0.53228 0.84657
-0.50724 0.37187 0.53417 0.84537
-0.50669 0.37274 0.53606 0.84418
-0.50613 0.37362 0.53795 0.84298
-0.50558 0.37449 0.53984 0.84177
-0.50502 0.37535 0.54173 0.84055
-0.50446 0.37622 0.54362 0.83933
-0.50390 0.37709 0.54551 0.83811
-0.50333 0.37795 0.54740 0.83687
-0.50277 0.37881 0.54929 0.83563
-0.50220 0.37967 0.55117 0.83439
-0.50163 0.38053 0.55306 0.83314
-0.50106 0.38139 0.55495 0.83188
-0.50049 0.38224 0.55684 0.83062
-0.49991 0.38310 0.55872 0.82935
-0.49934 0.38395 0.56061 0.82808
-0.49876 0.38480 0.56249 0.82680
-0.49818 0.38565 0.56438 0.82552
-0.49760 0.38650 0.56626 0.82422
-0.49702 0.38734 0.56815 0.82293
-0.49644 0.38819 0.57003 0.82162
-0.49585 0.38903 0.57191 0.82031
-0.49526 0.38987 0.57379 0.81900
-0.49467 0.39071 0.57568 0.81768
-0.49408 0.39155 0.57755 0.81635
-0.49349 0.39238 0.57943 0.81502
-0.49289 0.39322 0.58131 0.81368
-0.49230 0.39405 0.58319 0.81234
-0.49170 0.39488 0.58506 0.81099
-0.49110 0.39571 0.58694 0.80963
-0.49050 0.39654 0.58881 0.80827
-0.48990 0.39736 0.59068 0.80690
-0.48929 0.39819 0.59256 0.80553
-0.48868 0.39901 0.59443 0.80415
-0.48808 0.39983 0.59629 0.80277
-0.48747 0.40065 0.59816 0.80138
-0.48685 0.40147 0.60003 0.79998
-0.48624 0.40228 0.60189 0.79858
-0.48563 0.40310 0.60375 0.79717
-0.48501 0.40391 0.60561 0.79576
-0.48439 0.40472 0.60747 0.79434
-0.48377 0.40553 0.60933 0.79292
-0.48315 0.40634 0.61119 0.79149
-0.48252 0.40714 0.61304 0.79005
-0.48190 0.40795 0.61489 0.78861
-0.48127 0.40875 0.61674 0.78716
-0.48064 0.40955 0.61859 0.78571
-0.48001 0.41035 0.62044 0.78425
-0.47938 0.41115 0.62229 0.78279
-0.47874 0.41194 0.62413 0.78132
-0.47811 0.41274 0.62597 0.77985
-0.47747 0.41353 0.62781 0.77837
-0.47683 0.41432 0.62964 0.77688
-0.47619 0.41511 0.63148 0.77539
-0.47555 0.41590 0.63331 0.77390
-0.47490 0.41668 0.63514 0.77240
-0.47426 0.41747 0.63697 0.77089
-0.47361 0.41825 0.63879 0.76938
-0.47296 0.41903 0.64062 0.76786
-0.47231 0.41981 0.64244 0.76634
-0.47165 0.42059 0.64425 0.76481
-0.47100 0.42136 0.64607 0.76328
-0.47034 0.42214 0.64788 0.76174
-0.46968 0.42291 0.64969 0.76020
-0.46902 0.42368 0.65150 0.75865
-0.46836 0.42445 0.65330 0.75710
-0.46770 0.42522 0.65510 0.75554
-0.46703 0.42598 0.65690 0.75398
-0.46637 0.42674 0.65870 0.75241
-0.46570 0.42751 0.66049 0.75083
-0.46503 0.42827 0.66228 0.74926
-0.46435 0.42903 0.66407 0.74767
-0.46368 0.42978 0.66585 0.74608
-0.46301 0.43054 0.66763 0.74449
-0.46233 0.43129 0.66941 0.74289
-0.46165 0.43204 0.67118 0.74129
-0.46097 0.43279 0.67296 0.73968
-0.46029 0.43354 0.67472 0.73807
-0.45960 0.43429 0.67649 0.73645
-0.45892 0.43503 0.67825 0.73483
-0.45823 0.43578 0.68001 0.73321
-0.45754 0.43652 0.68176 0.73158
-0.45685 0.43726 0.68351 0.72994
-0.45615 0.43800 0.68526 0.72830
-0.45546 0.43873 0.68700 0.72665
-0.45476 0.43947 0.68874 0.72501
-0.45407 0.44020 0.69048 0.72335
-0.45337 0.44093 0.69221 0.72169
-0.45266 0.44166 0.69394 0.72003
-0.45196 0.44239 0.69567 0.71836
-0.45126 0.44312 0.69739 0.71669
-0.45055 0.44384 0.69911 0.71502
-0.44984 0.44456 0.70082 0.71334
-0.44913 0.44528 0.70253 0.71165
-0.44842 0.44600 0.70424 0.70997
-0.44771 0.44672 0.70594 0.70827
-0.44699 0.44744 0.70764 0.70658
-0.44627 0.44815 0.70933 0.70488
-0.44555 0.44886 0.71102 0.70317
-0.44483 0.44957 0.71270 0.70146
-0.44411 0.45028 0.71439 0.69975
-0.44339 0.45099 0.71606 0.69804
-0.44266 0.45170 0.71774 0.69632
-0.44194 0.45240 0.71940 0.69459
-0.44121 0.45310 0.72107 0.69286
-0.44048 0.45380 0.72273 0.69113
-0.43974 0.45450 0.72438 0.68940
-0.43901 0.45520 0.72603 0.68766
-0.43827 0.45589 0.72768 0.68592
-0.43754 0.45659 0.72932 0.68417
-0.43680 0.45728 0.73096 0.68242
-0.43606 0.45797 0.73259 0.68067
-0.43531 0.45866 0.73422 0.67891
-0.43457 0.45934 0.73584 0.67715
-0.43382 0.46003 0.73746 0.67539
-0.43308 0.46071 0.73908 0.67362
-0.43233 0.46139 0.74069 0.67185
-0.43158 0.46207 0.74229 0.67008
-0.43082 0.46275 0.74389 0.66830
-0.43007 0.46343 0.74548 0.66652
-0.42931 0.46410 0.74707 0.66474
-0.42855 0.46477 0.74866 0.66295
-0.42779 0.46545 0.75024 0.66117
-0.42703 0.46611 0.75182 0.65937
-0.42627 0.46678 0.75339 0.65758
-0.42550 0.46745 0.75495 0.65578
-0.42474 0.46811 0.75651 0.65398
-0.42397 0.46877 0.75807 0.65218
-0.42320 0.46944 0.75962 0.65037
-0.42243 0.47009 0.76116 0.64856
-0.42166 0.47075 0.76270 0.64675
-0.42088 0.47141 0.76424 0.64494
-0.42010 0.47206 0.76576 0.64312
-0.41933 0.47271 0.76729 0.64130
-0.41855 0.47336 0.76881 0.63948
-0.41776 0.47401 0.77032 0.63766
-0.41698 0.47466 0.77183 0.63583
-0.41619 0.47530 0.77333 0.63400
-0.41541 0.47595 0.77483 0.63217
-0.41462 0.47659 0.77632 0.63034
-0.41383 0.47723 0.77781 0.62850
-0.41304 0.47787 0.77929 0.62666
-0.41224 0.47850 0.78077 0.62482
-0.41145 0.47914 0.78224 0.62298
-0.41065 0.47977 0.78370 0.62114
-0.40985 0.48040 0.78516 0.61929
-0.40905 0.48103 0.78662 0.61744
-0.40825 0.48166 0.78807 0.61559
-0.40745 0.48229 0.78951 0.61374
-0.40664 0.48291 0.79095 0.61189
-0.40584 0.48353 0.79238 0.61003
-0.40503 0.48416 0.79380 0.60817
-0.40422 0.48478 0.79522 0.60632
-0.40340 0.48539 0.79664 0.60445
-0.40259 0.48601 0.79805 0.60259
-0.40178 0.48662 0.79945 0.60073
-0.40096 0.48724 0.80085 0.59886
-0.40014 0.48785 0.80224 0.59700
-0.39932 0.48845 0.80363 0.59513
-0.39850 0.48906 0.80501 0.59326
-0.39767 0.48967 0.80639 0.59139
-0.39685 0.49027 0.80776 0.58952
-0.39602 0.49087 0.80912 0.58765
-0.39519 0.49147 0.81048 0.58577
-0.39436 0.49207 0.81183 0.58390
-0.39353 0.49267 0.81318 0.58202
-0.39270 0.49326 0.81452 0.58014
-0.39186 0.49386 0.81585 0.57826
-0.39103 0.49445 0.81718 0.57638
-0.39019 0.49504 0.81850 0.57450
-0.38935 0.49563 0.81982 0.57262
-0.38850 0.49621 0.82113 0.57074
-0.38766 0.49680 0.82244 0.56886
-0.38682 0.49738 0.82374 0.56697
-0.38597 0.49796 0.82503 0.56509
-0.38512 0.49854 0.82632 0.56321
-0.38427 0.49912 0.82760 0.56132
-0.38342 0.49970 0.82887 0.55943
-0.38257 0.50027 0.83015 0.55755
-0.38171 0.50084 0.83141 0.55566
-0.38085 0.50142 0.83267 0.55377
-0.38000 0.50199 0.83392 0.55189
-0.37914 0.50255 0.83517 0.55000
-0.37828 0.50312 0.83641 0.54811
-0.37741 0.50368 0.83764 0.54622
-0.37655 0.50425 0.83887 0.54433
-0.37568 0.50481 0.84009 0.54244
-0.37481 0.50537 0.84131 0.54055
-0.37394 0.50592 0.84252 0.53866
-0.37307 0.50648 0.84373 0.53678
-0.37220 0.50703 0.84492 0.53489
-0.37133 0.50758 0.84612 0.53300
-0.37045 0.50813 0.84730 0.53111
-0.36957 0.50868 0.84849 0.52922
-0.36869 0.50923 0.84966 0.52733
-0.36781 0.50978 0.85083 0.52544
-0.36693 0.51032 0.85199 0.52355
-0.36605 0.51086 0.85315 0.52166
-0.36516 0.51140 0.85430 0.51978
-0.36427 0.51194 0.85545 0.51789
-0.36338 0.51248 0.85659 0.51600
-0.36249 0.51301 0.85772 0.51412
-0.36160 0.51354 0.85885 0.51223
-0.36071 0.51408 0.85997 0.51034
-0.35981 0.51461 0.86109 0.50846
-0.35892 0.51513 0.86220 0.50657
-0.35802 0.51566 0.86330 0.50469
-0.35712 0.51619 0.86440 0.50281
-0.35622 0.51671 0.86549 0.50092
-0.35531 0.51723 0.86658 0.49904
-0.35441 0.51775 0.86766 0.49716
-0.35350 0.51827 0.86873 0.49528
-0.35259 0.51878 0.86980 0.49340
-0.35168 0.51930 0.87086 0.49152
-0.35077 0.51981 0.87192 0.48965
-0.34986 0.52032 0.87297 0.48777
-0.34895 0.52083 0.87402 0.48589
-0.34803 0.52134 0.87506 0.48402
-0.34711 0.52185 0.87609 0.48214
-0.34620 0.52235 0.87712 0.48027
-0.34528 0.52285 0.87814 0.47840
-0.34435 0.52335 0.87916 0.47653
-0.34343 0.52385 0.88017 0.47466
-0.34251 0.52435 0.88117 0.47279
-0.34158 0.52485 0.88217 0.47093
-0.34065 0.52534 0.88317 0.46906
-0.33972 0.52583 0.88415 0.46720
-0.33879 0.52632 0.88514 0.46533
-0.33786 0.52681 0.88611 0.46347
-0.33692 0.52730 0.88708 0.46161
-0.33599 0.52779 0.88805 0.45975
-0.33505 0.52827 0.88901 0.45790
-0.33411 0.52875 0.88996 0.45604
-0.33317 0.52923 0.89091 0.45419
-0.33223 0.52971 0.89185 0.45233
-0.33129 0.53019 0.89278 0.45048
-0.33034 0.53066 0.89372 0.44863
-0.32940 0.53114 0.89464 0.44679
-0.32845 0.53161 0.89556 0.44494
-0.32750 0.53208 0.89647 0.44310
-0.32655 0.53255 0.89738 0.44125
-0.32560 0.53302 0.89829 0.43941
-0.32464 0.53348 0.89918 0.43757
-0.32369 0.53394 0.90008 0.43573
-0.32273 0.53441 0.90096 0.43390
-0.32177 0.53487 0.90184 0.43206
-0.32081 0.53533 0.90272 0.43023
-0.31985 0.53578 0.90359 0.42840
-0.31889 0.53624 0.90445 0.42657
-0.31792 0.53669 0.90531 0.42475
-0.31696 0.53714 0.90617 0.42292
-0.31599 0.53759 0.90701 0.42110
-0.31502 0.53804 0.90786 0.41928
-0.31405 0.53849 0.90869 0.41746
-0.31308 0.53893 0.90953 0.41565
-0.31211 0.53938 0.91035 0.41383
-0.31113 0.53982 0.91118 0.41202
-0.31016 0.54026 0.91199 0.41021
-0.30918 0.54070 0.91280 0.40840
-0.30820 0.54113 0.91361 0.40660
-0.30722 0.54157 0.91441 0.40479
-0.30624 0.54200 0.91520 0.40299
-0.30526 0.54243 0.91599 0.40119
-0.30427 0.54286 0.91678 0.39939
-0.30329 0.54329 0.91756 0.39760
-0.30230 0.54372 0.91833 0.39581
-0.30131 0.54414 0.91910 0.39402
-0.30032 0.54457 0.91987 0.39223
-0.29933 0.54499 0.92063 0.39044
-0.29834 0.54541 0.92138 0.38866
-0.29734 0.54583 0.92213 0.38688
-0.29635 0.54624 0.92287 0.38510
-0.29535 0.54666 0.92361 0.38332
-0.29435 0.54707 0.92435 0.38155
-0.29335 0.54748 0.92508 0.37978
-0.29235 0.54789 0.92580 0.37801
-0.29135 0.54830 0.92652 0.37624
-0.29034 0.54871 0.92724 0.37448
-0.28934 0.54911 0.92794 0.37272
-0.28833 0.54952 0.92865 0.37096
-0.28732 0.54992 0.92935 0.36920
-0.28631 0.55032 0.93004 0.36745
-0.28530 0.55072 0.93073 0.36570
-0.28429 0.55112 0.93142 0.36395
-0.28327 0.55151 0.93210 0.36220
-0.28226 0.55190 0.93278 0.36046
-0.28124 0.55230 0.93345 0.35872
-0.28022 0.55269 0.93411 0.35698
-0.27920 0.55307 0.93477 0.35524
-0.27818 0.55346 0.93543 0.35351
-0.27716 0.55385 0.93608 0.35178
-0.27614 0.55423 0.93673 0.35005
-0.27511 0.55461 0.93738 0.34832
-0.27409 0.55499 0.93801 0.34660
-0.27306 0.55537 0.93865 0.34488
-0.27203 0.55575 0.93928 0.34316
-0.27100 0.55612 0.93990 0.34145
-0.26997 0.55650 0.94052 0.33973
-0.26894 0.55687 0.94114 0.33802
-0.26790 0.55724 0.94175 0.33632
-0.26687 0.55761 0.94236 0.33461
-0.26583 0.55797 0.94296 0.33291
-0.26480 0.55834 0.94356 0.33121
-0.26376 0.55870 0.94415 0.32951
-0.26272 0.55906 0.94474 0.32782
-0.26167 0.55942 0.94532 0.32613
-0.26063 0.55978 0.94591 0.32444
-0.25959 0.56014 0.94648 0.32276
-0.25854 0.56050 0.94705 0.32107
-0.25750 0.56085 0.94762 0.31939
-0.25645 0.56120 0.94819 0.31772
-0.25540 0.56155 0.94874 0.31604
-0.25435 0.56190 0.94930 0.31437
-0.25330 0.56225 0.94985 0.31270
-0.25224 0.56259 0.95040 0.31104
-0.25119 0.56294 0.95094 0.30937
-0.25013 0.56328 0.95148 0.30771
-0.24908 0.56362 0.95201 0.30606
-0.24802 0.56396 0.95254 0.30440
-0.24696 0.56430 0.95307 0.30275
-0.24590 0.56463 0.95359 0.30110
-0.24484 0.56497 0.95411 0.29945
-0.24377 0.56530 0.95463 0.29781
-0.24271 0.56563 0.95514 0.29617
-0.24165 0.56596 0.95564 0.29453
-0.24058 0.56629 0.95614 0.29289
-0.23951 0.56661 0.95664 0.29126
-0.23844 0.56694 0.95714 0.28963
-0.23737 0.56726 0.95763 0.28800
-0.23630 0.56758 0.95812 0.28638
-0.23523 0.56790 0.95860 0.28476
-0.23416 0.56822 0.95908 0.28314
-0.23308 0.56854 0.95955 0.28152
-0.23201 0.56885 0.96003 0.27991
-0.23093 0.56916 0.96049 0.27830
-0.22985 0.56948 0.96096 0.27669
-0.22877 0.56979 0.96142 0.27509
-0.22769 0.57009 0.96188 0.27349
-0.22661 0.57040 0.96233 0.27189
-0.22553 0.57070 0.96278 0.27029
-0.22444 0.57101 0.96322 0.26870
-0.22336 0.57131 0.96367 0.26711
-0.22227 0.57161 0.96411 0.26552
-0.22118 0.57191 0.96454 0.26393
-0.22009 0.57221 0.96497 0.26235
-0.21901 0.57250 0.96540 0.26077
-0.21791 0.57279 0.96583 0.25919
-0.21682 0.57309 0.96625 0.25762
-0.21573 0.57338 0.96666 0.25605
-0.21464 0.57367 0.96708 0.25448
-0.21354 0.57395 0.96749 0.25291
-0.21244 0.57424 0.96790 0.25135
-0.21135 0.57452 0.96830 0.24979
-0.21025 0.57480 0.96870 0.24823
-0.20915 0.57509 0.96910 0.24667
-0.20805 0.57536 0.96949 0.24512
-0.20695 0.57564 0.96988 0.24357
-0.20585 0.57592 0.97027 0.24203
-0.20474 0.57619 0.97065 0.24048
-0.20364 0.57647 0.97103 0.23894
-0.20253 0.57674 0.97141 0.23740
-0.20143 0.57701 0.97179 0.23586
-0.20032 0.57727 0.97216 0.23433
-0.19921 0.57754 0.97253 0.23280
-0.19810 0.57780 0.97289 0.23127
-0.19699 0.57807 0.97325 0.22974
-0.19588 0.57833 0.97361 0.22822
-0.19476 0.57859 0.97396 0.22670
-0.19365 0.57885 0.97432 0.22518
-0.19254 0.57910 0.97467 0.22367
-0.19142 0.57936 0.97501 0.22215
-0.19030 0.57961 0.97535 0.22064
-0.18918 0.57987 0.97569 0.21913
-0.18807 0.58012 0.97603 0.21763
-0.18695 0.58036 0.97637 0.21613
-0.18583 0.58061 0.97670 0.21463
-0.18470 0.58086 0.97702 0.21313
-0.18358 0.58110 0.97735 0.21163
-0.18246 0.58134 0.97767 0.21014
-0.18133 0.58158 0.97799 0.20865
-0.18021 0.58182 0.97831 0.20716
-0.17908 0.58206 0.97862 0.20568
-0.17795 0.58230 0.97893 0.20420
-0.17683 0.58253 0.97924 0.20272
-0.17570 0.58276 0.97954 0.20124
-0.17457 0.58300 0.97984 0.19976
-0.17344 0.58323 0.98014 0.19829
-0.17230 0.58345 0.98044 0.19682
-0.17117 0.58368 0.98073 0.19535
-0.17004 0.58390 0.98102 0.19389
-0.16890 0.58413 0.98131 0.19242
-0.16777 0.58435 0.98160 0.19096
-0.16663 0.58457 0.98188 0.18950
-0.16550 0.58479 0.98216 0.18805
-0.16436 0.58501 0.98244 0.18660
-0.16322 0.58522 0.98271 0.18514
-0.16208 0.58543 0.98298 0.18369
-0.16094 0.58565 0.98325 0.18225
-0.15980 0.58586 0.98352 0.18080
-0.15865 0.58607 0.98378 0.17936
-0.15751 0.58627 0.98404 0.17792
-0.15637 0.58648 0.98430 0.17648
-0.15522 0.58668 0.98456 0.17505
-0.15408 0.58689 0.98481 0.17362
-0.15293 0.58709 0.98506 0.17218
-0.15178 0.58729 0.98531 0.17076
-0.15064 0.58749 0.98556 0.16933
-0.14949 0.58768 0.98580 0.16790
-0.14834 0.58788 0.98604 0.16648
-0.14719 0.58807 0.98628 0.16506
-0.14604 0.58826 0.98652 0.16364
-0.14488 0.58845 0.98675 0.16223
-0.14373 0.58864 0.98698 0.16081
-0.14258 0.58883 0.98721 0.15940
-0.14142 0.58901 0.98744 0.15799
-0.14027 0.58920 0.98766 0.15659
-0.13911 0.58938 0.98789 0.15518
-0.13796 0.58956 0.98811 0.15378
-0.13680 0.58974 0.98832 0.15238
-0.13564 0.58992 0.98854 0.15098
-0.13448 0.59009 0.98875 0.14958
-0.13333 0.59027 0.98896 0.14818
-0.13217 0.59044 0.98917 0.14679
-0.13101 0.59061 0.98937 0.14540
-0.12984 0.59078 0.98958 0.14401
-0.12868 0.59095 0.98978 0.14262
-0.12752 0.59112 0.98998 0.14124
-0.12636 0.59128 0.99017 0.13985
-0.12519 0.59145 0.99037 0.13847
-0.12403 0.59161 0.99056 0.13709
-0.12286 0.59177 0.99075 0.13571
-0.12170 0.59193 0.99094 0.13434
-0.12053 0.59209 0.99112 0.13296
-0.11936 0.59224 0.99130 0.13159
-0.11819 0.59240 0.99149 0.13022
-0.11703 0.59255 0.99166 0.12885
-0.11586 0.59270 0.99184 0.12748
-0.11469 0.59285 0.99202 0.12612
-0.11352 0.59300 0.99219 0.12475
-0.11235 0.59314 0.99236 0.12339
-0.11117 0.59329 0.99253 0.12203
-0.11000 0.59343 0.99269 0.12067
-0.10883 0.59357 0.99286 0.11931
-0.10766 0.59371 0.99302 0.11796
-0.10648 0.59385 0.99318 0.11660
-0.10531 0.59399 0.99334 0.11525
-0.10413 0.59412 0.99349 0.11390
-0.10296 0.59426 0.99365 0.11255
-0.10178 0.59439 0.99380 0.11120
-0.10060 0.59452 0.99395 0.10986
-0.09943 0.59465 0.99410 0.10851
-0.09825 0.59478 0.99424 0.10717
-0.09707 0.59491 0.99438 0.10583
-0.09589 0.59503 0.99453 0.10449
-0.09471 0.59515 0.99467 0.10315
-0.09353 0.59527 0.99480 0.10181
-0.09235 0.59539 0.99494 0.10047
-0.09117 0.59551 0.99507 0.09914
-0.08999 0.59563 0.99521 0.09781
-0.08881 0.59575 0.99534 0.09647
-0.08762 0.59586 0.99546 0.09514
-0.08644 0.59597 0.99559 0.09382
-0.08526 0.59608 0.99571 0.09249
-0.08407 0.59619 0.99584 0.09116
-0.08289 0.59630 0.99596 0.08984
-0.08171 0.59640 0.99608 0.08851
-0.08052 0.59651 0.99619 0.08719
-0.07934 0.59661 0.99631 0.08587
-0.07815 0.59671 0.99642 0.08455
-0.07696 0.59681 0.99653 0.08323
-0.07578 0.59691 0.99664 0.08191
-0.07459 0.59701 0.99675 0.08059
-0.07340 0.59710 0.99685 0.07928
-0.07221 0.59720 0.99696 0.07796
-0.07103 0.59729 0.99706 0.07665
-0.06984 0.59738 0.99716 0.07534
-0.06865 0.59747 0.99726 0.07403
-0.06746 0.59756 0.99735 0.07272
-0.06627 0.59764 0.99745 0.07141
-0.06508 0.59773 0.99754 0.07010
-0.06389 0.59781 0.99763 0.06879
-0.06270 0.59789 0.99772 0.06749
-0.06151 0.59797 0.99781 0.06618
-0.06031 0.59805 0.99789 0.06488
-0.05912 0.59813 0.99798 0.06358
-0.05793 0.59820 0.99806 0.06227
-0.05674 0.59828 0.99814 0.06097
-0.05554 0.59835 0.99822 0.05967
-0.05435 0.59842 0.99829 0.05837
-0.05316 0.59849 0.99837 0.05707
-0.05196 0.59855 0.99844 0.05578
-0.05077 0.59862 0.99851 0.05448
-0.04958 0.59868 0.99858 0.05318
-0.04838 0.59875 0.99865 0.05189
-0.04719 0.59881 0.99872 0.05059
-0.04599 0.59887 0.99878 0.04930
-0.04480 0.59893 0.99885 0.04800
-0.04360 0.59898 0.99891 0.04671
-0.04240 0.59904 0.99897 0.04542
-0.04121 0.59909 0.99903 0.04413
-0.04001 0.59914 0.99908 0.04284
-0.03882 0.59919 0.99914 0.04155
-0.03762 0.59924 0.99919 0.04026
-0.03642 0.59929 0.99924 0.03897
-0.03522 0.59934 0.99929 0.03768
-0.03403 0.59938 0.99934 0.03639
-0.03283 0.59942 0.99938 0.03511
-0.03163 0.59947 0.99943 0.03382
-0.03043 0.59951 0.99947 0.03253
-0.02924 0.59954 0.99951 0.03125
-0.02804 0.59958 0.99955 0.02996
-0.02684 0.59962 0.99959 0.02868
-0.02564 0.59965 0.99962 0.02739
-0.02444 0.59968 0.99966 0.02611
-0.02324 0.59971 0.99969 0.02483
-0.02205 0.59974 0.99972 0.02354
-0.02085 0.59977 0.99975 0.02226
-0.01965 0.59979 0.99978 0.02098
-0.01845 0.59982 0.99981 0.01969
-0.01725 0.59984 0.99983 0.01841
-0.01605 0.59986 0.99985 0.01713
-0.01485 0.59988 0.99987 0.01585
-0.01365 0.59990 0.99989 0.01457
-0.01245 0.59992 0.99991 0.01329
-0.01125 0.59993 0.99993 0.01201
-0.01005 0.59995 0.99994 0.01072
-0.00885 0.59996 0.99996 0.00944
-0.00765 0.59997 0.99997 0.00816
-0.00645 0.59998 0.99998 0.00688
-0.00525 0.59999 0.99998 0.00560
-0.00405 0.59999 0.99999 0.00432
-0.00285 0.60000 1.00000 0.00304
-0.00165 0.60000 1.00000 0.00176
-0.00045 0.60000 1.00000 0.00048
0.00075 0.60000 1.00000 -0.00080
0.00195 0.60000 1.00000 -0.00208
0.00315 0.59999 0.99999 -0.00336
0.00435 0.59999 0.99999 -0.00464
0.00555 0.59998 0.99998 -0.00592
0.00675 0.59998 0.99997 -0.00720
0.00795 0.59997 0.99996 -0.00848
0.00915 0.59996 0.99995 -0.00976
0.01035 0.59994 0.99994 -0.01104
0.01155 0.59993 0.99992 -0.01232
0.01275 0.59991 0.99991 -0.01360
0.01395 0.59990 0.99989 -0.01488
0.01515 0.59988 0.99987 -0.01616
0.01634 0.59986 0.99985 -0.01745
0.01754 0.59984 0.99982 -0.01873
0.01874 0.59981 0.99980 -0.02001
0.01994 0.59979 0.99977 -0.02129
0.02114 0.59976 0.99975 -0.02257
0.02234 0.59973 0.99972 -0.02386
0.02354 0.59970 0.99968 -0.02514
0.02474 0.59967 0.99965 -0.02642
0.02594 0.59964 0.99962 -0.02771
0.02714 0.59961 0.99958 -0.02899
0.02833 0.59957 0.99954 -0.03028
0.02953 0.59953 0.99950 -0.03156
0.03073 0.59950 0.99946 -0.03285
0.03193 0.59946 0.99942 -0.03414
0.03312 0.59941 0.99937 -0.03542
0.03432 0.59937 0.99933 -0.03671
0.03552 0.59933 0.99928 -0.03800
0.03672 0.59928 0.99923 -0.03929
0.03791 0.59923 0.99918 -0.04058
0.03911 0.59918 0.99912 -0.04187
0.04031 0.59913 0.99907 -0.04316
0.04150 0.59908 0.99901 -0.04445
0.04270 0.59903 0.99895 -0.04574
0.04389 0.59897 0.99889 -0.04703
0.04509 0.59891 0.99883 -0.04832
0.04629 0.59885 0.99877 -0.04962
0.04748 0.59879 0.99870 -0.05091
0.04867 0.59873 0.99864 -0.05221
0.04987 0.59867 0.99857 -0.05350
0.05106 0.59860 0.99850 -0.05480
0.05226 0.59854 0.99843 -0.05610
0.05345 0.59847 0.99835 -0.05739
0.05464 0.59840 0.99828 -0.05869
0.05584 0.59833 0.99820 -0.05999
0.05703 0.59826 0.99812 -0.06129
0.05822 0.59818 0.99804 -0.06259
0.05942 0.59811 0.99796 -0.06390
0.06061 0.59803 0.99787 -0.06520
0.06180 0.59795 0.99779 -0.06650
0.06299 0.59787 0.99770 -0.06781
0.06418 0.59779 0.99761 -0.06912
0.06537 0.59771 0.99752 -0.07042
0.06656 0.59762 0.99742 -0.07173
0.06775 0.59754 0.99733 -0.07304
0.06894 0.59745 0.99723 -0.07435
0.07013 0.59736 0.99713 -0.07566
0.07132 0.59727 0.99703 -0.07697
0.07251 0.59717 0.99693 -0.07829
0.07369 0.59708 0.99683 -0.07960
0.07488 0.59699 0.99672 -0.08092
0.07607 0.59689 0.99661 -0.08224
0.07726 0.59679 0.99650 -0.08355
0.07844 0.59669 0.99639 -0.08487
0.07963 0.59659 0.99628 -0.08619
0.08081 0.59648 0.99616 -0.08751
0.08200 0.59638 0.99605 -0.08884
0.08318 0.59627 0.99593 -0.09016
0.08437 0.59616 0.99581 -0.09149
0.08555 0.59605 0.99568 -0.09281
0.08673 0.59594 0.99556 -0.09414
0.08792 0.59583 0.99543 -0.09547
0.08910 0.59572 0.99530 -0.09680
0.09028 0.59560 0.99517 -0.09813
0.09146 0.59548 0.99504 -0.09947
0.09264 0.59537 0.99491 -0.10080
0.09382 0.59524 0.99477 -0.10214
0.09500 0.59512 0.99463 -0.10348
0.09618 0.59500 0.99449 -0.10482
0.09736 0.59487 0.99435 -0.10616
0.09854 0.59475 0.99421 -0.10750
0.09972 0.59462 0.99406 -0.10884
0.10089 0.59449 0.99391 -0.11019
0.10207 0.59436 0.99376 -0.11153
0.10325 0.59423 0.99361 -0.11288
0.10442 0.59409 0.99345 -0.11423
0.10560 0.59396 0.99330 -0.11558
0.10677 0.59382 0.99314 -0.11694
0.10794 0.59368 0.99298 -0.11829
0.10912 0.59354 0.99282 -0.11965
0.11029 0.59340 0.99265 -0.12100
0.11146 0.59325 0.99249 -0.12236
0.11263 0.59311 0.99232 -0.12372
0.11380 0.59296 0.99215 -0.12509
0.11497 0.59281 0.99197 -0.12645
0.11614 0.59266 0.99180 -0.12782
0.11731 0.59251 0.99162 -0.12919
0.11848 0.59236 0.99144 -0.13055
0.11965 0.59220 0.99126 -0.13193
0.12082 0.59205 0.99108 -0.13330
0.12198 0.59189 0.99089 -0.13467
0.12315 0.59173 0.99070 -0.13605
0.12431 0.59157 0.99051 -0.13743
0.12548 0.59141 0.99032 -0.13881
0.12664 0.59124 0.99012 -0.14019
0.12781 0.59108 0.98993 -0.14158
0.12897 0.59091 0.98973 -0.14296
0.13013 0.59074 0.98953 -0.14435
0.13129 0.59057 0.98932 -0.14574
0.13245 0.59040 0.98912 -0.14713
0.13361 0.59023 0.98891 -0.14853
0.13477 0.59005 0.98870 -0.14992
0.13593 0.58987 0.98848 -0.15132
0.13709 0.58970 0.98827 -0.15272
0.13824 0.58952 0.98805 -0.15412
0.13940 0.58934 0.98783 -0.15553
0.14055 0.58915 0.98761 -0.15693
0.14171 0.58897 0.98738 -0.15834
0.14286 0.58878 0.98716 -0.15975
0.14402 0.58860 0.98693 -0.16116
0.14517 0.58841 0.98670 -0.16258
0.14632 0.58822 0.98646 -0.16399
0.14747 0.58802 0.98622 -0.16541
0.14862 0.58783 0.98599 -0.16683
0.14977 0.58763 0.98574 -0.16825
0.15092 0.58744 0.98550 -0.16968
0.15207 0.58724 0.98525 -0.17111
0.15321 0.58704 0.98500 -0.17254
0.15436 0.58684 0.98475 -0.17397
0.15551 0.58663 0.98450 -0.17540
0.15665 0.58643 0.98424 -0.17684
0.15779 0.58622 0.98398 -0.17828
0.15894 0.58602 0.98372 -0.17972
0.16008 0.58581 0.98345 -0.18116
0.16122 0.58559 0.98319 -0.18260
0.16236 0.58538 0.98292 -0.18405
0.16350 0.58517 0.98264 -0.18550
0.16464 0.58495 0.98237 -0.18695
0.16578 0.58473 0.98209 -0.18841
0.16691 0.58452 0.98181 -0.18986
0.16805 0.58430 0.98153 -0.19132
0.16918 0.58407 0.98124 -0.19278
0.17032 0.58385 0.98095 -0.19425
0.17145 0.58362 0.98066 -0.19571
0.17258 0.58340 0.98037 -0.19718
0.17372 0.58317 0.98007 -0.19865
0.17485 0.58294 0.97977 -0.20013
0.17598 0.58271 0.97947 -0.20160
0.17710 0.58247 0.97916 -0.20308
0.17823 0.58224 0.97885 -0.20456
0.17936 0.58200 0.97854 -0.20604
0.18049 0.58176 0.97823 -0.20753
0.18161 0.58152 0.97791 -0.20902
0.18273 0.58128 0.97759 -0.21051
0.18386 0.58104 0.97727 -0.21200
0.18498 0.58080 0.97694 -0.21350
0.18610 0.58055 0.97661 -0.21500
0.18722 0.58030 0.97628 -0.21650
0.18834 0.58005 0.97595 -0.21800
0.18946 0.57980 0.97561 -0.21951
0.19058 0.57955 0.97527 -0.22101
0.19169 0.57930 0.97493 -0.22253
0.19281 0.57904 0.97458 -0.22404
0.19392 0.57878 0.97423 -0.22555
0.19504 0.57853 0.97388 -0.22707
0.19615 0.57827 0.97352 -0.22859
0.19726 0.57800 0.97316 -0.23012
0.19837 0.57774 0.97280 -0.23165
0.19948 0.57747 0.97243 -0.23317
0.20059 0.57721 0.97207 -0.23471
0.20170 0.57694 0.97169 -0.23624
0.20280 0.57667 0.97132 -0.23778
0.20391 0.57640 0.97094 -0.23932
0.20501 0.57613 0.97056 -0.24086
0.20612 0.57585 0.97017 -0.24241
0.20722 0.57557 0.96979 -0.24395
0.20832 0.57530 0.96940 -0.24550
0.20942 0.57502 0.96900 -0.24706
0.21052 0.57474 0.96860 -0.24861
0.21162 0.57445 0.96820 -0.25017
0.21271 0.57417 0.96780 -0.25173
0.21381 0.57388 0.96739 -0.25330
0.21491 0.57359 0.96698 -0.25486
0.21600 0.57331 0.96656 -0.25643
0.21709 0.57301 0.96614 -0.25801
0.21818 0.57272 0.96572 -0.25958
0.21927 0.57243 0.96530 -0.26116
0.22036 0.57213 0.96487 -0.26274
0.22145 0.57184 0.96443 -0.26432
0.22254 0.57154 0.96400 -0.26591
0.22362 0.57124 0.96356 -0.26750
0.22471 0.57093 0.96312 -0.26909
0.22579 0.57063 0.96267 -0.27068
0.22687 0.57032 0.96222 -0.27228
0.22796 0.57002 0.96176 -0.27388
0.22904 0.56971 0.96131 -0.27548
0.23012 0.56940 0.96084 -0.27709
0.23119 0.56909 0.96038 -0.27870
0.23227 0.56877 0.95991 -0.28031
0.23335 0.56846 0.95944 -0.28192
0.23442 0.56814 0.95896 -0.28354
0.23549 0.56782 0.95848 -0.28516
0.23657 0.56750 0.95800 -0.28678
0.23764 0.56718 0.95751 -0.28840
0.23871 0.56686 0.95702 -0.29003
0.23977 0.56653 0.95652 -0.29166
0.24084 0.56621 0.95602 -0.29330
0.24191 0.56588 0.95552 -0.29493
0.24297 0.56555 0.95501 -0.29657
0.24404 0.56522 0.95450 -0.29821
0.24510 0.56489 0.95398 -0.29986
0.24616 0.56455 0.95346 -0.30150
0.24722 0.56421 0.95294 -0.30315
0.24828 0.56388 0.95241 -0.30481
0.24934 0.56354 0.95188 -0.30646
0.25039 0.56320 0.95135 -0.30812
0.25145 0.56285 0.95081 -0.30978
0.25250 0.56251 0.95026 -0.31145
0.25356 0.56216 0.94972 -0.31311
0.25461 0.56182 0.94916 -0.31478
0.25566 0.56147 0.94861 -0.31645
0.25671 0.56112 0.94805 -0.31813
0.25775 0.56076 0.94748 -0.31981
0.25880 0.56041 0.94691 -0.32149
0.25984 0.56005 0.94634 -0.32317
0.26089 0.55969 0.94576 -0.32486
0.26193 0.55934 0.94518 -0.32655
0.26297 0.55897 0.94460 -0.32824
0.26401 0.55861 0.94400 -0.32993
0.26505 0.55825 0.94341 -0.33163
0.26609 0.55788 0.94281 -0.33333
0.26712 0.55752 0.94221 -0.33503
0.26816 0.55715 0.94160 -0.33674
0.26919 0.55678 0.94099 -0.33844
0.27023 0.55640 0.94037 -0.34015
0.27126 0.55603 0.93975 -0.34187
0.27229 0.55565 0.93912 -0.34358
0.27331 0.55528 0.93849 -0.34530
0.27434 0.55490 0.93786 -0.34702
0.27537 0.55452 0.93722 -0.34875
0.27639 0.55413 0.93657 -0.35047
0.27741 0.55375 0.93592 -0.35220
0.27844 0.55337 0.93527 -0.35393
0.27946 0.55298 0.93461 -0.35567
0.28047 0.55259 0.93395 -0.35740
0.28149 0.55220 0.93328 -0.35914
0.28251 0.55181 0.93261 -0.36089
0.28352 0.55141 0.93193 -0.36263
0.28454 0.55102 0.93125 -0.36438
0.28555 0.55062 0.93056 -0.36613
0.28656 0.55022 0.92987 -0.36788
0.28757 0.54982 0.92918 -0.36963
0.28858 0.54942 0.92848 -0.37139
0.28958 0.54902 0.92777 -0.37315
0.29059 0.54861 0.92706 -0.37491
0.29159 0.54820 0.92634 -0.37668
0.29260 0.54779 0.92562 -0.37845
0.29360 0.54738 0.92490 -0.38021
0.29460 0.54697 0.92417 -0.38199
0.29559 0.54656 0.92343 -0.38376
0.29659 0.54614 0.92269 -0.38554
0.29759 0.54573 0.92195 -0.38732
0.29858 0.54531 0.92120 -0.38910
0.29957 0.54489 0.92044 -0.39088
0.30056 0.54446 0.91968 -0.39267
0.30155 0.54404 0.91891 -0.39446
0.30254 0.54361 0.91814 -0.39625
0.30353 0.54319 0.91737 -0.39804
0.30452 0.54276 0.91659 -0.39984
0.30550 0.54233 0.91580 -0.40163
0.30648 0.54190 0.91501 -0.40343
0.30746 0.54146 0.91421 -0.40524
0.30844 0.54103 0.91341 -0.40704
0.30942 0.54059 0.91260 -0.40885
0.31040 0.54015 0.91179 -0.41065
0.31137 0.53971 0.91097 -0.41247
0.31235 0.53927 0.91015 -0.41428
0.31332 0.53882 0.90932 -0.41609
0.31429 0.53838 0.90849 -0.41791
0.31526 0.53793 0.90765 -0.41973
0.31623 0.53748 0.90681 -0.42155
0.31720 0.53703 0.90596 -0.42337
0.31816 0.53658 0.90510 -0.42520
0.31913 0.53613 0.90424 -0.42702
0.32009 0.53567 0.90337 -0.42885
0.32105 0.53521 0.90250 -0.43068
0.32201 0.53475 0.90163 -0.43252
0.32297 0.53429 0.90074 -0.43435
0.32392 0.53383 0.89986 -0.43619
0.32488 0.53337 0.89896 -0.43802
0.32583 0.53290 0.89806 -0.43986
0.32678 0.53243 0.89716 -0.44171
0.32773 0.53196 0.89625 -0.44355
0.32868 0.53149 0.89533 -0.44539
0.32963 0.53102 0.89441 -0.44724
0.33058 0.53055 0.89349 -0.44909
0.33152 0.53007 0.89255 -0.45094
0.33246 0.52959 0.89162 -0.45279
0.33340 0.52911 0.89067 -0.45464
0.33434 0.52863 0.88972 -0.45650
0.33528 0.52815 0.88877 -0.45835
0.33622 0.52767 0.88781 -0.46021
0.33715 0.52718 0.88684 -0.46207
0.33809 0.52669 0.88587 -0.46393
0.33902 0.52620 0.88489 -0.46579
0.33995 0.52571 0.88391 -0.46766
0.34088 0.52522 0.88292 -0.46952
0.34181 0.52472 0.88193 -0.47139
0.34273 0.52423 0.88093 -0.47325
0.34366 0.52373 0.87992 -0.47512
0.34458 0.52323 0.87891 -0.47699
0.34550 0.52273 0.87789 -0.47886
0.34642 0.52223 0.87687 -0.48073
0.34734 0.52172 0.87584 -0.48261
0.34826 0.52122 0.87480 -0.48448
0.34917 0.52071 0.87376 -0.48635
0.35009 0.52020 0.87271 -0.48823
0.35100 0.51969 0.87166 -0.49011
0.35191 0.51917 0.87060 -0.49199
0.35282 0.51866 0.86954 -0.49386
0.35373 0.51814 0.86847 -0.49574
0.35463 0.51762 0.86739 -0.49762
0.35554 0.51710 0.86631 -0.49951
0.35644 0.51658 0.86522 -0.50139
0.35734 0.51606 0.86413 -0.50327
0.35824 0.51553 0.86303 -0.50515
0.35914 0.51500 0.86192 -0.50704
0.36003 0.51448 0.86081 -0.50892
0.36093 0.51395 0.85969 -0.51081
0.36182 0.51341 0.85857 -0.51269
0.36271 0.51288 0.85744 -0.51458
0.36360 0.51234 0.85631 -0.51647
0.36449 0.51181 0.85517 -0.51835
0.36538 0.51127 0.85402 -0.52024
0.36626 0.51073 0.85287 -0.52213
0.36715 0.51019 0.85171 -0.52402
0.36803 0.50964 0.85054 -0.52591
0.36891 0.50910 0.84937 -0.52779
0.36979 0.50855 0.84820 -0.52968
0.37067 0.50800 0.84701 -0.53157
0.37154 0.50745 0.84582 -0.53346
0.37241 0.50690 0.84463 -0.53535
0.37329 0.50634 0.84343 -0.53724
0.37416 0.50579 0.84222 -0.53913
0.37503 0.50523 0.84101 -0.54102
0.37589 0.50467 0.83979 -0.54291
0.37676 0.50411 0.83857 -0.54480
0.37762 0.50354 0.83734 -0.54669
0.37849 0.50298 0.83610 -0.54857
0.37935 0.50241 0.83486 -0.55046
0.38021 0.50185 0.83361 -0.55235
0.38107 0.50128 0.83236 -0.55424
0.38192 0.50070 0.83110 -0.55613
0.38278 0.50013 0.82983 -0.55801
0.38363 0.49956 0.82856 -0.55990
0.38448 0.49898 0.82728 -0.56178
0.38533 0.49840 0.82600 -0.56367
0.38618 0.49782 0.82471 -0.56555
0.38702 0.49724 0.82342 -0.56744
0.38787 0.49666 0.82212 -0.56932
0.38871 0.49607 0.82081 -0.57120
0.38955 0.49548 0.81950 -0.57309
0.39039 0.49489 0.81818 -0.57497
0.39123 0.49430 0.81685 -0.57685
0.39207 0.49371 0.81552 -0.57873
0.39290 0.49312 0.81419 -0.58060
0.39374 0.49252 0.81284 -0.58248
0.39457 0.49193 0.81150 -0.58436
0.39540 0.49133 0.81014 -0.58623
0.39623 0.49073 0.80878 -0.58811
0.39705 0.49012 0.80742 -0.58998
0.39788 0.48952 0.80605 -0.59185
0.39870 0.48891 0.80467 -0.59372
0.39952 0.48831 0.80329 -0.59559
0.40034 0.48770 0.80190 -0.59746
0.40116 0.48708 0.80051 -0.59932
0.40198 0.48647 0.79911 -0.60119
0.40279 0.48586 0.79770 -0.60305
0.40360 0.48524 0.79629 -0.60491
0.40442 0.48462 0.79488 -0.60677
0.40523 0.48400 0.79345 -0.60863
0.40603 0.48338 0.79203 -0.61049
0.40684 0.48276 0.79059 -0.61234
0.40765 0.48213 0.78915 -0.61420
0.40845 0.48151 0.78771 -0.61605
0.40925 0.48088 0.78626 -0.61790
0.41005 0.48025 0.78480 -0.61974
0.41085 0.47962 0.78334 -0.62159
0.41164 0.47898 0.78188 -0.62343
0.41244 0.47835 0.78040 -0.62528
0.41323 0.47771 0.77893 -0.62711
0.41402 0.47707 0.77744 -0.62895
0.41481 0.47643 0.77596 -0.63079
0.41560 0.47579 0.77446 -0.63262
0.41639 0.47515 0.77296 -0.63445
0.41717 0.47450 0.77146 -0.63628
0.41796 0.47385 0.76995 -0.63811
0.41874 0.47320 0.76843 -0.63993
0.41952 0.47255 0.76691 -0.64175
0.42029 0.47190 0.76539 -0.64357
0.42107 0.47125 0.76386 -0.64538
0.42185 0.47059 0.76232 -0.64720
0.42262 0.46993 0.76078 -0.64901
0.42339 0.46927 0.75923 -0.65082
0.42416 0.46861 0.75768 -0.65262
0.42493 0.46795 0.75613 -0.65442
0.42569 0.46728 0.75457 -0.65622
0.42646 0.46662 0.75300 -0.65802
0.42722 0.46595 0.75143 -0.65982
0.42798 0.46528 0.74985 -0.66161
0.42874 0.46461 0.74827 -0.66339
0.42950 0.46394 0.74668 -0.66518
0.43025 0.46326 0.74509 -0.66696
0.43101 0.46258 0.74350 -0.66874
0.43176 0.46191 0.74190 -0.67052
0.43251 0.46122 0.74029 -0.67229
0.43326 0.46054 0.73868 -0.67406
0.43401 0.45986 0.73706 -0.67582
0.43475 0.45917 0.73544 -0.67759
0.43550 0.45849 0.73382 -0.67934
0.43624 0.45780 0.73219 -0.68110
0.43698 0.45711 0.73056 -0.68285
0.43772 0.45642 0.72892 -0.68460
0.43846 0.45572 0.72728 -0.68635
0.43919 0.45503 0.72563 -0.68809
0.43992 0.45433 0.72398 -0.68983
0.44066 0.45363 0.72232 -0.69156
0.44139 0.45293 0.72066 -0.69329
0.44212 0.45223 0.71899 -0.69502
0.44284 0.45152 0.71732 -0.69674
0.44357 0.45082 0.71565 -0.69846
0.44429 0.45011 0.71397 -0.70017
0.44501 0.44940 0.71229 -0.70189
0.44573 0.44869 0.71060 -0.70359
0.44645 0.44797 0.70891 -0.70530
0.44717 0.44726 0.70722 -0.70700
0.44788 0.44654 0.70552 -0.70869
0.44859 0.44583 0.70382 -0.71038
0.44931 0.44511 0.70211 -0.71207
0.45002 0.44438 0.70040 -0.71375
0.45072 0.44366 0.69868 -0.71543
0.45143 0.44294 0.69696 -0.71711
0.45213 0.44221 0.69524 -0.71878
0.45284 0.44148 0.69352 -0.72044
0.45354 0.44075 0.69179 -0.72210
0.45424 0.44002 0.69005 -0.72376
0.45494 0.43929 0.68832 -0.72541
0.45563 0.43855 0.68657 -0.72706
0.45633 0.43781 0.68483 -0.72870
0.45702 0.43708 0.68308 -0.73034
0.45771 0.43634 0.68133 -0.73198
0.45840 0.43559 0.67957 -0.73361
0.45908 0.43485 0.67782 -0.73523
0.45977 0.43410 0.67605 -0.73685
0.46045 0.43336 0.67429 -0.73847
0.46114 0.43261 0.67252 -0.74008
0.46182 0.43186 0.67075 -0.74169
0.46249 0.43111 0.66897 -0.74329
0.46317 0.43035 0.66719 -0.74488
0.46385 0.42960 0.66541 -0.74648
0.46452 0.42884 0.66363 -0.74806
0.46519 0.42808 0.66184 -0.74965
0.46586 0.42732 0.66005 -0.75122
0.46653 0.42656 0.65826 -0.75279
0.46720 0.42579 0.65646 -0.75436
0.46786 0.42503 0.65466 -0.75592
0.46853 0.42426 0.65286 -0.75748
0.46919 0.42349 0.65105 -0.75903
0.46985 0.42272 0.64925 -0.76058
0.47050 0.42195 0.64743 -0.76212
0.47116 0.42117 0.64562 -0.76366
0.47181 0.42040 0.64381 -0.76519
0.47247 0.41962 0.64199 -0.76671
0.47312 0.41884 0.64017 -0.76824
0.47377 0.41806 0.63834 -0.76975
0.47442 0.41728 0.63652 -0.77126
0.47506 0.41649 0.63469 -0.77277
0.47571 0.41570 0.63286 -0.77427
0.47635 0.41492 0.63103 -0.77576
0.47699 0.41413 0.62919 -0.77725
0.47763 0.41334 0.62736 -0.77873
0.47826 0.41254 0.62552 -0.78021
0.47890 0.41175 0.62367 -0.78168
0.47953 0.41095 0.62183 -0.78315
0.48017 0.41015 0.61999 -0.78461
0.48080 0.40936 0.61814 -0.78607
0.48142 0.40855 0.61629 -0.78752
0.48205 0.40775 0.61444 -0.78896
0.48268 0.40695 0.61259 -0.79040
0.48330 0.40614 0.61073 -0.79184
0.48392 0.40533 0.60887 -0.79327
0.48454 0.40452 0.60702 -0.79469
0.48516 0.40371 0.60516 -0.79611
0.48578 0.40290 0.60329 -0.79752
0.48639 0.40208 0.60143 -0.79892
0.48700 0.40127 0.59957 -0.80032
0.48762 0.40045 0.59770 -0.80172
0.48823 0.39963 0.59583 -0.80311
0.48883 0.39881 0.59397 -0.80449
0.48944 0.39798 0.59210 -0.80587
0.49004 0.39716 0.59022 -0.80724
0.49065 0.39633 0.58835 -0.80861
0.49125 0.39551 0.58648 -0.80997
0.49185 0.39468 0.58460 -0.81132
0.49244 0.39384 0.58273 -0.81267
0.49304 0.39301 0.58085 -0.81401
0.49363 0.39218 0.57897 -0.81535
0.49423 0.39134 0.57709 -0.81668
0.49482 0.39050 0.57521 -0.81800
0.49541 0.38966 0.57333 -0.81932
0.49599 0.38882 0.57145 -0.82064
0.49658 0.38798 0.56957 -0.82194
0.49716 0.38714 0.56768 -0.82325
0.49774 0.38629 0.56580 -0.82454
0.49833 0.38544 0.56392 -0.82583
0.49890 0.38459 0.56203 -0.82712
0.49948 0.38374 0.56014 -0.82839
0.50006 0.38289 0.55826 -0.82967
0.50063 0.38203 0.55637 -0.83093
0.50120 0.38118 0.55448 -0.83219
0.50177 0.38032 0.55260 -0.83345
0.50234 0.37946 0.55071 -0.83470
0.50291 0.37860 0.54882 -0.83594
0.50347 0.37774 0.54693 -0.83718
0.50403 0.37687 0.54504 -0.83841
0.50460 0.37601 0.54315 -0.83963
0.50515 0.37514 0.54127 -0.84085
0.50571 0.37427 0.53938 -0.84206
0.50627 0.37340 0.53749 -0.84327
0.50682 0.37253 0.53560 -0.84447
0.50738 0.37166 0.53371 -0.84567
0.50793 0.37078 0.53182 -0.84686
0.50848 0.36990 0.52993 -0.84804
0.50902 0.36902 0.52804 -0.84922
0.50957 0.36814 0.52615 -0.85039
0.51011 0.36726 0.52426 -0.85156
0.51066 0.36638 0.52238 -0.85272
0.51120 0.36549 0.52049 -0.85387
0.51174 0.36461 0.51860 -0.85502
0.51227 0.36372 0.51671 -0.85616
0.51281 0.36283 0.51483 -0.85729
0.51334 0.36194 0.51294 -0.85842
0.51388 0.36104 0.51105 -0.85955
0.51441 0.36015 0.50917 -0.86067
0.51494 0.35925 0.50728 -0.86178
0.51546 0.35836 0.50540 -0.86289
0.51599 0.35746 0.50352 -0.86399
0.51651 0.35656 0.50163 -0.86508
0.51703 0.35565 0.49975 -0.86617
0.51755 0.35475 0.49787 -0.86725
0.51807 0.35384 0.49599 -0.86833
0.51859 0.35294 0.49411 -0.86940
0.51911 0.35203 0.49223 -0.87046
0.51962 0.35112 0.49035 -0.87152
0.52013 0.35021 0.48848 -0.87258
0.52064 0.34929 0.48660 -0.87362
0.52115 0.34838 0.48472 -0.87467
0.52166 0.34746 0.48285 -0.87570
0.52216 0.34654 0.48098 -0.87673
0.52266 0.34562 0.47911 -0.87776
0.52317 0.34470 0.47724 -0.87878
0.52367 0.34378 0.47537 -0.87979
0.52416 0.34285 0.47350 -0.88080
0.52466 0.34193 0.47163 -0.88180
0.52515 0.34100 0.46976 -0.88279
0.52565 0.34007 0.46790 -0.88378
0.52614 0.33914 0.46604 -0.88477
0.52663 0.33821 0.46417 -0.88574
0.52712 0.33728 0.46231 -0.88672
0.52760 0.33634 0.46045 -0.88768
0.52809 0.33540 0.45860 -0.88864
0.52857 0.33447 0.45674 -0.88960
0.52905 0.33353 0.45489 -0.89055
0.52953 0.33259 0.45303 -0.89149
0.53001 0.33164 0.45118 -0.89243
0.53048 0.33070 0.44933 -0.89337
0.53096 0.32975 0.44748 -0.89429
0.53143 0.32881 0.44564 -0.89521
0.53190 0.32786 0.44379 -0.89613
0.53237 0.32691 0.44195 -0.89704
0.53284 0.32596 0.44010 -0.89795
0.53331 0.32500 0.43826 -0.89885
0.53377 0.32405 0.43643 -0.89974
0.53423 0.32309 0.43459 -0.90063
0.53469 0.32213 0.43276 -0.90151
0.53515 0.32117 0.43092 -0.90239
0.53561 0.32021 0.42909 -0.90326
0.53607 0.31925 0.42726 -0.90413
0.53652 0.31829 0.42544 -0.90499
0.53697 0.31732 0.42361 -0.90584
0.53742 0.31636 0.42179 -0.90669
0.53787 0.31539 0.41997 -0.90754
0.53832 0.31442 0.41815 -0.90838
0.53877 0.31345 0.41633 -0.90921
0.53921 0.31248 0.41452 -0.91004
0.53965 0.31150 0.41270 -0.91087
0.54009 0.31053 0.41089 -0.91168
0.54053 0.30955 0.40908 -0.91250
0.54097 0.30857 0.40728 -0.91331
0.54141 0.30759 0.40547 -0.91411
0.54184 0.30661 0.40367 -0.91490
0.54227 0.30563 0.40187 -0.91570
0.54270 0.30464 0.40007 -0.91648
0.54313 0.30366 0.39828 -0.91727
0.54356 0.30267 0.39648 -0.91804
0.54398 0.30168 0.39469 -0.91881
0.54441 0.30069 0.39290 -0.91958
0.54483 0.29970 0.39112 -0.92034
0.54525 0.29871 0.38933 -0.92110
0.54567 0.29772 0.38755 -0.92185
0.54609 0.29672 0.38577 -0.92259
0.54650 0.29572 0.38399 -0.92334
0.54692 0.29473 0.38222 -0.92407
0.54733 0.29373 0.38045 -0.92480
0.54774 0.29273 0.37868 -0.92553
0.54815 0.29172 0.37691 -0.92625
0.54856 0.29072 0.37514 -0.92697
0.54896 0.28971 0.37338 -0.92768
0.54937 0.28871 0.37162 -0.92838
0.54977 0.28770 0.36986 -0.92909
0.55017 0.28669 0.36811 -0.92978
0.55057 0.28568 0.36636 -0.93047
0.55097 0.28467 0.36461 -0.93116
0.55136 0.28366 0.36286 -0.93184
0.55176 0.28264 0.36111 -0.93252
0.55215 0.28162 0.35937 -0.93319
0.55254 0.28061 0.35763 -0.93386
0.55293 0.27959 0.35589 -0.93453
0.55331 0.27857 0.35416 -0.93518
0.55370 0.27755 0.35243 -0.93584
0.55408 0.27652 0.35070 -0.93649
0.55447 0.27550 0.34897 -0.93713
0.55485 0.27447 0.34725 -0.93777
0.55523 0.27345 0.34553 -0.93841
0.55560 0.27242 0.34381 -0.93904
0.55598 0.27139 0.34209 -0.93967
0.55635 0.27036 0.34038 -0.94029
0.55673 0.26933 0.33867 -0.94091
0.55710 0.26829 0.33696 -0.94152
0.55747 0.26726 0.33525 -0.94213
0.55783 0.26622 0.33355 -0.94273
0.55820 0.26519 0.33185 -0.94333
0.55857 0.26415 0.33015 -0.94393
0.55893 0.26311 0.32846 -0.94452
0.55929 0.26207 0.32677 -0.94510
0.55965 0.26102 0.32508 -0.94569
0.56001 0.25998 0.32339 -0.94627
0.56036 0.25894 0.32171 -0.94684
0.56072 0.25789 0.32003 -0.94741
0.56107 0.25684 0.31835 -0.94797
0.56142 0.25579 0.31667 -0.94853
0.56177 0.25474 0.31500 -0.94909
0.56212 0.25369 0.31333 -0.94964
0.56246 0.25264 0.31166 -0.95019
0.56281 0.25159 0.31000 -0.95074
0.56315 0.25053 0.30834 -0.95128
0.56349 0.24948 0.30668 -0.95181
0.56383 0.24842 0.30502 -0.95234
0.56417 0.24736 0.30337 -0.95287
0.56451 0.24630 0.30172 -0.95340
0.56484 0.24524 0.30007 -0.95392
0.56518 0.24418 0.29843 -0.95443
0.56551 0.24311 0.29679 -0.95494
0.56584 0.24205 0.29515 -0.95545
0.56616 0.24098 0.29351 -0.95596
0.56649 0.23991 0.29188 -0.95646
0.56682 0.23885 0.29025 -0.95695
0.56714 0.23778 0.28862 -0.95744
0.56746 0.23671 0.28699 -0.95793
0.56778 0.23563 0.28537 -0.95842
0.56810 0.23456 0.28375 -0.95890
0.56842 0.23349 0.28213 -0.95938
0.56873 0.23241 0.28052 -0.95985
0.56905 0.23133 0.27891 -0.96032
0.56936 0.23026 0.27730 -0.96078
0.56967 0.22918 0.27569 -0.96125
0.56998 0.22810 0.27409 -0.96170
0.57028 0.22702 0.27249 -0.96216
0.57059 0.22593 0.27089 -0.96261
0.57089 0.22485 0.26930 -0.96306
0.57120 0.22377 0.26771 -0.96350
0.57150 0.22268 0.26612 -0.96394
0.57180 0.22159 0.26453 -0.96438
0.57209 0.22051 0.26295 -0.96481
0.57239 0.21942 0.26137 -0.96524
0.57268 0.21833 0.25979 -0.96567
0.57298 0.21723 0.25821 -0.96609
0.57327 0.21614 0.25664 -0.96651
0.57356 0.21505 0.25507 -0.96692
0.57384 0.21395 0.25350 -0.96733
0.57413 0.21286 0.25194 -0.96774
0.57442 0.21176 0.25038 -0.96815
0.57470 0.21066 0.24882 -0.96855
0.57498 0.20956 0.24726 -0.96895
0.57526 0.20846 0.24571 -0.96934
0.57554 0.20736 0.24416 -0.96974
0.57581 0.20626 0.24261 -0.97012
0.57609 0.20516 0.24106 -0.97051
0.57636 0.20405 0.23952 -0.97089
0.57663 0.20295 0.23798 -0.97127
0.57690 0.20184 0.23644 -0.97165
0.57717 0.20074 0.23491 -0.97202
0.57744 0.19963 0.23337 -0.97239
0.57771 0.19852 0.23185 -0.97275
0.57797 0.19741 0.23032 -0.97312
0.57823 0.19630 0.22879 -0.97347
0.57849 0.19518 0.22727 -0.97383
0.57875 0.19407 0.22575 -0.97418
0.57901 0.19296 0.22424 -0.97453
0.57926 0.19184 0.22272 -0.97488
0.57952 0.19072 0.22121 -0.97523
0.57977 0.18961 0.21970 -0.97557
0.58002 0.18849 0.21820 -0.97590
0.58027 0.18737 0.21669 -0.97624
0.58052 0.18625 0.21519 -0.97657
0.58076 0.18513 0.21369 -0.97690
0.58101 0.18401 0.21220 -0.97723
0.58125 0.18288 0.21070 -0.97755
0.58149 0.18176 0.20921 -0.97787
0.58173 0.18063 0.20772 -0.97819
0.58197 0.17951 0.20624 -0.97850
0.58221 0.17838 0.20476 -0.97881
0.58244 0.17725 0.20327 -0.97912
0.58268 0.17612 0.20180 -0.97943
0.58291 0.17499 0.20032 -0.97973
0.58314 0.17386 0.19885 -0.98003
0.58337 0.17273 0.19737 -0.98033
0.58359 0.17160 0.19591 -0.98062
0.58382 0.17047 0.19444 -0.98091
0.58404 0.16933 0.19298 -0.98120
0.58427 0.16820 0.19151 -0.98149
0.58449 0.16706 0.19005 -0.98177
0.58471 0.16592 0.18860 -0.98205
0.58492 0.16479 0.18714 -0.98233
0.58514 0.16365 0.18569 -0.98261
0.58535 0.16251 0.18424 -0.98288
0.58557 0.16137 0.18279 -0.98315
0.58578 0.16023 0.18135 -0.98342
0.58599 0.15909 0.17990 -0.98368
0.58620 0.15794 0.17846 -0.98395
0.58640 0.15680 0.17703 -0.98421
0.58661 0.15565 0.17559 -0.98446
0.58681 0.15451 0.17416 -0.98472
0.58701 0.15336 0.17272 -0.98497
0.58721 0.15222 0.17129 -0.98522
0.58741 0.15107 0.16987 -0.98547
0.58761 0.14992 0.16844 -0.98571
0.58780 0.14877 0.16702 -0.98595
0.58800 0.14762 0.16560 -0.98619
0.58819 0.14647 0.16418 -0.98643
0.58838 0.14532 0.16276 -0.98667
0.58857 0.14417 0.16135 -0.98690
0.58876 0.14301 0.15993 -0.98713
0.58894 0.14186 0.15852 -0.98736
0.58913 0.14071 0.15712 -0.98758
0.58931 0.13955 0.15571 -0.98780
0.58949 0.13839 0.15431 -0.98802
0.58967 0.13724 0.15290 -0.98824
0.58985 0.13608 0.15150 -0.98846
0.59003 0.13492 0.15011 -0.98867
0.59020 0.13376 0.14871 -0.98888
0.59038 0.13260 0.14732 -0.98909
0.59055 0.13144 0.14592 -0.98930
0.59072 0.13028 0.14453 -0.98950
0.59089 0.12912 0.14314 -0.98970
0.59106 0.12796 0.14176 -0.98990
0.59122 0.12679 0.14037 -0.99010
0.59139 0.12563 0.13899 -0.99029
0.59155 0.12447 0.13761 -0.99049
0.59171 0.12330 0.13623 -0.99068
0.59187 0.12214 0.13485 -0.99087
0.59203 0.12097 0.13348 -0.99105
0.59218 0.11980 0.13211 -0.99124
0.59234 0.11863 0.13073 -0.99142
0.59249 0.11747 0.12936 -0.99160
0.59264 0.11630 0.12800 -0.99177
0.59279 0.11513 0.12663 -0.99195
0.59294 0.11396 0.12526 -0.99212
0.59309 0.11279 0.12390 -0.99229
0.59323 0.11162 0.12254 -0.99246
0.59338 0.11044 0.12118 -0.99263
0.59352 0.10927 0.11982 -0.99280
0.59366 0.10810 0.11847 -0.99296
0.59380 0.10692 0.11711 -0.99312
0.59394 0.10575 0.11576 -0.99328
0.59407 0.10457 0.11441 -0.99343
0.59421 0.10340 0.11306 -0.99359
0.59434 0.10222 0.11171 -0.99374
0.59447 0.10105 0.11036 -0.99389
0.59460 0.09987 0.10902 -0.99404
0.59473 0.09869 0.10767 -0.99419
0.59486 0.09751 0.10633 -0.99433
0.59498 0.09633 0.10499 -0.99447
0.59511 0.09516 0.10365 -0.99461
0.59523 0.09398 0.10231 -0.99475
0.59535 0.09280 0.10098 -0.99489
0.59547 0.09162 0.09964 -0.99502
0.59559 0.09043 0.09831 -0.99516
0.59570 0.08925 0.09698 -0.99529
0.59582 0.08807 0.09565 -0.99542
0.59593 0.08689 0.09432 -0.99554
0.59604 0.08570 0.09299 -0.99567
0.59615 0.08452 0.09166 -0.99579
0.59626 0.08334 0.09034 -0.99591
0.59637 0.08215 0.08901 -0.99603
0.59647 0.08097 0.08769 -0.99615
0.59657 0.07978 0.08637 -0.99626
0.59668 0.07860 0.08505 -0.99638
0.59678 0.07741 0.08373 -0.99649
0.59688 0.07622 0.08241 -0.99660
0.59697 0.07504 0.08109 -0.99671
0.59707 0.07385 0.07977 -0.99681
0.59716 0.07266 0.07846 -0.99692
0.59726 0.07147 0.07715 -0.99702
0.59735 0.07028 0.07583 -0.99712
0.59744 0.06910 0.07452 -0.99722
0.59752 0.06791 0.07321 -0.99732
0.59761 0.06672 0.07190 -0.99741
0.59770 0.06553 0.07059 -0.99751
0.59778 0.06434 0.06929 -0.99760
0.59786 0.06315 0.06798 -0.99769
0.59794 0.06195 0.06668 -0.99777
0.59802 0.06076 0.06537 -0.99786
0.59810 0.05957 0.06407 -0.99795
0.59817 0.05838 0.06276 -0.99803
0.59825 0.05719 0.06146 -0.99811
0.59832 0.05599 0.06016 -0.99819
0.59839 0.05480 0.05886 -0.99827
0.59846 0.05361 0.05756 -0.99834
0.59853 0.05241 0.05627 -0.99842
0.59860 0.05122 0.05497 -0.99849
0.59866 0.05003 0.05367 -0.99856
0.59872 0.04883 0.05238 -0.99863
0.59879 0.04764 0.05108 -0.99869
0.59885 0.04644 0.04979 -0.99876
0.59890 0.04525 0.04849 -0.99882
0.59896 0.04405 0.04720 -0.99889
0.59902 0.04285 0.04591 -0.99895
0.59907 0.04166 0.04462 -0.99900
0.59912 0.04046 0.04332 -0.99906
0.59918 0.03927 0.04203 -0.99912
0.59923 0.03807 0.04074 -0.99917
0.59927 0.03687 0.03946 -0.99922
0.59932 0.03568 0.03817 -0.99927
0.59936 0.03448 0.03688 -0.99932
0.59941 0.03328 0.03559 -0.99937
0.59945 0.03208 0.03430 -0.99941
0.59949 0.03089 0.03302 -0.99945
0.59953 0.02969 0.03173 -0.99950
0.59957 0.02849 0.03045 -0.99954
0.59960 0.02729 0.02916 -0.99957
0.59964 0.02609 0.02788 -0.99961
0.59967 0.02489 0.02659 -0.99965
0.59970 0.02370 0.02531 -0.99968
0.59973 0.02250 0.02403 -0.99971
0.59976 0.02130 0.02274 -0.99974
0.59978 0.02010 0.02146 -0.99977
0.59981 0.01890 0.02018 -0.99980
0.59983 0.01770 0.01889 -0.99982
0.59985 0.01650 0.01761 -0.99984
0.59988 0.01530 0.01633 -0.99987
0.59989 0.01410 0.01505 -0.99989
0.59991 0.01290 0.01377 -0.99991
0.59993 0.01170 0.01249 -0.99992
0.59994 0.01050 0.01121 -0.99994
0.59995 0.00930 0.00993 -0.99995
0.59996 0.00810 0.00865 -0.99996
0.59997 0.00690 0.00737 -0.99997
0.59998 0.00570 0.00609 -0.99998
0.59999 0.00450 0.00481 -0.99999
0.59999 0.00330 0.00352 -0.99999
0.60000 0.00210 0.00224 -1.00000
0.60000 0.00090 0.00096 -1.00000
0.60000 -0.00030 -0.00032 -1.00000
