-0.45000 0.00000 0.00000 1.00000
-0.45000 0.00090 0.00160 1.00000
-0.45000 0.00180 0.00319 0.99999
-0.44999 0.00270 0.00479 0.99999
-0.44999 0.00360 0.00638 0.99998
-0.44998 0.00450 0.00798 0.99997
-0.44997 0.00540 0.00957 0.99995
-0.44996 0.00630 0.01117 0.99994
-0.44995 0.00720 0.01276 0.99992
-0.44994 0.00810 0.01436 0.99990
-0.44993 0.00900 0.01595 0.99987
-0.44991 0.00990 0.01755 0.99985
-0.44990 0.01080 0.01914 0.99982
-0.44988 0.01170 0.02074 0.99978
-0.44986 0.01260 0.02233 0.99975
-0.44984 0.01350 0.02393 0.99971
-0.44982 0.01440 0.02553 0.99967
-0.44979 0.01530 0.02712 0.99963
-0.44977 0.01620 0.02872 0.99959
-0.44974 0.01710 0.03032 0.99954
-0.44971 0.01799 0.03191 0.99949
-0.44968 0.01889 0.03351 0.99944
-0.44965 0.01979 0.03511 0.99938
-0.44962 0.02069 0.03671 0.99933
-0.44959 0.02159 0.03831 0.99927
-0.44955 0.02249 0.03990 0.99920
-0.44951 0.02339 0.04150 0.99914
-0.44948 0.02429 0.04310 0.99907
-0.44944 0.02518 0.04470 0.99900
-0.44940 0.02608 0.04630 0.99893
-0.44935 0.02698 0.04790 0.99885
-0.44931 0.02788 0.04950 0.99877
-0.44927 0.02878 0.05110 0.99869
-0.44922 0.02967 0.05270 0.99861
-0.44917 0.03057 0.05430 0.99852
-0.44912 0.03147 0.05590 0.99844
-0.44907 0.03237 0.05750 0.99835
-0.44902 0.03326 0.05911 0.99825
-0.44896 0.03416 0.06071 0.99816
-0.44891 0.03506 0.06231 0.99806
-0.44885 0.03595 0.06392 0.99796
-0.44879 0.03685 0.06552 0.99785
-0.44873 0.03775 0.06712 0.99774
-0.44867 0.03864 0.06873 0.99764
-0.44861 0.03954 0.07033 0.99752
-0.44855 0.04043 0.07194 0.99741
-0.44848 0.04133 0.07355 0.99729
-0.44841 0.04223 0.07515 0.99717
-0.44835 0.04312 0.07676 0.99705
-0.44828 0.04402 0.07837 0.99692
-0.44821 0.04491 0.07998 0.99680
-0.44813 0.04580 0.08158 0.99667
-0.44806 0.04670 0.08319 0.99653
-0.44798 0.04759 0.08480 0.99640
-0.44791 0.04849 0.08641 0.99626
-0.44783 0.04938 0.08802 0.99612
-0.44775 0.05027 0.08964 0.99597
-0.44767 0.05117 0.09125 0.99583
-0.44759 0.05206 0.09286 0.99568
-0.44750 0.05295 0.09447 0.99553
-0.44742 0.05384 0.09609 0.99537
-0.44733 0.05474 0.09770 0.99522
-0.44724 0.05563 0.09932 0.99506
-0.44715 0.05652 0.10093 0.99489
-0.44706 0.05741 0.10255 0.99473
-0.44697 0.05830 0.10417 0.99456
-0.44687 0.05919 0.10578 0.99439
-0.44678 0.06008 0.10740 0.99422
-0.44668 0.06097 0.10902 0.99404
-0.44658 0.06186 0.11064 0.99386
-0.44648 0.06275 0.11226 0.99368
-0.44638 0.06364 0.11388 0.99349
-0.44628 0.06453 0.11551 0.99331
-0.44618 0.06542 0.11713 0.99312
-0.44607 0.06631 0.11875 0.99292
-0.44596 0.06720 0.12038 0.99273
-0.44585 0.06808 0.12200 0.99253
-0.44574 0.06897 0.12363 0.99233
-0.44563 0.06986 0.12525 0.99212
-0.44552 0.07075 0.12688 0.99192
-0.44541 0.07163 0.12851 0.99171
-0.44529 0.07252 0.13014 0.99150
-0.44517 0.07340 0.13177 0.99128
-0.44506 0.07429 0.13340 0.99106
-0.44494 0.07517 0.13503 0.99084
-0.44481 0.07606 0.13666 0.99062
-0.44469 0.07694 0.13830 0.99039
-0.44457 0.07783 0.13993 0.99016
-0.44444 0.07871 0.14156 0.98993
-0.44431 0.07959 0.14320 0.98969
-0.44419 0.08048 0.14484 0.98946
-0.44406 0.08136 0.14647 0.98921
-0.44392 0.08224 0.14811 0.98897
-0.44379 0.08312 0.14975 0.98872
-0.44366 0.08400 0.15139 0.98847
-0.44352 0.08488 0.15303 0.98822
-0.44339 0.08577 0.15467 0.98797
-0.44325 0.08665 0.15632 0.98771
-0.44311 0.08753 0.15796 0.98745
-0.44297 0.08840 0.15960 0.98718
-0.44282 0.08928 0.16125 0.98691
-0.44268 0.09016 0.16290 0.98664
-0.44253 0.09104 0.16454 0.98637
-0.44239 0.09192 0.16619 0.98609
-0.44224 0.09279 0.16784 0.98581
-0.44209 0.09367 0.16949 0.98553
-0.44194 0.09455 0.17114 0.98525
-0.44178 0.09542 0.17280 0.98496
-0.44163 0.09630 0.17445 0.98467
-0.44147 0.09717 0.17610 0.98437
-0.44132 0.09805 0.17776 0.98407
-0.44116 0.09892 0.17942 0.98377
-0.44100 0.09979 0.18107 0.98347
-0.44083 0.10067 0.18273 0.98316
-0.44067 0.10154 0.18439 0.98285
-0.44051 0.10241 0.18605 0.98254
-0.44034 0.10328 0.18771 0.98222
-0.44017 0.10415 0.18938 0.98190
-0.44001 0.10503 0.19104 0.98158
-0.43984 0.10590 0.19271 0.98126
-0.43966 0.10676 0.19437 0.98093
-0.43949 0.10763 0.19604 0.98060
-0.43932 0.10850 0.19771 0.98026
-0.43914 0.10937 0.19938 0.97992
-0.43896 0.11024 0.20105 0.97958
-0.43879 0.11110 0.20272 0.97924
-0.43860 0.11197 0.20439 0.97889
-0.43842 0.11284 0.20606 0.97854
-0.43824 0.11370 0.20774 0.97818
-0.43806 0.11457 0.20941 0.97783
-0.43787 0.11543 0.21109 0.97747
-0.43768 0.11630 0.21277 0.97710
-0.43749 0.11716 0.21445 0.97674
-0.43730 0.11802 0.21613 0.97637
-0.43711 0.11888 0.21781 0.97599
-0.43692 0.11975 0.21949 0.97562
-0.43672 0.12061 0.22117 0.97523
-0.43653 0.12147 0.22286 0.97485
-0.43633 0.12233 0.22454 0.97446
-0.43613 0.12319 0.22623 0.97407
-0.43593 0.12404 0.22792 0.97368
-0.43573 0.12490 0.22961 0.97328
-0.43553 0.12576 0.23130 0.97288
-0.43532 0.12662 0.23299 0.97248
-0.43512 0.12747 0.23468 0.97207
-0.43491 0.12833 0.23637 0.97166
-0.43470 0.12918 0.23807 0.97125
-0.43449 0.13004 0.23976 0.97083
-0.43428 0.13089 0.24146 0.97041
-0.43407 0.13175 0.24316 0.96999
-0.43385 0.13260 0.24486 0.96956
-0.43364 0.13345 0.24656 0.96913
-0.43342 0.13430 0.24826 0.96869
-0.43320 0.13515 0.24996 0.96826
-0.43298 0.13600 0.25167 0.96781
-0.43276 0.13685 0.25337 0.96737
-0.43253 0.13770 0.25508 0.96692
-0.43231 0.13855 0.25679 0.96647
-0.43208 0.13940 0.25849 0.96601
-0.43186 0.14025 0.26020 0.96555
-0.43163 0.14109 0.26191 0.96509
-0.43140 0.14194 0.26363 0.96462
-0.43116 0.14278 0.26534 0.96415
-0.43093 0.14363 0.26705 0.96368
-0.43070 0.14447 0.26877 0.96320
-0.43046 0.14531 0.27049 0.96272
-0.43022 0.14616 0.27220 0.96224
-0.42998 0.14700 0.27392 0.96175
-0.42974 0.14784 0.27564 0.96126
-0.42950 0.14868 0.27736 0.96076
-0.42926 0.14952 0.27909 0.96027
-0.42901 0.15036 0.28081 0.95976
-0.42877 0.15120 0.28254 0.95926
-0.42852 0.15203 0.28426 0.95875
-0.42827 0.15287 0.28599 0.95823
-0.42802 0.15371 0.28772 0.95772
-0.42777 0.15454 0.28945 0.95719
-0.42752 0.15538 0.29118 0.95667
-0.42726 0.15621 0.29291 0.95614
-0.42701 0.15705 0.29464 0.95561
-0.42675 0.15788 0.29637 0.95507
-0.42649 0.15871 0.29811 0.95453
-0.42623 0.15954 0.29985 0.95399
-0.42597 0.16037 0.30158 0.95344
-0.42570 0.16120 0.30332 0.95289
-0.42544 0.16203 0.30506 0.95233
-0.42517 0.16286 0.30680 0.95177
-0.42491 0.16369 0.30854 0.95121
-0.42464 0.16451 0.31028 0.95064
-0.42437 0.16534 0.31203 0.95007
-0.42409 0.16616 0.31377 0.94950
-0.42382 0.16699 0.31552 0.94892
-0.42355 0.16781 0.31727 0.94834
-0.42327 0.16863 0.31901 0.94775
-0.42299 0.16946 0.32076 0.94716
-0.42271 0.17028 0.32251 0.94656
-0.42243 0.17110 0.32427 0.94597
-0.42215 0.17192 0.32602 0.94536
-0.42187 0.17274 0.32777 0.94476
-0.42158 0.17355 0.32953 0.94415
-0.42130 0.17437 0.33128 0.94353
-0.42101 0.17519 0.33304 0.94291
-0.42072 0.17600 0.33479 0.94229
-0.42043 0.17682 0.33655 0.94166
-0.42014 0.17763 0.33831 0.94103
-0.41984 0.17845 0.34007 0.94040
-0.41955 0.17926 0.34183 0.93976
-0.41925 0.18007 0.34360 0.93912
-0.41896 0.18088 0.34536 0.93847
-0.41866 0.18169 0.34712 0.93782
-0.41836 0.18250 0.34889 0.93716
-0.41806 0.18331 0.35066 0.93650
-0.41775 0.18412 0.35242 0.93584
-0.41745 0.18492 0.35419 0.93517
-0.41714 0.18573 0.35596 0.93450
-0.41683 0.18654 0.35773 0.93383
-0.41652 0.18734 0.35950 0.93314
-0.41621 0.18814 0.36127 0.93246
-0.41590 0.18895 0.36305 0.93177
-0.41559 0.18975 0.36482 0.93108
-0.41527 0.19055 0.36659 0.93038
-0.41496 0.19135 0.36837 0.92968
-0.41464 0.19215 0.37014 0.92897
-0.41432 0.19295 0.37192 0.92826
-0.41400 0.19374 0.37370 0.92755
-0.41368 0.19454 0.37548 0.92683
-0.41336 0.19533 0.37726 0.92611
-0.41303 0.19613 0.37904 0.92538
-0.41271 0.19692 0.38082 0.92465
-0.41238 0.19772 0.38260 0.92391
-0.41205 0.19851 0.38438 0.92317
-0.41172 0.19930 0.38617 0.92243
-0.41139 0.20009 0.38795 0.92168
-0.41105 0.20088 0.38973 0.92093
-0.41072 0.20167 0.39152 0.92017
-0.41038 0.20246 0.39331 0.91941
-0.41005 0.20324 0.39509 0.91864
-0.40971 0.20403 0.39688 0.91787
-0.40937 0.20481 0.39867 0.91710
-0.40903 0.20560 0.40046 0.91632
-0.40868 0.20638 0.40225 0.91553
-0.40834 0.20716 0.40403 0.91474
-0.40799 0.20794 0.40583 0.91395
-0.40764 0.20872 0.40762 0.91315
-0.40730 0.20950 0.40941 0.91235
-0.40695 0.21028 0.41120 0.91154
-0.40659 0.21106 0.41299 0.91073
-0.40624 0.21183 0.41479 0.90992
-0.40589 0.21261 0.41658 0.90910
-0.40553 0.21338 0.41837 0.90827
-0.40517 0.21416 0.42017 0.90745
-0.40481 0.21493 0.42196 0.90661
-0.40445 0.21570 0.42376 0.90577
-0.40409 0.21647 0.42556 0.90493
-0.40373 0.21724 0.42735 0.90408
-0.40337 0.21801 0.42915 0.90323
-0.40300 0.21878 0.43095 0.90238
-0.40263 0.21955 0.43275 0.90152
-0.40226 0.22031 0.43454 0.90065
-0.40189 0.22108 0.43634 0.89978
-0.40152 0.22184 0.43814 0.89891
-0.40115 0.22261 0.43994 0.89803
-0.40078 0.22337 0.44174 0.89714
-0.40040 0.22413 0.44354 0.89626
-0.40002 0.22489 0.44534 0.89536
-0.39964 0.22565 0.44714 0.89446
-0.39926 0.22641 0.44894 0.89356
-0.39888 0.22716 0.45074 0.89266
-0.39850 0.22792 0.45254 0.89174
-0.39812 0.22867 0.45434 0.89083
-0.39773 0.22943 0.45614 0.88991
-0.39734 0.23018 0.45794 0.88898
-0.39696 0.23093 0.45974 0.88805
-0.39657 0.23168 0.46155 0.88712
-0.39617 0.23243 0.46335 0.88618
-0.39578 0.23318 0.46515 0.88523
-0.39539 0.23393 0.46695 0.88428
-0.39499 0.23468 0.46875 0.88333
-0.39460 0.23542 0.47055 0.88237
-0.39420 0.23617 0.47235 0.88141
-0.39380 0.23691 0.47416 0.88044
-0.39340 0.23766 0.47596 0.87947
-0.39299 0.23840 0.47776 0.87849
-0.39259 0.23914 0.47956 0.87751
-0.39218 0.23988 0.48136 0.87652
-0.39178 0.24062 0.48316 0.87553
-0.39137 0.24135 0.48496 0.87454
-0.39096 0.24209 0.48676 0.87353
-0.39055 0.24283 0.48856 0.87253
-0.39014 0.24356 0.49036 0.87152
-0.38972 0.24429 0.49216 0.87050
-0.38931 0.24503 0.49396 0.86948
-0.38889 0.24576 0.49576 0.86846
-0.38847 0.24649 0.49756 0.86743
-0.38805 0.24722 0.49936 0.86640
-0.38763 0.24795 0.50115 0.86536
-0.38721 0.24867 0.50295 0.86431
-0.38679 0.24940 0.50475 0.86327
-0.38636 0.25012 0.50655 0.86221
-0.38594 0.25085 0.50834 0.86115
-0.38551 0.25157 0.51014 0.86009
-0.38508 0.25229 0.51193 0.85902
-0.38465 0.25301 0.51373 0.85795
-0.38422 0.25373 0.51552 0.85688
-0.38379 0.25445 0.51732 0.85579
-0.38335 0.25517 0.51911 0.85471
-0.38291 0.25588 0.52090 0.85362
-0.38248 0.25660 0.52269 0.85252
-0.38204 0.25731 0.52448 0.85142
-0.38160 0.25803 0.52627 0.85031
-0.38116 0.25874 0.52806 0.84920
-0.38071 0.25945 0.52985 0.84809
-0.38027 0.26016 0.53164 0.84697
-0.37982 0.26087 0.53343 0.84585
-0.37938 0.26157 0.53521 0.84472
-0.37893 0.26228 0.53700 0.84358
-0.37848 0.26299 0.53878 0.84244
-0.37803 0.26369 0.54057 0.84130
-0.37757 0.26439 0.54235 0.84015
-0.37712 0.26509 0.54413 0.83900
-0.37666 0.26580 0.54591 0.83784
-0.37621 0.26650 0.54769 0.83668
-0.37575 0.26719 0.54947 0.83551
-0.37529 0.26789 0.55125 0.83434
-0.37483 0.26859 0.55303 0.83316
-0.37437 0.26928 0.55480 0.83198
-0.37390 0.26998 0.55658 0.83080
-0.37344 0.27067 0.55835 0.82960
-0.37297 0.27136 0.56012 0.82841
-0.37250 0.27205 0.56189 0.82721
-0.37203 0.27274 0.56366 0.82600
-0.37156 0.27343 0.56543 0.82479
-0.37109 0.27411 0.56720 0.82358
-0.37062 0.27480 0.56897 0.82236
-0.37014 0.27549 0.57073 0.82114
-0.36967 0.27617 0.57249 0.81991
-0.36919 0.27685 0.57426 0.81868
-0.36871 0.27753 0.57602 0.81744
-0.36823 0.27821 0.57778 0.81620
-0.36775 0.27889 0.57953 0.81495
-0.36726 0.27957 0.58129 0.81370
-0.36678 0.28025 0.58304 0.81244
-0.36629 0.28092 0.58480 0.81118
-0.36581 0.28160 0.58655 0.80992
-0.36532 0.28227 0.58830 0.80865
-0.36483 0.28294 0.59004 0.80737
-0.36434 0.28361 0.59179 0.80609
-0.36385 0.28428 0.59354 0.80481
-0.36335 0.28495 0.59528 0.80352
-0.36286 0.28562 0.59702 0.80223
-0.36236 0.28628 0.59876 0.80093
-0.36186 0.28695 0.60050 0.79963
-0.36136 0.28761 0.60223 0.79832
-0.36086 0.28827 0.60397 0.79701
-0.36036 0.28893 0.60570 0.79569
-0.35986 0.28959 0.60743 0.79437
-0.35935 0.29025 0.60916 0.79305
-0.35884 0.29091 0.61088 0.79172
-0.35834 0.29157 0.61261 0.79039
-0.35783 0.29222 0.61433 0.78905
-0.35732 0.29288 0.61605 0.78771
-0.35681 0.29353 0.61777 0.78636
-0.35629 0.29418 0.61949 0.78501
-0.35578 0.29483 0.62120 0.78365
-0.35526 0.29548 0.62291 0.78229
-0.35475 0.29613 0.62462 0.78093
-0.35423 0.29677 0.62633 0.77956
-0.35371 0.29742 0.62804 0.77818
-0.35319 0.29806 0.62974 0.77681
-0.35266 0.29871 0.63144 0.77543
-0.35214 0.29935 0.63314 0.77404
-0.35162 0.29999 0.63483 0.77265
-0.35109 0.30063 0.63653 0.77125
-0.35056 0.30127 0.63822 0.76985
-0.35003 0.30190 0.63991 0.76845
-0.34950 0.30254 0.64159 0.76704
-0.34897 0.30317 0.64328 0.76563
-0.34844 0.30381 0.64496 0.76422
-0.34790 0.30444 0.64664 0.76280
-0.34737 0.30507 0.64832 0.76137
-0.34683 0.30570 0.64999 0.75994
-0.34629 0.30633 0.65166 0.75851
-0.34575 0.30695 0.65333 0.75707
-0.34521 0.30758 0.65500 0.75563
-0.34467 0.30820 0.65666 0.75419
-0.34412 0.30883 0.65832 0.75274
-0.34358 0.30945 0.65998 0.75128
-0.34303 0.31007 0.66163 0.74983
-0.34248 0.31069 0.66329 0.74837
-0.34193 0.31131 0.66494 0.74690
-0.34138 0.31192 0.66658 0.74543
-0.34083 0.31254 0.66823 0.74396
-0.34028 0.31315 0.66987 0.74248
-0.33972 0.31377 0.67151 0.74100
-0.33917 0.31438 0.67314 0.73951
-0.33861 0.31499 0.67477 0.73802
-0.33805 0.31560 0.67640 0.73653
-0.33749 0.31621 0.67803 0.73504
-0.33693 0.31681 0.67965 0.73353
-0.33637 0.31742 0.68127 0.73203
-0.33581 0.31802 0.68289 0.73052
-0.33524 0.31863 0.68450 0.72901
-0.33467 0.31923 0.68611 0.72749
-0.33411 0.31983 0.68772 0.72597
-0.33354 0.32043 0.68933 0.72445
-0.33297 0.32103 0.69093 0.72292
-0.33240 0.32162 0.69253 0.72139
-0.33182 0.32222 0.69412 0.71986
-0.33125 0.32281 0.69571 0.71832
-0.33067 0.32341 0.69730 0.71678
-0.33010 0.32400 0.69889 0.71523
-0.32952 0.32459 0.70047 0.71368
-0.32894 0.32518 0.70205 0.71213
-0.32836 0.32576 0.70362 0.71058
-0.32778 0.32635 0.70519 0.70902
-0.32719 0.32694 0.70676 0.70745
-0.32661 0.32752 0.70832 0.70589
-0.32602 0.32810 0.70989 0.70432
-0.32544 0.32868 0.71144 0.70274
-0.32485 0.32926 0.71300 0.70117
-0.32426 0.32984 0.71455 0.69959
-0.32367 0.33042 0.71609 0.69800
-0.32308 0.33099 0.71764 0.69642
-0.32248 0.33157 0.71918 0.69483
-0.32189 0.33214 0.72071 0.69323
-0.32129 0.33272 0.72225 0.69164
-0.32069 0.33329 0.72377 0.69004
-0.32010 0.33386 0.72530 0.68843
-0.31950 0.33442 0.72682 0.68683
-0.31889 0.33499 0.72834 0.68522
-0.31829 0.33556 0.72985 0.68361
-0.31769 0.33612 0.73136 0.68199
-0.31708 0.33668 0.73287 0.68037
-0.31648 0.33724 0.73437 0.67875
-0.31587 0.33781 0.73587 0.67712
-0.31526 0.33836 0.73736 0.67550
-0.31465 0.33892 0.73885 0.67386
-0.31404 0.33948 0.74034 0.67223
-0.31343 0.34003 0.74182 0.67059
-0.31281 0.34059 0.74330 0.66895
-0.31220 0.34114 0.74478 0.66731
-0.31158 0.34169 0.74625 0.66567
-0.31096 0.34224 0.74772 0.66402
-0.31034 0.34279 0.74918 0.66237
-0.30972 0.34334 0.75064 0.66071
-0.30910 0.34388 0.75209 0.65906
-0.30848 0.34443 0.75355 0.65740
-0.30786 0.34497 0.75499 0.65573
-0.30723 0.34551 0.75644 0.65407
-0.30660 0.34605 0.75787 0.65240
-0.30598 0.34659 0.75931 0.65073
-0.30535 0.34713 0.76074 0.64906
-0.30472 0.34766 0.76217 0.64738
-0.30409 0.34820 0.76359 0.64570
-0.30345 0.34873 0.76501 0.64402
-0.30282 0.34927 0.76642 0.64234
-0.30218 0.34980 0.76783 0.64066
-0.30155 0.35033 0.76923 0.63897
-0.30091 0.35085 0.77063 0.63728
-0.30027 0.35138 0.77203 0.63558
-0.29963 0.35191 0.77342 0.63389
-0.29899 0.35243 0.77481 0.63219
-0.29835 0.35296 0.77620 0.63049
-0.29770 0.35348 0.77758 0.62879
-0.29706 0.35400 0.77895 0.62709
-0.29641 0.35452 0.78032 0.62538
-0.29577 0.35503 0.78169 0.62367
-0.29512 0.35555 0.78305 0.62196
-0.29447 0.35606 0.78441 0.62025
-0.29382 0.35658 0.78576 0.61853
-0.29316 0.35709 0.78711 0.61681
-0.29251 0.35760 0.78845 0.61509
-0.29186 0.35811 0.78979 0.61337
-0.29120 0.35862 0.79113 0.61165
-0.29054 0.35913 0.79246 0.60992
-0.28989 0.35963 0.79379 0.60820
-0.28923 0.36014 0.79511 0.60647
-0.28857 0.36064 0.79643 0.60474
-0.28790 0.36114 0.79774 0.60300
-0.28724 0.36164 0.79905 0.60127
-0.28658 0.36214 0.80035 0.59953
-0.28591 0.36264 0.80165 0.59779
-0.28524 0.36313 0.80295 0.59605
-0.28458 0.36363 0.80424 0.59431
-0.28391 0.36412 0.80552 0.59256
-0.28324 0.36461 0.80680 0.59082
-0.28257 0.36510 0.80808 0.58907
-0.28189 0.36559 0.80935 0.58732
-0.28122 0.36608 0.81062 0.58557
-0.28055 0.36657 0.81188 0.58382
-0.27987 0.36705 0.81314 0.58207
-0.27919 0.36753 0.81440 0.58031
-0.27851 0.36802 0.81564 0.57855
-0.27783 0.36850 0.81689 0.57680
-0.27715 0.36898 0.81813 0.57504
-0.27647 0.36945 0.81936 0.57327
-0.27579 0.36993 0.82059 0.57151
-0.27510 0.37041 0.82182 0.56975
-0.27442 0.37088 0.82304 0.56798
-0.27373 0.37135 0.82426 0.56622
-0.27304 0.37182 0.82547 0.56445
-0.27236 0.37229 0.82668 0.56268
-0.27167 0.37276 0.82788 0.56091
-0.27098 0.37323 0.82908 0.55914
-0.27028 0.37370 0.83027 0.55736
-0.26959 0.37416 0.83146 0.55559
-0.26890 0.37462 0.83264 0.55381
-0.26820 0.37509 0.83382 0.55204
-0.26750 0.37555 0.83499 0.55026
-0.26680 0.37600 0.83616 0.54848
-0.26611 0.37646 0.83733 0.54670
-0.26541 0.37692 0.83849 0.54492
-0.26470 0.37737 0.83964 0.54314
-0.26400 0.37783 0.84079 0.54136
-0.26330 0.37828 0.84194 0.53958
-0.26259 0.37873 0.84308 0.53779
-0.26189 0.37918 0.84421 0.53601
-0.26118 0.37963 0.84535 0.53422
-0.26047 0.38007 0.84647 0.53243
-0.25976 0.38052 0.84759 0.53065
-0.25905 0.38096 0.84871 0.52886
-0.25834 0.38140 0.84982 0.52707
-0.25763 0.38184 0.85093 0.52528
-0.25692 0.38228 0.85203 0.52349
-0.25620 0.38272 0.85313 0.52170
-0.25549 0.38316 0.85423 0.51990
-0.25477 0.38359 0.85531 0.51811
-0.25405 0.38403 0.85640 0.51632
-0.25333 0.38446 0.85748 0.51452
-0.25261 0.38489 0.85855 0.51273
-0.25189 0.38532 0.85962 0.51093
-0.25117 0.38575 0.86068 0.50914
-0.25044 0.38618 0.86174 0.50734
-0.24972 0.38660 0.86280 0.50555
-0.24900 0.38702 0.86385 0.50375
-0.24827 0.38745 0.86490 0.50195
-0.24754 0.38787 0.86594 0.50015
-0.24681 0.38829 0.86697 0.49836
-0.24608 0.38871 0.86800 0.49656
-0.24535 0.38912 0.86903 0.49476
-0.24462 0.38954 0.87005 0.49296
-0.24389 0.38995 0.87107 0.49116
-0.24315 0.39037 0.87208 0.48936
-0.24242 0.39078 0.87309 0.48756
-0.24168 0.39119 0.87409 0.48576
-0.24094 0.39160 0.87509 0.48396
-0.24021 0.39200 0.87608 0.48216
-0.23947 0.39241 0.87707 0.48036
-0.23873 0.39282 0.87806 0.47856
-0.23798 0.39322 0.87904 0.47675
-0.23724 0.39362 0.88001 0.47495
-0.23650 0.39402 0.88098 0.47315
-0.23575 0.39442 0.88195 0.47135
-0.23501 0.39482 0.88291 0.46955
-0.23426 0.39521 0.88386 0.46775
-0.23351 0.39561 0.88481 0.46595
-0.23277 0.39600 0.88576 0.46415
-0.23202 0.39639 0.88670 0.46234
-0.23127 0.39678 0.88764 0.46054
-0.23051 0.39717 0.88857 0.45874
-0.22976 0.39756 0.88950 0.45694
-0.22901 0.39795 0.89042 0.45514
-0.22825 0.39833 0.89134 0.45334
-0.22750 0.39871 0.89225 0.45154
-0.22674 0.39910 0.89316 0.44974
-0.22598 0.39948 0.89407 0.44794
-0.22522 0.39986 0.89497 0.44614
-0.22447 0.40023 0.89586 0.44434
-0.22370 0.40061 0.89675 0.44254
-0.22294 0.40098 0.89764 0.44074
-0.22218 0.40136 0.89852 0.43894
-0.22142 0.40173 0.89939 0.43714
-0.22065 0.40210 0.90027 0.43534
-0.21989 0.40247 0.90113 0.43354
-0.21912 0.40284 0.90200 0.43174
-0.21835 0.40320 0.90285 0.42995
-0.21758 0.40357 0.90371 0.42815
-0.21681 0.40393 0.90456 0.42635
-0.21604 0.40429 0.90540 0.42456
-0.21527 0.40466 0.90624 0.42276
-0.21450 0.40501 0.90708 0.42096
-0.21373 0.40537 0.90791 0.41917
-0.21295 0.40573 0.90873 0.41738
-0.21218 0.40608 0.90956 0.41558
-0.21140 0.40644 0.91037 0.41379
-0.21063 0.40679 0.91119 0.41199
-0.20985 0.40714 0.91199 0.41020
-0.20907 0.40749 0.91280 0.40841
-0.20829 0.40784 0.91360 0.40662
-0.20751 0.40818 0.91439 0.40483
-0.20673 0.40853 0.91518 0.40304
-0.20594 0.40887 0.91597 0.40125
-0.20516 0.40922 0.91675 0.39946
-0.20438 0.40956 0.91753 0.39767
-0.20359 0.40990 0.91830 0.39588
-0.20280 0.41023 0.91907 0.39410
-0.20202 0.41057 0.91983 0.39231
-0.20123 0.41091 0.92059 0.39052
-0.20044 0.41124 0.92135 0.38874
-0.19965 0.41157 0.92210 0.38696
-0.19886 0.41190 0.92284 0.38517
-0.19807 0.41223 0.92359 0.38339
-0.19727 0.41256 0.92432 0.38161
-0.19648 0.41289 0.92506 0.37983
-0.19569 0.41321 0.92579 0.37805
-0.19489 0.41354 0.92651 0.37627
-0.19410 0.41386 0.92723 0.37449
-0.19330 0.41418 0.92795 0.37271
-0.19250 0.41450 0.92866 0.37093
-0.19170 0.41482 0.92937 0.36916
-0.19090 0.41513 0.93007 0.36738
-0.19010 0.41545 0.93077 0.36560
-0.18930 0.41576 0.93146 0.36383
-0.18850 0.41608 0.93216 0.36206
-0.18770 0.41639 0.93284 0.36029
-0.18689 0.41670 0.93352 0.35851
-0.18609 0.41701 0.93420 0.35674
-0.18528 0.41731 0.93488 0.35497
-0.18448 0.41762 0.93555 0.35321
-0.18367 0.41792 0.93621 0.35144
-0.18286 0.41822 0.93687 0.34967
-0.18205 0.41852 0.93753 0.34791
-0.18124 0.41882 0.93818 0.34614
-0.18043 0.41912 0.93883 0.34438
-0.17962 0.41942 0.93948 0.34261
-0.17881 0.41971 0.94012 0.34085
-0.17799 0.42001 0.94075 0.33909
-0.17718 0.42030 0.94139 0.33733
-0.17637 0.42059 0.94201 0.33557
-0.17555 0.42088 0.94264 0.33382
-0.17473 0.42117 0.94326 0.33206
-0.17392 0.42146 0.94388 0.33030
-0.17310 0.42174 0.94449 0.32855
-0.17228 0.42203 0.94510 0.32679
-0.17146 0.42231 0.94570 0.32504
-0.17064 0.42259 0.94630 0.32329
-0.16982 0.42287 0.94690 0.32154
-0.16900 0.42315 0.94749 0.31979
-0.16818 0.42342 0.94808 0.31804
-0.16735 0.42370 0.94866 0.31629
-0.16653 0.42397 0.94924 0.31455
-0.16570 0.42425 0.94982 0.31280
-0.16488 0.42452 0.95039 0.31106
-0.16405 0.42479 0.95096 0.30931
-0.16322 0.42505 0.95152 0.30757
-0.16240 0.42532 0.95209 0.30583
-0.16157 0.42559 0.95264 0.30409
-0.16074 0.42585 0.95320 0.30235
-0.15991 0.42611 0.95375 0.30061
-0.15908 0.42637 0.95429 0.29888
-0.15825 0.42663 0.95483 0.29714
-0.15741 0.42689 0.95537 0.29541
-0.15658 0.42715 0.95591 0.29368
-0.15575 0.42740 0.95644 0.29194
-0.15491 0.42766 0.95696 0.29021
-0.15408 0.42791 0.95749 0.28848
-0.15324 0.42816 0.95800 0.28675
-0.15241 0.42841 0.95852 0.28503
-0.15157 0.42866 0.95903 0.28330
-0.15073 0.42891 0.95954 0.28157
-0.14989 0.42915 0.96004 0.27985
-0.14905 0.42939 0.96054 0.27813
-0.14821 0.42964 0.96104 0.27641
-0.14737 0.42988 0.96153 0.27469
-0.14653 0.43012 0.96202 0.27297
-0.14569 0.43036 0.96251 0.27125
-0.14485 0.43059 0.96299 0.26953
-0.14400 0.43083 0.96347 0.26781
-0.14316 0.43106 0.96395 0.26610
-0.14231 0.43129 0.96442 0.26439
-0.14147 0.43152 0.96488 0.26267
-0.14062 0.43175 0.96535 0.26096
-0.13977 0.43198 0.96581 0.25925
-0.13893 0.43221 0.96627 0.25754
-0.13808 0.43243 0.96672 0.25583
-0.13723 0.43266 0.96717 0.25413
-0.13638 0.43288 0.96762 0.25242
-0.13553 0.43310 0.96806 0.25072
-0.13468 0.43332 0.96850 0.24901
-0.13383 0.43354 0.96894 0.24731
-0.13298 0.43376 0.96937 0.24561
-0.13212 0.43397 0.96980 0.24391
-0.13127 0.43418 0.97022 0.24221
-0.13042 0.43440 0.97065 0.24052
-0.12956 0.43461 0.97106 0.23882
-0.12871 0.43482 0.97148 0.23712
-0.12785 0.43503 0.97189 0.23543
-0.12700 0.43523 0.97230 0.23374
-0.12614 0.43544 0.97271 0.23204
-0.12528 0.43564 0.97311 0.23035
-0.12443 0.43584 0.97351 0.22866
-0.12357 0.43604 0.97390 0.22698
-0.12271 0.43624 0.97429 0.22529
-0.12185 0.43644 0.97468 0.22360
-0.12099 0.43664 0.97507 0.22192
-0.12013 0.43683 0.97545 0.22023
-0.11927 0.43703 0.97583 0.21855
-0.11840 0.43722 0.97620 0.21687
-0.11754 0.43741 0.97657 0.21519
-0.11668 0.43760 0.97694 0.21351
-0.11581 0.43779 0.97731 0.21183
-0.11495 0.43797 0.97767 0.21015
-0.11409 0.43816 0.97803 0.20848
-0.11322 0.43834 0.97838 0.20680
-0.11236 0.43852 0.97873 0.20513
-0.11149 0.43871 0.97908 0.20346
-0.11062 0.43888 0.97943 0.20179
-0.10975 0.43906 0.97977 0.20011
-0.10889 0.43924 0.98011 0.19845
-0.10802 0.43941 0.98045 0.19678
-0.10715 0.43959 0.98078 0.19511
-0.10628 0.43976 0.98111 0.19344
-0.10541 0.43993 0.98144 0.19178
-0.10454 0.44010 0.98176 0.19011
-0.10367 0.44027 0.98208 0.18845
-0.10280 0.44043 0.98240 0.18679
-0.10193 0.44060 0.98271 0.18513
-0.10105 0.44076 0.98303 0.18347
-0.10018 0.44093 0.98333 0.18181
-0.09931 0.44109 0.98364 0.18015
-0.09843 0.44125 0.98394 0.17849
-0.09756 0.44140 0.98424 0.17684
-0.09669 0.44156 0.98454 0.17518
-0.09581 0.44171 0.98483 0.17353
-0.09493 0.44187 0.98512 0.17188
-0.09406 0.44202 0.98541 0.17022
-0.09318 0.44217 0.98569 0.16857
-0.09231 0.44232 0.98597 0.16692
-0.09143 0.44247 0.98625 0.16528
-0.09055 0.44261 0.98652 0.16363
-0.08967 0.44276 0.98679 0.16198
-0.08879 0.44290 0.98706 0.16033
-0.08791 0.44304 0.98733 0.15869
-0.08704 0.44318 0.98759 0.15704
-0.08616 0.44332 0.98785 0.15540
-0.08528 0.44346 0.98811 0.15376
-0.08439 0.44360 0.98836 0.15212
-0.08351 0.44373 0.98861 0.15048
-0.08263 0.44387 0.98886 0.14884
-0.08175 0.44400 0.98911 0.14720
-0.08087 0.44413 0.98935 0.14556
-0.07999 0.44426 0.98959 0.14392
-0.07910 0.44439 0.98983 0.14229
-0.07822 0.44451 0.99006 0.14065
-0.07733 0.44464 0.99029 0.13902
-0.07645 0.44476 0.99052 0.13739
-0.07557 0.44488 0.99074 0.13575
-0.07468 0.44500 0.99096 0.13412
-0.07380 0.44512 0.99118 0.13249
-0.07291 0.44524 0.99140 0.13086
-0.07202 0.44536 0.99161 0.12923
-0.07114 0.44547 0.99183 0.12760
-0.07025 0.44558 0.99203 0.12597
-0.06936 0.44570 0.99224 0.12435
-0.06848 0.44581 0.99244 0.12272
-0.06759 0.44591 0.99264 0.12110
-0.06670 0.44602 0.99284 0.11947
-0.06581 0.44613 0.99303 0.11785
-0.06493 0.44623 0.99322 0.11622
-0.06404 0.44634 0.99341 0.11460
-0.06315 0.44644 0.99360 0.11298
-0.06226 0.44654 0.99378 0.11136
-0.06137 0.44664 0.99396 0.10974
-0.06048 0.44674 0.99414 0.10812
-0.05959 0.44683 0.99431 0.10650
-0.05870 0.44693 0.99448 0.10488
-0.05781 0.44702 0.99465 0.10327
-0.05692 0.44711 0.99482 0.10165
-0.05602 0.44720 0.99498 0.10003
-0.05513 0.44729 0.99515 0.09842
-0.05424 0.44738 0.99530 0.09680
-0.05335 0.44746 0.99546 0.09519
-0.05246 0.44755 0.99561 0.09358
-0.05156 0.44763 0.99576 0.09196
-0.05067 0.44771 0.99591 0.09035
-0.04978 0.44779 0.99605 0.08874
-0.04888 0.44787 0.99620 0.08713
-0.04799 0.44795 0.99634 0.08552
-0.04709 0.44803 0.99647 0.08391
-0.04620 0.44810 0.99661 0.08230
-0.04531 0.44817 0.99674 0.08069
-0.04441 0.44825 0.99687 0.07908
-0.04352 0.44832 0.99699 0.07747
-0.04262 0.44838 0.99712 0.07586
-0.04173 0.44845 0.99724 0.07426
-0.04083 0.44852 0.99736 0.07265
-0.03994 0.44858 0.99747 0.07105
-0.03904 0.44865 0.99759 0.06944
-0.03814 0.44871 0.99770 0.06784
-0.03725 0.44877 0.99780 0.06623
-0.03635 0.44883 0.99791 0.06463
-0.03545 0.44888 0.99801 0.06302
-0.03456 0.44894 0.99811 0.06142
-0.03366 0.44899 0.99821 0.05982
-0.03276 0.44905 0.99830 0.05821
-0.03187 0.44910 0.99840 0.05661
-0.03097 0.44915 0.99849 0.05501
-0.03007 0.44920 0.99857 0.05341
-0.02917 0.44924 0.99866 0.05181
-0.02828 0.44929 0.99874 0.05021
-0.02738 0.44933 0.99882 0.04861
-0.02648 0.44938 0.99889 0.04701
-0.02558 0.44942 0.99897 0.04541
-0.02468 0.44946 0.99904 0.04381
-0.02379 0.44950 0.99911 0.04221
-0.02289 0.44954 0.99918 0.04061
-0.02199 0.44957 0.99924 0.03901
-0.02109 0.44961 0.99930 0.03742
-0.02019 0.44964 0.99936 0.03582
-0.01929 0.44967 0.99941 0.03422
-0.01839 0.44970 0.99947 0.03262
-0.01749 0.44973 0.99952 0.03103
-0.01659 0.44976 0.99957 0.02943
-0.01569 0.44978 0.99961 0.02783
-0.01480 0.44981 0.99966 0.02623
-0.01390 0.44983 0.99970 0.02464
-0.01300 0.44985 0.99973 0.02304
-0.01210 0.44987 0.99977 0.02145
-0.01120 0.44989 0.99980 0.01985
-0.01030 0.44991 0.99983 0.01825
-0.00940 0.44992 0.99986 0.01666
-0.00850 0.44994 0.99989 0.01506
-0.00760 0.44995 0.99991 0.01347
-0.00670 0.44996 0.99993 0.01187
-0.00580 0.44997 0.99995 0.01028
-0.00490 0.44998 0.99996 0.00868
-0.00400 0.44999 0.99997 0.00709
-0.00310 0.44999 0.99998 0.00549
-0.00220 0.45000 0.99999 0.00390
-0.00130 0.45000 1.00000 0.00230
-0.00040 0.45000 1.00000 0.00071
0.00050 0.45000 1.00000 -0.00089
0.00140 0.45000 1.00000 -0.00248
0.00230 0.45000 0.99999 -0.00408
0.00320 0.44999 0.99998 -0.00567
0.00410 0.44999 0.99997 -0.00727
0.00500 0.44998 0.99996 -0.00886
0.00590 0.44997 0.99995 -0.01046
0.00680 0.44996 0.99993 -0.01205
0.00770 0.44995 0.99991 -0.01365
0.00860 0.44993 0.99988 -0.01524
0.00950 0.44992 0.99986 -0.01684
0.01040 0.44990 0.99983 -0.01844
0.01130 0.44989 0.99980 -0.02003
0.01220 0.44987 0.99977 -0.02163
0.01310 0.44985 0.99973 -0.02322
0.01400 0.44983 0.99969 -0.02482
0.01490 0.44980 0.99965 -0.02642
0.01580 0.44978 0.99961 -0.02801
0.01670 0.44975 0.99956 -0.02961
0.01760 0.44973 0.99951 -0.03121
0.01849 0.44970 0.99946 -0.03280
0.01939 0.44967 0.99941 -0.03440
0.02029 0.44963 0.99935 -0.03600
0.02119 0.44960 0.99929 -0.03760
0.02209 0.44957 0.99923 -0.03920
0.02299 0.44953 0.99917 -0.04079
0.02389 0.44949 0.99910 -0.04239
0.02479 0.44945 0.99903 -0.04399
0.02568 0.44941 0.99896 -0.04559
0.02658 0.44937 0.99889 -0.04719
0.02748 0.44933 0.99881 -0.04879
0.02838 0.44929 0.99873 -0.05039
0.02928 0.44924 0.99865 -0.05199
0.03017 0.44919 0.99856 -0.05359
0.03107 0.44914 0.99848 -0.05519
0.03197 0.44909 0.99839 -0.05679
0.03287 0.44904 0.99829 -0.05840
0.03376 0.44899 0.99820 -0.06000
0.03466 0.44893 0.99810 -0.06160
0.03556 0.44888 0.99800 -0.06321
0.03645 0.44882 0.99790 -0.06481
0.03735 0.44876 0.99779 -0.06641
0.03825 0.44870 0.99768 -0.06802
0.03914 0.44864 0.99757 -0.06962
0.04004 0.44858 0.99746 -0.07123
0.04093 0.44851 0.99734 -0.07283
0.04183 0.44844 0.99723 -0.07444
0.04272 0.44838 0.99710 -0.07605
0.04362 0.44831 0.99698 -0.07765
0.04451 0.44824 0.99685 -0.07926
0.04541 0.44817 0.99672 -0.08087
0.04630 0.44809 0.99659 -0.08248
0.04720 0.44802 0.99646 -0.08409
0.04809 0.44794 0.99632 -0.08570
0.04898 0.44786 0.99618 -0.08731
0.04988 0.44778 0.99604 -0.08892
0.05077 0.44770 0.99589 -0.09053
0.05166 0.44762 0.99575 -0.09215
0.05256 0.44754 0.99559 -0.09376
0.05345 0.44745 0.99544 -0.09537
0.05434 0.44737 0.99529 -0.09699
0.05523 0.44728 0.99513 -0.09860
0.05613 0.44719 0.99497 -0.10022
0.05702 0.44710 0.99480 -0.10183
0.05791 0.44701 0.99463 -0.10345
0.05880 0.44692 0.99447 -0.10507
0.05969 0.44682 0.99429 -0.10669
0.06058 0.44672 0.99412 -0.10830
0.06147 0.44663 0.99394 -0.10992
0.06236 0.44653 0.99376 -0.11154
0.06325 0.44643 0.99358 -0.11317
0.06414 0.44632 0.99339 -0.11479
0.06503 0.44622 0.99320 -0.11641
0.06592 0.44612 0.99301 -0.11803
0.06680 0.44601 0.99282 -0.11966
0.06769 0.44590 0.99262 -0.12128
0.06858 0.44579 0.99242 -0.12291
0.06947 0.44568 0.99222 -0.12453
0.07035 0.44557 0.99201 -0.12616
0.07124 0.44546 0.99180 -0.12779
0.07213 0.44534 0.99159 -0.12942
0.07301 0.44523 0.99138 -0.13105
0.07390 0.44511 0.99116 -0.13268
0.07478 0.44499 0.99094 -0.13431
0.07567 0.44487 0.99072 -0.13594
0.07655 0.44475 0.99049 -0.13757
0.07744 0.44462 0.99026 -0.13920
0.07832 0.44450 0.99003 -0.14084
0.07920 0.44437 0.98980 -0.14247
0.08009 0.44424 0.98956 -0.14411
0.08097 0.44411 0.98932 -0.14575
0.08185 0.44398 0.98908 -0.14739
0.08273 0.44385 0.98883 -0.14902
0.08361 0.44372 0.98859 -0.15066
0.08449 0.44358 0.98833 -0.15230
0.08538 0.44345 0.98808 -0.15395
0.08626 0.44331 0.98782 -0.15559
0.08714 0.44317 0.98756 -0.15723
0.08801 0.44303 0.98730 -0.15888
0.08889 0.44289 0.98703 -0.16052
0.08977 0.44274 0.98676 -0.16217
0.09065 0.44260 0.98649 -0.16381
0.09153 0.44245 0.98622 -0.16546
0.09241 0.44230 0.98594 -0.16711
0.09328 0.44215 0.98566 -0.16876
0.09416 0.44200 0.98537 -0.17041
0.09503 0.44185 0.98509 -0.17206
0.09591 0.44170 0.98480 -0.17372
0.09679 0.44154 0.98450 -0.17537
0.09766 0.44138 0.98421 -0.17703
0.09853 0.44123 0.98391 -0.17868
0.09941 0.44107 0.98360 -0.18034
0.10028 0.44091 0.98330 -0.18200
0.10115 0.44074 0.98299 -0.18366
0.10203 0.44058 0.98268 -0.18532
0.10290 0.44042 0.98236 -0.18698
0.10377 0.44025 0.98205 -0.18864
0.10464 0.44008 0.98173 -0.19030
0.10551 0.43991 0.98140 -0.19197
0.10638 0.43974 0.98107 -0.19363
0.10725 0.43957 0.98074 -0.19530
0.10812 0.43939 0.98041 -0.19697
0.10899 0.43922 0.98007 -0.19864
0.10985 0.43904 0.97973 -0.20030
0.11072 0.43886 0.97939 -0.20198
0.11159 0.43868 0.97904 -0.20365
0.11245 0.43850 0.97869 -0.20532
0.11332 0.43832 0.97834 -0.20699
0.11418 0.43814 0.97799 -0.20867
0.11505 0.43795 0.97763 -0.21035
0.11591 0.43777 0.97726 -0.21202
0.11678 0.43758 0.97690 -0.21370
0.11764 0.43739 0.97653 -0.21538
0.11850 0.43720 0.97616 -0.21706
0.11936 0.43700 0.97578 -0.21874
0.12022 0.43681 0.97540 -0.22043
0.12109 0.43662 0.97502 -0.22211
0.12195 0.43642 0.97464 -0.22379
0.12281 0.43622 0.97425 -0.22548
0.12366 0.43602 0.97386 -0.22717
0.12452 0.43582 0.97346 -0.22886
0.12538 0.43562 0.97306 -0.23055
0.12624 0.43541 0.97266 -0.23224
0.12709 0.43521 0.97225 -0.23393
0.12795 0.43500 0.97184 -0.23562
0.12881 0.43479 0.97143 -0.23732
0.12966 0.43458 0.97102 -0.23901
0.13052 0.43437 0.97060 -0.24071
0.13137 0.43416 0.97017 -0.24241
0.13222 0.43395 0.96975 -0.24410
0.13307 0.43373 0.96932 -0.24580
0.13393 0.43351 0.96889 -0.24751
0.13478 0.43330 0.96845 -0.24921
0.13563 0.43308 0.96801 -0.25091
0.13648 0.43286 0.96757 -0.25262
0.13733 0.43263 0.96712 -0.25432
0.13818 0.43241 0.96667 -0.25603
0.13902 0.43218 0.96622 -0.25774
0.13987 0.43196 0.96576 -0.25945
0.14072 0.43173 0.96530 -0.26116
0.14156 0.43150 0.96483 -0.26287
0.14241 0.43127 0.96436 -0.26458
0.14325 0.43103 0.96389 -0.26629
0.14410 0.43080 0.96342 -0.26801
0.14494 0.43057 0.96294 -0.26973
0.14578 0.43033 0.96245 -0.27144
0.14663 0.43009 0.96197 -0.27316
0.14747 0.42985 0.96148 -0.27488
0.14831 0.42961 0.96098 -0.27660
0.14915 0.42937 0.96049 -0.27832
0.14999 0.42912 0.95999 -0.28005
0.15083 0.42888 0.95948 -0.28177
0.15166 0.42863 0.95897 -0.28350
0.15250 0.42838 0.95846 -0.28522
0.15334 0.42813 0.95795 -0.28695
0.15417 0.42788 0.95743 -0.28868
0.15501 0.42763 0.95690 -0.29041
0.15584 0.42737 0.95638 -0.29214
0.15668 0.42712 0.95584 -0.29387
0.15751 0.42686 0.95531 -0.29561
0.15834 0.42660 0.95477 -0.29734
0.15917 0.42634 0.95423 -0.29908
0.16000 0.42608 0.95368 -0.30081
0.16083 0.42582 0.95313 -0.30255
0.16166 0.42556 0.95258 -0.30429
0.16249 0.42529 0.95202 -0.30603
0.16332 0.42502 0.95146 -0.30777
0.16415 0.42476 0.95090 -0.30951
0.16497 0.42449 0.95033 -0.31126
0.16580 0.42421 0.94975 -0.31300
0.16662 0.42394 0.94918 -0.31475
0.16745 0.42367 0.94860 -0.31649
0.16827 0.42339 0.94801 -0.31824
0.16909 0.42312 0.94742 -0.31999
0.16991 0.42284 0.94683 -0.32174
0.17073 0.42256 0.94623 -0.32349
0.17155 0.42228 0.94563 -0.32524
0.17237 0.42199 0.94503 -0.32699
0.17319 0.42171 0.94442 -0.32875
0.17401 0.42142 0.94381 -0.33050
0.17483 0.42114 0.94319 -0.33226
0.17564 0.42085 0.94257 -0.33402
0.17646 0.42056 0.94194 -0.33577
0.17727 0.42027 0.94131 -0.33753
0.17809 0.41998 0.94068 -0.33929
0.17890 0.41968 0.94004 -0.34105
0.17971 0.41939 0.93940 -0.34282
0.18052 0.41909 0.93876 -0.34458
0.18133 0.41879 0.93811 -0.34634
0.18214 0.41849 0.93745 -0.34811
0.18295 0.41819 0.93680 -0.34987
0.18376 0.41789 0.93614 -0.35164
0.18457 0.41758 0.93547 -0.35341
0.18537 0.41728 0.93480 -0.35518
0.18618 0.41697 0.93413 -0.35695
0.18698 0.41666 0.93345 -0.35872
0.18779 0.41635 0.93276 -0.36049
0.18859 0.41604 0.93208 -0.36226
0.18939 0.41573 0.93139 -0.36403
0.19019 0.41541 0.93069 -0.36581
0.19099 0.41510 0.92999 -0.36758
0.19179 0.41478 0.92929 -0.36936
0.19259 0.41446 0.92858 -0.37113
0.19339 0.41414 0.92787 -0.37291
0.19419 0.41382 0.92715 -0.37469
0.19498 0.41350 0.92643 -0.37647
0.19578 0.41318 0.92570 -0.37825
0.19657 0.41285 0.92497 -0.38003
0.19736 0.41252 0.92424 -0.38181
0.19816 0.41220 0.92350 -0.38359
0.19895 0.41187 0.92276 -0.38537
0.19974 0.41153 0.92201 -0.38716
0.20053 0.41120 0.92126 -0.38894
0.20132 0.41087 0.92051 -0.39073
0.20211 0.41053 0.91975 -0.39251
0.20289 0.41020 0.91898 -0.39430
0.20368 0.40986 0.91821 -0.39609
0.20446 0.40952 0.91744 -0.39787
0.20525 0.40918 0.91666 -0.39966
0.20603 0.40883 0.91588 -0.40145
0.20682 0.40849 0.91509 -0.40324
0.20760 0.40815 0.91430 -0.40503
0.20838 0.40780 0.91351 -0.40682
0.20916 0.40745 0.91271 -0.40861
0.20994 0.40710 0.91190 -0.41041
0.21071 0.40675 0.91109 -0.41220
0.21149 0.40640 0.91028 -0.41399
0.21227 0.40604 0.90946 -0.41579
0.21304 0.40569 0.90864 -0.41758
0.21382 0.40533 0.90781 -0.41937
0.21459 0.40497 0.90698 -0.42117
0.21536 0.40461 0.90615 -0.42296
0.21613 0.40425 0.90531 -0.42476
0.21690 0.40389 0.90446 -0.42656
0.21767 0.40353 0.90361 -0.42835
0.21844 0.40316 0.90276 -0.43015
0.21921 0.40280 0.90190 -0.43195
0.21997 0.40243 0.90103 -0.43375
0.22074 0.40206 0.90017 -0.43554
0.22150 0.40169 0.89929 -0.43734
0.22227 0.40132 0.89842 -0.43914
0.22303 0.40094 0.89754 -0.44094
0.22379 0.40057 0.89665 -0.44274
0.22455 0.40019 0.89576 -0.44454
0.22531 0.39981 0.89486 -0.44634
0.22607 0.39943 0.89396 -0.44814
0.22683 0.39905 0.89306 -0.44994
0.22758 0.39867 0.89215 -0.45174
0.22834 0.39829 0.89123 -0.45354
0.22909 0.39790 0.89032 -0.45534
0.22985 0.39752 0.88939 -0.45714
0.23060 0.39713 0.88846 -0.45895
0.23135 0.39674 0.88753 -0.46075
0.23210 0.39635 0.88659 -0.46255
0.23285 0.39596 0.88565 -0.46435
0.23360 0.39556 0.88470 -0.46615
0.23435 0.39517 0.88375 -0.46795
0.23509 0.39477 0.88280 -0.46975
0.23584 0.39437 0.88184 -0.47156
0.23658 0.39397 0.88087 -0.47336
0.23733 0.39357 0.87990 -0.47516
0.23807 0.39317 0.87893 -0.47696
0.23881 0.39277 0.87795 -0.47876
0.23955 0.39236 0.87696 -0.48056
0.24029 0.39196 0.87597 -0.48236
0.24103 0.39155 0.87498 -0.48416
0.24176 0.39114 0.87398 -0.48596
0.24250 0.39073 0.87298 -0.48776
0.24324 0.39032 0.87197 -0.48956
0.24397 0.38991 0.87095 -0.49136
0.24470 0.38949 0.86994 -0.49316
0.24543 0.38908 0.86891 -0.49496
0.24617 0.38866 0.86789 -0.49676
0.24689 0.38824 0.86686 -0.49856
0.24762 0.38782 0.86582 -0.50036
0.24835 0.38740 0.86478 -0.50216
0.24908 0.38698 0.86373 -0.50395
0.24980 0.38655 0.86268 -0.50575
0.25053 0.38613 0.86162 -0.50755
0.25125 0.38570 0.86056 -0.50934
0.25197 0.38527 0.85950 -0.51114
0.25269 0.38484 0.85843 -0.51293
0.25341 0.38441 0.85735 -0.51473
0.25413 0.38398 0.85627 -0.51652
0.25485 0.38354 0.85519 -0.51831
0.25557 0.38311 0.85410 -0.52011
0.25628 0.38267 0.85301 -0.52190
0.25700 0.38223 0.85191 -0.52369
0.25771 0.38179 0.85081 -0.52548
0.25842 0.38135 0.84970 -0.52727
0.25913 0.38091 0.84858 -0.52906
0.25984 0.38047 0.84747 -0.53085
0.26055 0.38002 0.84634 -0.53264
0.26126 0.37957 0.84522 -0.53442
0.26197 0.37913 0.84409 -0.53621
0.26267 0.37868 0.84295 -0.53799
0.26338 0.37823 0.84181 -0.53978
0.26408 0.37777 0.84066 -0.54156
0.26478 0.37732 0.83951 -0.54334
0.26549 0.37687 0.83835 -0.54513
0.26619 0.37641 0.83719 -0.54691
0.26688 0.37595 0.83603 -0.54869
0.26758 0.37549 0.83486 -0.55046
0.26828 0.37503 0.83368 -0.55224
0.26897 0.37457 0.83251 -0.55402
0.26967 0.37411 0.83132 -0.55579
0.27036 0.37364 0.83013 -0.55757
0.27105 0.37318 0.82894 -0.55934
0.27174 0.37271 0.82774 -0.56111
0.27243 0.37224 0.82654 -0.56288
0.27312 0.37177 0.82533 -0.56465
0.27381 0.37130 0.82412 -0.56642
0.27450 0.37083 0.82290 -0.56818
0.27518 0.37035 0.82168 -0.56995
0.27587 0.36988 0.82045 -0.57171
0.27655 0.36940 0.81922 -0.57348
0.27723 0.36892 0.81799 -0.57524
0.27791 0.36844 0.81675 -0.57700
0.27859 0.36796 0.81550 -0.57875
0.27927 0.36748 0.81425 -0.58051
0.27995 0.36700 0.81300 -0.58227
0.28062 0.36651 0.81174 -0.58402
0.28130 0.36602 0.81048 -0.58577
0.28197 0.36554 0.80921 -0.58752
0.28264 0.36505 0.80794 -0.58927
0.28331 0.36456 0.80666 -0.59102
0.28398 0.36406 0.80538 -0.59276
0.28465 0.36357 0.80409 -0.59451
0.28532 0.36308 0.80280 -0.59625
0.28599 0.36258 0.80150 -0.59799
0.28665 0.36208 0.80020 -0.59973
0.28732 0.36158 0.79890 -0.60146
0.28798 0.36108 0.79759 -0.60320
0.28864 0.36058 0.79628 -0.60493
0.28930 0.36008 0.79496 -0.60666
0.28996 0.35957 0.79364 -0.60839
0.29062 0.35907 0.79231 -0.61012
0.29128 0.35856 0.79098 -0.61185
0.29193 0.35805 0.78964 -0.61357
0.29259 0.35754 0.78830 -0.61529
0.29324 0.35703 0.78696 -0.61701
0.29389 0.35652 0.78561 -0.61873
0.29454 0.35601 0.78425 -0.62044
0.29519 0.35549 0.78289 -0.62215
0.29584 0.35497 0.78153 -0.62386
0.29649 0.35446 0.78017 -0.62557
0.29713 0.35394 0.77879 -0.62728
0.29778 0.35342 0.77742 -0.62898
0.29842 0.35290 0.77604 -0.63069
0.29906 0.35237 0.77465 -0.63239
0.29970 0.35185 0.77327 -0.63408
0.30034 0.35132 0.77187 -0.63578
0.30098 0.35079 0.77048 -0.63747
0.30162 0.35027 0.76907 -0.63916
0.30226 0.34974 0.76767 -0.64085
0.30289 0.34921 0.76626 -0.64253
0.30353 0.34867 0.76484 -0.64422
0.30416 0.34814 0.76343 -0.64590
0.30479 0.34760 0.76200 -0.64757
0.30542 0.34707 0.76058 -0.64925
0.30605 0.34653 0.75915 -0.65092
0.30668 0.34599 0.75771 -0.65259
0.30730 0.34545 0.75627 -0.65426
0.30793 0.34491 0.75483 -0.65592
0.30855 0.34436 0.75338 -0.65758
0.30917 0.34382 0.75193 -0.65924
0.30979 0.34327 0.75047 -0.66090
0.31041 0.34273 0.74901 -0.66255
0.31103 0.34218 0.74755 -0.66421
0.31165 0.34163 0.74608 -0.66585
0.31227 0.34108 0.74461 -0.66750
0.31288 0.34052 0.74314 -0.66914
0.31350 0.33997 0.74166 -0.67078
0.31411 0.33941 0.74017 -0.67242
0.31472 0.33886 0.73869 -0.67405
0.31533 0.33830 0.73719 -0.67568
0.31594 0.33774 0.73570 -0.67731
0.31655 0.33718 0.73420 -0.67893
0.31715 0.33662 0.73270 -0.68055
0.31776 0.33606 0.73119 -0.68217
0.31836 0.33549 0.72968 -0.68379
0.31896 0.33493 0.72817 -0.68540
0.31956 0.33436 0.72665 -0.68701
0.32016 0.33379 0.72513 -0.68862
0.32076 0.33322 0.72360 -0.69022
0.32136 0.33265 0.72207 -0.69182
0.32195 0.33208 0.72054 -0.69341
0.32255 0.33150 0.71900 -0.69501
0.32314 0.33093 0.71746 -0.69660
0.32374 0.33035 0.71592 -0.69818
0.32433 0.32978 0.71437 -0.69977
0.32492 0.32920 0.71282 -0.70135
0.32550 0.32862 0.71127 -0.70292
0.32609 0.32804 0.70971 -0.70450
0.32668 0.32745 0.70815 -0.70607
0.32726 0.32687 0.70658 -0.70763
0.32784 0.32628 0.70501 -0.70919
0.32843 0.32570 0.70344 -0.71075
0.32901 0.32511 0.70187 -0.71231
0.32959 0.32452 0.70029 -0.71386
0.33016 0.32393 0.69871 -0.71541
0.33074 0.32334 0.69712 -0.71695
0.33131 0.32275 0.69553 -0.71850
0.33189 0.32215 0.69394 -0.72003
0.33246 0.32156 0.69234 -0.72157
0.33303 0.32096 0.69075 -0.72310
0.33360 0.32036 0.68914 -0.72462
0.33417 0.31976 0.68754 -0.72615
0.33474 0.31916 0.68593 -0.72767
0.33531 0.31856 0.68432 -0.72918
0.33587 0.31796 0.68271 -0.73069
0.33643 0.31735 0.68109 -0.73220
0.33700 0.31675 0.67947 -0.73371
0.33756 0.31614 0.67784 -0.73521
0.33812 0.31553 0.67622 -0.73670
0.33867 0.31492 0.67459 -0.73819
0.33923 0.31431 0.67296 -0.73968
0.33979 0.31370 0.67132 -0.74117
0.34034 0.31308 0.66968 -0.74265
0.34089 0.31247 0.66804 -0.74413
0.34145 0.31185 0.66640 -0.74560
0.34200 0.31124 0.66475 -0.74707
0.34255 0.31062 0.66310 -0.74853
0.34309 0.31000 0.66145 -0.74999
0.34364 0.30938 0.65979 -0.75145
0.34418 0.30876 0.65813 -0.75290
0.34473 0.30813 0.65647 -0.75435
0.34527 0.30751 0.65481 -0.75580
0.34581 0.30688 0.65314 -0.75724
0.34635 0.30625 0.65147 -0.75867
0.34689 0.30563 0.64980 -0.76011
0.34743 0.30500 0.64813 -0.76153
0.34796 0.30437 0.64645 -0.76296
0.34850 0.30373 0.64477 -0.76438
0.34903 0.30310 0.64309 -0.76579
0.34956 0.30247 0.64140 -0.76720
0.35009 0.30183 0.63972 -0.76861
0.35062 0.30119 0.63803 -0.77001
0.35115 0.30055 0.63634 -0.77141
0.35167 0.29992 0.63464 -0.77281
0.35220 0.29927 0.63294 -0.77420
0.35272 0.29863 0.63125 -0.77558
0.35325 0.29799 0.62954 -0.77696
0.35377 0.29735 0.62784 -0.77834
0.35429 0.29670 0.62614 -0.77971
0.35480 0.29605 0.62443 -0.78108
0.35532 0.29540 0.62272 -0.78245
0.35584 0.29476 0.62101 -0.78381
0.35635 0.29411 0.61929 -0.78516
0.35686 0.29345 0.61757 -0.78651
0.35738 0.29280 0.61586 -0.78786
0.35789 0.29215 0.61414 -0.78920
0.35839 0.29149 0.61241 -0.79054
0.35890 0.29083 0.61069 -0.79187
0.35941 0.29018 0.60896 -0.79320
0.35991 0.28952 0.60723 -0.79452
0.36042 0.28886 0.60550 -0.79584
0.36092 0.28820 0.60377 -0.79716
0.36142 0.28753 0.60204 -0.79847
0.36192 0.28687 0.60030 -0.79977
0.36242 0.28621 0.59856 -0.80108
0.36291 0.28554 0.59682 -0.80237
0.36341 0.28487 0.59508 -0.80367
0.36390 0.28420 0.59334 -0.80495
0.36439 0.28353 0.59159 -0.80624
0.36488 0.28286 0.58985 -0.80752
0.36537 0.28219 0.58810 -0.80879
0.36586 0.28152 0.58635 -0.81006
0.36635 0.28084 0.58460 -0.81132
0.36684 0.28017 0.58284 -0.81258
0.36732 0.27949 0.58109 -0.81384
0.36780 0.27881 0.57933 -0.81509
0.36828 0.27814 0.57757 -0.81634
0.36876 0.27746 0.57582 -0.81758
0.36924 0.27677 0.57406 -0.81882
0.36972 0.27609 0.57229 -0.82005
0.37020 0.27541 0.57053 -0.82128
0.37067 0.27472 0.56877 -0.82250
0.37114 0.27404 0.56700 -0.82372
0.37162 0.27335 0.56523 -0.82493
0.37209 0.27266 0.56346 -0.82614
0.37256 0.27197 0.56169 -0.82735
0.37302 0.27128 0.55992 -0.82855
0.37349 0.27059 0.55815 -0.82974
0.37396 0.26990 0.55638 -0.83093
0.37442 0.26920 0.55460 -0.83212
0.37488 0.26851 0.55283 -0.83330
0.37534 0.26781 0.55105 -0.83447
0.37580 0.26711 0.54927 -0.83564
0.37626 0.26642 0.54749 -0.83681
0.37672 0.26572 0.54571 -0.83797
0.37717 0.26502 0.54393 -0.83913
0.37763 0.26431 0.54215 -0.84028
0.37808 0.26361 0.54037 -0.84143
0.37853 0.26291 0.53858 -0.84257
0.37898 0.26220 0.53680 -0.84371
0.37943 0.26149 0.53501 -0.84484
0.37987 0.26079 0.53322 -0.84597
0.38032 0.26008 0.53144 -0.84710
0.38076 0.25937 0.52965 -0.84822
0.38121 0.25866 0.52786 -0.84933
0.38165 0.25795 0.52607 -0.85044
0.38209 0.25723 0.52428 -0.85155
0.38253 0.25652 0.52249 -0.85265
0.38296 0.25580 0.52070 -0.85374
0.38340 0.25509 0.51891 -0.85483
0.38383 0.25437 0.51711 -0.85592
0.38427 0.25365 0.51532 -0.85700
0.38470 0.25293 0.51352 -0.85808
0.38513 0.25221 0.51173 -0.85915
0.38556 0.25149 0.50993 -0.86021
0.38599 0.25077 0.50814 -0.86128
0.38641 0.25004 0.50634 -0.86233
0.38684 0.24932 0.50455 -0.86339
0.38726 0.24859 0.50275 -0.86443
0.38768 0.24786 0.50095 -0.86548
0.38810 0.24714 0.49915 -0.86651
0.38852 0.24641 0.49735 -0.86755
0.38894 0.24568 0.49556 -0.86858
0.38936 0.24494 0.49376 -0.86960
0.38977 0.24421 0.49196 -0.87062
0.39018 0.24348 0.49016 -0.87163
0.39060 0.24274 0.48836 -0.87264
0.39101 0.24201 0.48656 -0.87365
0.39142 0.24127 0.48476 -0.87465
0.39182 0.24053 0.48296 -0.87564
0.39223 0.23979 0.48115 -0.87664
0.39264 0.23905 0.47935 -0.87762
0.39304 0.23831 0.47755 -0.87860
0.39344 0.23757 0.47575 -0.87958
0.39384 0.23683 0.47395 -0.88055
0.39424 0.23608 0.47215 -0.88152
0.39464 0.23534 0.47035 -0.88248
0.39504 0.23459 0.46855 -0.88344
0.39543 0.23385 0.46674 -0.88439
0.39583 0.23310 0.46494 -0.88534
0.39622 0.23235 0.46314 -0.88628
0.39661 0.23160 0.46134 -0.88722
0.39700 0.23085 0.45954 -0.88816
0.39739 0.23010 0.45774 -0.88909
0.39777 0.22934 0.45594 -0.89001
0.39816 0.22859 0.45414 -0.89093
0.39854 0.22783 0.45234 -0.89185
0.39893 0.22708 0.45053 -0.89276
0.39931 0.22632 0.44873 -0.89367
0.39969 0.22556 0.44693 -0.89457
0.40007 0.22480 0.44513 -0.89546
0.40044 0.22404 0.44333 -0.89636
0.40082 0.22328 0.44153 -0.89724
0.40119 0.22252 0.43973 -0.89813
0.40156 0.22176 0.43794 -0.89901
0.40194 0.22099 0.43614 -0.89988
0.40231 0.22023 0.43434 -0.90075
0.40267 0.21946 0.43254 -0.90161
0.40304 0.21869 0.43074 -0.90247
0.40341 0.21792 0.42895 -0.90333
0.40377 0.21716 0.42715 -0.90418
0.40413 0.21639 0.42535 -0.90503
0.40450 0.21561 0.42356 -0.90587
0.40486 0.21484 0.42176 -0.90671
0.40521 0.21407 0.41997 -0.90754
0.40557 0.21330 0.41817 -0.90837
0.40593 0.21252 0.41638 -0.90919
0.40628 0.21175 0.41458 -0.91001
0.40663 0.21097 0.41279 -0.91083
0.40699 0.21019 0.41100 -0.91164
0.40734 0.20941 0.40920 -0.91244
0.40768 0.20863 0.40741 -0.91324
0.40803 0.20785 0.40562 -0.91404
0.40838 0.20707 0.40383 -0.91483
0.40872 0.20629 0.40204 -0.91562
0.40906 0.20551 0.40025 -0.91641
0.40941 0.20472 0.39846 -0.91718
0.40975 0.20394 0.39668 -0.91796
0.41008 0.20315 0.39489 -0.91873
0.41042 0.20237 0.39310 -0.91949
0.41076 0.20158 0.39132 -0.92026
0.41109 0.20079 0.38953 -0.92101
0.41143 0.20000 0.38775 -0.92177
0.41176 0.19921 0.38596 -0.92251
0.41209 0.19842 0.38418 -0.92326
0.41242 0.19763 0.38240 -0.92400
0.41274 0.19683 0.38062 -0.92473
0.41307 0.19604 0.37883 -0.92546
0.41339 0.19524 0.37705 -0.92619
0.41372 0.19445 0.37528 -0.92691
0.41404 0.19365 0.37350 -0.92763
0.41436 0.19285 0.37172 -0.92835
0.41468 0.19206 0.36994 -0.92905
0.41499 0.19126 0.36817 -0.92976
0.41531 0.19046 0.36639 -0.93046
0.41562 0.18966 0.36462 -0.93116
0.41594 0.18885 0.36284 -0.93185
0.41625 0.18805 0.36107 -0.93254
0.41656 0.18725 0.35930 -0.93322
0.41687 0.18644 0.35753 -0.93390
0.41718 0.18564 0.35576 -0.93458
0.41748 0.18483 0.35399 -0.93525
0.41779 0.18403 0.35222 -0.93592
0.41809 0.18322 0.35045 -0.93658
0.41839 0.18241 0.34869 -0.93724
0.41869 0.18160 0.34692 -0.93789
0.41899 0.18079 0.34516 -0.93854
0.41929 0.17998 0.34340 -0.93919
0.41958 0.17917 0.34163 -0.93983
0.41988 0.17835 0.33987 -0.94047
0.42017 0.17754 0.33811 -0.94111
0.42046 0.17673 0.33635 -0.94174
0.42075 0.17591 0.33459 -0.94236
0.42104 0.17510 0.33284 -0.94298
0.42133 0.17428 0.33108 -0.94360
0.42162 0.17346 0.32933 -0.94422
0.42190 0.17264 0.32757 -0.94483
0.42218 0.17182 0.32582 -0.94543
0.42246 0.17100 0.32407 -0.94603
0.42275 0.17018 0.32231 -0.94663
0.42302 0.16936 0.32056 -0.94723
0.42330 0.16854 0.31882 -0.94782
0.42358 0.16772 0.31707 -0.94840
0.42385 0.16689 0.31532 -0.94899
0.42412 0.16607 0.31357 -0.94956
0.42440 0.16524 0.31183 -0.95014
0.42467 0.16442 0.31009 -0.95071
0.42494 0.16359 0.30834 -0.95127
0.42520 0.16276 0.30660 -0.95184
0.42547 0.16194 0.30486 -0.95240
0.42573 0.16111 0.30312 -0.95295
0.42600 0.16028 0.30138 -0.95350
0.42626 0.15945 0.29965 -0.95405
0.42652 0.15862 0.29791 -0.95459
0.42678 0.15778 0.29618 -0.95513
0.42703 0.15695 0.29444 -0.95567
0.42729 0.15612 0.29271 -0.95620
0.42755 0.15528 0.29098 -0.95673
0.42780 0.15445 0.28925 -0.95725
0.42805 0.15361 0.28752 -0.95777
0.42830 0.15278 0.28579 -0.95829
0.42855 0.15194 0.28407 -0.95881
0.42880 0.15110 0.28234 -0.95931
0.42904 0.15026 0.28061 -0.95982
0.42929 0.14942 0.27889 -0.96032
0.42953 0.14858 0.27717 -0.96082
0.42977 0.14774 0.27545 -0.96132
0.43001 0.14690 0.27373 -0.96181
0.43025 0.14606 0.27201 -0.96229
0.43049 0.14522 0.27029 -0.96278
0.43072 0.14438 0.26857 -0.96326
0.43096 0.14353 0.26686 -0.96374
0.43119 0.14269 0.26515 -0.96421
0.43142 0.14184 0.26343 -0.96468
0.43165 0.14100 0.26172 -0.96514
0.43188 0.14015 0.26001 -0.96561
0.43211 0.13930 0.25830 -0.96606
0.43233 0.13845 0.25659 -0.96652
0.43256 0.13761 0.25488 -0.96697
0.43278 0.13676 0.25318 -0.96742
0.43300 0.13591 0.25147 -0.96786
0.43322 0.13506 0.24977 -0.96831
0.43344 0.13421 0.24807 -0.96874
0.43366 0.13335 0.24636 -0.96918
0.43388 0.13250 0.24466 -0.96961
0.43409 0.13165 0.24297 -0.97003
0.43430 0.13080 0.24127 -0.97046
0.43451 0.12994 0.23957 -0.97088
0.43472 0.12909 0.23787 -0.97130
0.43493 0.12823 0.23618 -0.97171
0.43514 0.12738 0.23449 -0.97212
0.43535 0.12652 0.23279 -0.97253
0.43555 0.12566 0.23110 -0.97293
0.43575 0.12481 0.22941 -0.97333
0.43596 0.12395 0.22772 -0.97373
0.43616 0.12309 0.22604 -0.97412
0.43635 0.12223 0.22435 -0.97451
0.43655 0.12137 0.22266 -0.97490
0.43675 0.12051 0.22098 -0.97528
0.43694 0.11965 0.21930 -0.97566
0.43713 0.11879 0.21761 -0.97603
0.43733 0.11792 0.21593 -0.97641
0.43752 0.11706 0.21425 -0.97678
0.43770 0.11620 0.21258 -0.97714
0.43789 0.11533 0.21090 -0.97751
0.43808 0.11447 0.20922 -0.97787
0.43826 0.11360 0.20755 -0.97823
0.43844 0.11274 0.20587 -0.97858
0.43863 0.11187 0.20420 -0.97893
0.43881 0.11101 0.20253 -0.97928
0.43898 0.11014 0.20086 -0.97962
0.43916 0.10927 0.19919 -0.97996
0.43934 0.10840 0.19752 -0.98030
0.43951 0.10753 0.19585 -0.98063
0.43968 0.10667 0.19418 -0.98097
0.43986 0.10580 0.19252 -0.98129
0.44003 0.10493 0.19085 -0.98162
0.44019 0.10406 0.18919 -0.98194
0.44036 0.10318 0.18753 -0.98226
0.44053 0.10231 0.18586 -0.98258
0.44069 0.10144 0.18420 -0.98289
0.44085 0.10057 0.18254 -0.98320
0.44101 0.09970 0.18089 -0.98350
0.44117 0.09882 0.17923 -0.98381
0.44133 0.09795 0.17757 -0.98411
0.44149 0.09707 0.17592 -0.98441
0.44165 0.09620 0.17426 -0.98470
0.44180 0.09532 0.17261 -0.98499
0.44195 0.09445 0.17096 -0.98528
0.44210 0.09357 0.16931 -0.98556
0.44225 0.09269 0.16765 -0.98585
0.44240 0.09182 0.16601 -0.98612
0.44255 0.09094 0.16436 -0.98640
0.44269 0.09006 0.16271 -0.98667
0.44284 0.08918 0.16106 -0.98694
0.44298 0.08830 0.15942 -0.98721
0.44312 0.08743 0.15777 -0.98748
0.44326 0.08655 0.15613 -0.98774
0.44340 0.08567 0.15449 -0.98799
0.44354 0.08478 0.15285 -0.98825
0.44367 0.08390 0.15120 -0.98850
0.44381 0.08302 0.14956 -0.98875
0.44394 0.08214 0.14793 -0.98900
0.44407 0.08126 0.14629 -0.98924
0.44420 0.08038 0.14465 -0.98948
0.44433 0.07949 0.14301 -0.98972
0.44446 0.07861 0.14138 -0.98996
0.44458 0.07773 0.13974 -0.99019
0.44471 0.07684 0.13811 -0.99042
0.44483 0.07596 0.13648 -0.99064
0.44495 0.07507 0.13484 -0.99087
0.44507 0.07419 0.13321 -0.99109
0.44519 0.07330 0.13158 -0.99131
0.44530 0.07242 0.12995 -0.99152
0.44542 0.07153 0.12832 -0.99173
0.44553 0.07064 0.12670 -0.99194
0.44565 0.06976 0.12507 -0.99215
0.44576 0.06887 0.12344 -0.99235
0.44587 0.06798 0.12182 -0.99255
0.44597 0.06710 0.12019 -0.99275
0.44608 0.06621 0.11857 -0.99295
0.44619 0.06532 0.11694 -0.99314
0.44629 0.06443 0.11532 -0.99333
0.44639 0.06354 0.11370 -0.99352
0.44649 0.06265 0.11208 -0.99370
0.44659 0.06176 0.11046 -0.99388
0.44669 0.06087 0.10884 -0.99406
0.44679 0.05998 0.10722 -0.99424
0.44688 0.05909 0.10560 -0.99441
0.44698 0.05820 0.10398 -0.99458
0.44707 0.05731 0.10237 -0.99475
0.44716 0.05642 0.10075 -0.99491
0.44725 0.05553 0.09913 -0.99507
0.44734 0.05464 0.09752 -0.99523
0.44743 0.05374 0.09590 -0.99539
0.44751 0.05285 0.09429 -0.99554
0.44759 0.05196 0.09268 -0.99570
0.44768 0.05107 0.09106 -0.99584
0.44776 0.05017 0.08945 -0.99599
0.44784 0.04928 0.08784 -0.99613
0.44792 0.04838 0.08623 -0.99628
0.44799 0.04749 0.08462 -0.99641
0.44807 0.04660 0.08301 -0.99655
0.44814 0.04570 0.08140 -0.99668
0.44821 0.04481 0.07979 -0.99681
0.44828 0.04391 0.07818 -0.99694
0.44835 0.04302 0.07658 -0.99706
0.44842 0.04212 0.07497 -0.99719
0.44849 0.04123 0.07336 -0.99731
0.44855 0.04033 0.07176 -0.99742
0.44862 0.03944 0.07015 -0.99754
0.44868 0.03854 0.06855 -0.99765
0.44874 0.03764 0.06694 -0.99776
0.44880 0.03675 0.06534 -0.99786
0.44886 0.03585 0.06373 -0.99797
0.44891 0.03496 0.06213 -0.99807
0.44897 0.03406 0.06053 -0.99817
0.44902 0.03316 0.05892 -0.99826
0.44908 0.03226 0.05732 -0.99836
0.44913 0.03137 0.05572 -0.99845
0.44918 0.03047 0.05412 -0.99853
0.44922 0.02957 0.05252 -0.99862
0.44927 0.02867 0.05092 -0.99870
0.44932 0.02778 0.04932 -0.99878
0.44936 0.02688 0.04772 -0.99886
0.44940 0.02598 0.04612 -0.99894
0.44944 0.02508 0.04452 -0.99901
0.44948 0.02418 0.04292 -0.99908
0.44952 0.02329 0.04132 -0.99915
0.44956 0.02239 0.03972 -0.99921
0.44959 0.02149 0.03812 -0.99927
0.44962 0.02059 0.03653 -0.99933
0.44966 0.01969 0.03493 -0.99939
0.44969 0.01879 0.03333 -0.99944
0.44972 0.01789 0.03173 -0.99950
0.44974 0.01699 0.03014 -0.99955
0.44977 0.01609 0.02854 -0.99959
0.44980 0.01519 0.02694 -0.99964
0.44982 0.01429 0.02535 -0.99968
0.44984 0.01340 0.02375 -0.99972
0.44986 0.01250 0.02215 -0.99975
0.44988 0.01160 0.02056 -0.99979
0.44990 0.01070 0.01896 -0.99982
0.44991 0.00980 0.01737 -0.99985
0.44993 0.00890 0.01577 -0.99988
0.44994 0.00800 0.01417 -0.99990
0.44996 0.00710 0.01258 -0.99992
0.44997 0.00620 0.01098 -0.99994
0.44998 0.00530 0.00939 -0.99996
0.44998 0.00440 0.00779 -0.99997
0.44999 0.00350 0.00620 -0.99998
0.44999 0.00260 0.00460 -0.99999
0.45000 0.00170 0.00301 -1.00000
0.45000 0.00080 0.00141 -1.00000
0.45000 -0.00010 -0.00018 -1.00000
