0.00000 0.00000 19.90000
0.00000 0.05263 20.10000
0.00000 0.10526 20.10000
0.00000 0.15789 20.10000
0.00000 0.21053 20.10000
0.00000 0.26316 20.10000
0.00000 0.31579 20.10000
0.00000 0.36842 20.10000
0.00000 0.42105 20.10000
0.00000 0.47368 20.10000
0.00000 0.52632 20.10000
0.00000 0.57895 20.10000
0.00000 0.63158 20.10000
0.00000 0.68421 20.10000
0.00000 0.73684 20.10000
0.00000 0.78947 20.10000
0.00000 0.84211 20.10000
0.00000 0.89474 20.10000
0.00000 0.94737 20.10000
0.00000 1.00000 20.10000

0.05263 0.00000 19.90000
0.05263 0.05263 20.00000
0.05263 0.10526 20.03954
0.05263 0.15789 20.05815
0.05263 0.21053 20.06837
0.05263 0.26316 20.07471
0.05263 0.31579 20.07904
0.05263 0.36842 20.08220
0.05263 0.42105 20.08466
0.05263 0.47368 20.08668
0.05263 0.52632 20.08839
0.05263 0.57895 20.08991
0.05263 0.63158 20.09131
0.05263 0.68421 20.09262
0.05263 0.73684 20.09389
0.05263 0.78947 20.09513
0.05263 0.84211 20.09635
0.05263 0.89474 20.09757
0.05263 0.94737 20.09878
0.05263 1.00000 20.10000

0.10526 0.00000 19.90000
0.10526 0.05263 19.96046
0.10526 0.10526 20.00000
0.10526 0.15789 20.02469
0.10526 0.21053 20.04062
0.10526 0.26316 20.05145
0.10526 0.31579 20.05923
0.10526 0.36842 20.06511
0.10526 0.42105 20.06978
0.10526 0.47368 20.07365
0.10526 0.52632 20.07698
0.10526 0.57895 20.07996
0.10526 0.63158 20.08270
0.10526 0.68421 20.08530
0.10526 0.73684 20.08780
0.10526 0.78947 20.09026
0.10526 0.84211 20.09270
0.10526 0.89474 20.09513
0.10526 0.94737 20.09757
0.10526 1.00000 20.10000

0.15789 0.00000 19.90000
0.15789 0.05263 19.94185
0.15789 0.10526 19.97531
0.15789 0.15789 20.00000
0.15789 0.21053 20.01796
0.15789 0.26316 20.03123
0.15789 0.31579 20.04131
0.15789 0.36842 20.04924
0.15789 0.42105 20.05569
0.15789 0.47368 20.06115
0.15789 0.52632 20.06592
0.15789 0.57895 20.07023
0.15789 0.63158 20.07424
0.15789 0.68421 20.07806
0.15789 0.73684 20.08177
0.15789 0.78947 20.08543
0.15789 0.84211 20.08906
0.15789 0.89474 20.09270
0.15789 0.94737 20.09635
0.15789 1.00000 20.10000

0.21053 0.00000 19.90000
0.21053 0.05263 19.93163
0.21053 0.10526 19.95938
0.21053 0.15789 19.98204
0.21053 0.21053 20.00000
0.21053 0.26316 20.01419
0.21053 0.31579 20.02555
0.21053 0.36842 20.03483
0.21053 0.42105 20.04261
0.21053 0.47368 20.04934
0.21053 0.52632 20.05532
0.21053 0.57895 20.06081
0.21053 0.63158 20.06596
0.21053 0.68421 20.07093
0.21053 0.73684 20.07578
0.21053 0.78947 20.08060
0.21053 0.84211 20.08543
0.21053 0.89474 20.09026
0.21053 0.94737 20.09513
0.21053 1.00000 20.10000

0.26316 0.00000 19.90000
0.26316 0.05263 19.92529
0.26316 0.10526 19.94855
0.26316 0.15789 19.96877
0.26316 0.21053 19.98581
0.26316 0.26316 20.00000
0.26316 0.31579 20.01187
0.26316 0.36842 20.02192
0.26316 0.42105 20.03059
0.26316 0.47368 20.03827
0.26316 0.52632 20.04523
0.26316 0.57895 20.05171
0.26316 0.63158 20.05789
0.26316 0.68421 20.06390
0.26316 0.73684 20.06984
0.26316 0.78947 20.07578
0.26316 0.84211 20.08177
0.26316 0.89474 20.08780
0.26316 0.94737 20.09389
0.26316 1.00000 20.10000

0.31579 0.00000 19.90000
0.31579 0.05263 19.92096
0.31579 0.10526 19.94077
0.31579 0.15789 19.95869
0.31579 0.21053 19.97445
0.31579 0.26316 19.98813
0.31579 0.31579 20.00000
0.31579 0.36842 20.01037
0.31579 0.42105 20.01958
0.31579 0.47368 20.02791
0.31579 0.52632 20.03561
0.31579 0.57895 20.04291
0.31579 0.63158 20.04997
0.31579 0.68421 20.05694
0.31579 0.73684 20.06390
0.31579 0.78947 20.07093
0.31579 0.84211 20.07806
0.31579 0.89474 20.08530
0.31579 0.94737 20.09262
0.31579 1.00000 20.10000

0.36842 0.00000 19.90000
0.36842 0.05263 19.91780
0.36842 0.10526 19.93489
0.36842 0.15789 19.95076
0.36842 0.21053 19.96517
0.36842 0.26316 19.97808
0.36842 0.31579 19.98963
0.36842 0.36842 20.00000
0.36842 0.42105 20.00944
0.36842 0.47368 20.01817
0.36842 0.52632 20.02641
0.36842 0.57895 20.03435
0.36842 0.63158 20.04216
0.36842 0.68421 20.04997
0.36842 0.73684 20.05789
0.36842 0.78947 20.06596
0.36842 0.84211 20.07424
0.36842 0.89474 20.08270
0.36842 0.94737 20.09131
0.36842 1.00000 20.10000

0.42105 0.00000 19.90000
0.42105 0.05263 19.91534
0.42105 0.10526 19.93022
0.42105 0.15789 19.94431
0.42105 0.21053 19.95739
0.42105 0.26316 19.96941
0.42105 0.31579 19.98042
0.42105 0.36842 19.99056
0.42105 0.42105 20.00000
0.42105 0.47368 20.00892
0.42105 0.52632 20.01750
0.42105 0.57895 20.02593
0.42105 0.63158 20.03435
0.42105 0.68421 20.04291
0.42105 0.73684 20.05171
0.42105 0.78947 20.06081
0.42105 0.84211 20.07023
0.42105 0.89474 20.07996
0.42105 0.94737 20.08991
0.42105 1.00000 20.10000

0.47368 0.00000 19.90000
0.47368 0.05263 19.91332
0.47368 0.10526 19.92635
0.47368 0.15789 19.93885
0.47368 0.21053 19.95066
0.47368 0.26316 19.96173
0.47368 0.31579 19.97209
0.47368 0.36842 19.98183
0.47368 0.42105 19.99108
0.47368 0.47368 20.00000
0.47368 0.52632 20.00875
0.47368 0.57895 20.01750
0.47368 0.63158 20.02641
0.47368 0.68421 20.03561
0.47368 0.73684 20.04523
0.47368 0.78947 20.05532
0.47368 0.84211 20.06592
0.47368 0.89474 20.07698
0.47368 0.94737 20.08839
0.47368 1.00000 20.10000

0.52632 0.00000 19.90000
0.52632 0.05263 19.91161
0.52632 0.10526 19.92302
0.52632 0.15789 19.93408
0.52632 0.21053 19.94468
0.52632 0.26316 19.95477
0.52632 0.31579 19.96439
0.52632 0.36842 19.97359
0.52632 0.42105 19.98250
0.52632 0.47368 19.99125
0.52632 0.52632 20.00000
0.52632 0.57895 20.00892
0.52632 0.63158 20.01817
0.52632 0.68421 20.02791
0.52632 0.73684 20.03827
0.52632 0.78947 20.04934
0.52632 0.84211 20.06115
0.52632 0.89474 20.07365
0.52632 0.94737 20.08668
0.52632 1.00000 20.10000

0.57895 0.00000 19.90000
0.57895 0.05263 19.91009
0.57895 0.10526 19.92004
0.57895 0.15789 19.92977
0.57895 0.21053 19.93919
0.57895 0.26316 19.94829
0.57895 0.31579 19.95709
0.57895 0.36842 19.96565
0.57895 0.42105 19.97407
0.57895 0.47368 19.98250
0.57895 0.52632 19.99108
0.57895 0.57895 20.00000
0.57895 0.63158 20.00944
0.57895 0.68421 20.01958
0.57895 0.73684 20.03059
0.57895 0.78947 20.04261
0.57895 0.84211 20.05569
0.57895 0.89474 20.06978
0.57895 0.94737 20.08466
0.57895 1.00000 20.10000

0.63158 0.00000 19.90000
0.63158 0.05263 19.90869
0.63158 0.10526 19.91730
0.63158 0.15789 19.92576
0.63158 0.21053 19.93404
0.63158 0.26316 19.94211
0.63158 0.31579 19.95003
0.63158 0.36842 19.95784
0.63158 0.42105 19.96565
0.63158 0.47368 19.97359
0.63158 0.52632 19.98183
0.63158 0.57895 19.99056
0.63158 0.63158 20.00000
0.63158 0.68421 20.01037
0.63158 0.73684 20.02192
0.63158 0.78947 20.03483
0.63158 0.84211 20.04924
0.63158 0.89474 20.06511
0.63158 0.94737 20.08220
0.63158 1.00000 20.10000

0.68421 0.00000 19.90000
0.68421 0.05263 19.90738
0.68421 0.10526 19.91470
0.68421 0.15789 19.92194
0.68421 0.21053 19.92907
0.68421 0.26316 19.93610
0.68421 0.31579 19.94306
0.68421 0.36842 19.95003
0.68421 0.42105 19.95709
0.68421 0.47368 19.96439
0.68421 0.52632 19.97209
0.68421 0.57895 19.98042
0.68421 0.63158 19.98963
0.68421 0.68421 20.00000
0.68421 0.73684 20.01187
0.68421 0.78947 20.02555
0.68421 0.84211 20.04131
0.68421 0.89474 20.05923
0.68421 0.94737 20.07904
0.68421 1.00000 20.10000

0.73684 0.00000 19.90000
0.73684 0.05263 19.90611
0.73684 0.10526 19.91220
0.73684 0.15789 19.91823
0.73684 0.21053 19.92422
0.73684 0.26316 19.93016
0.73684 0.31579 19.93610
0.73684 0.36842 19.94211
0.73684 0.42105 19.94829
0.73684 0.47368 19.95477
0.73684 0.52632 19.96173
0.73684 0.57895 19.96941
0.73684 0.63158 19.97808
0.73684 0.68421 19.98813
0.73684 0.73684 20.00000
0.73684 0.78947 20.01419
0.73684 0.84211 20.03123
0.73684 0.89474 20.05145
0.73684 0.94737 20.07471
0.73684 1.00000 20.10000

0.78947 0.00000 19.90000
0.78947 0.05263 19.90487
0.78947 0.10526 19.90974
0.78947 0.15789 19.91457
0.78947 0.21053 19.91940
0.78947 0.26316 19.92422
0.78947 0.31579 19.92907
0.78947 0.36842 19.93404
0.78947 0.42105 19.93919
0.78947 0.47368 19.94468
0.78947 0.52632 19.95066
0.78947 0.57895 19.95739
0.78947 0.63158 19.96517
0.78947 0.68421 19.97445
0.78947 0.73684 19.98581
0.78947 0.78947 20.00000
0.78947 0.84211 20.01796
0.78947 0.89474 20.04062
0.78947 0.94737 20.06837
0.78947 1.00000 20.10000

0.84211 0.00000 19.90000
0.84211 0.05263 19.90365
0.84211 0.10526 19.90730
0.84211 0.15789 19.91094
0.84211 0.21053 19.91457
0.84211 0.26316 19.91823
0.84211 0.31579 19.92194
0.84211 0.36842 19.92576
0.84211 0.42105 19.92977
0.84211 0.47368 19.93408
0.84211 0.52632 19.93885
0.84211 0.57895 19.94431
0.84211 0.63158 19.95076
0.84211 0.68421 19.95869
0.84211 0.73684 19.96877
0.84211 0.78947 19.98204
0.84211 0.84211 20.00000
0.84211 0.89474 20.02469
0.84211 0.94737 20.05815
0.84211 1.00000 20.10000

0.89474 0.00000 19.90000
0.89474 0.05263 19.90243
0.89474 0.10526 19.90487
0.89474 0.15789 19.90730
0.89474 0.21053 19.90974
0.89474 0.26316 19.91220
0.89474 0.31579 19.91470
0.89474 0.36842 19.91730
0.89474 0.42105 19.92004
0.89474 0.47368 19.92302
0.89474 0.52632 19.92635
0.89474 0.57895 19.93022
0.89474 0.63158 19.93489
0.89474 0.68421 19.94077
0.89474 0.73684 19.94855
0.89474 0.78947 19.95938
0.89474 0.84211 19.97531
0.89474 0.89474 20.00000
0.89474 0.94737 20.03954
0.89474 1.00000 20.10000

0.94737 0.00000 19.90000
0.94737 0.05263 19.90122
0.94737 0.10526 19.90243
0.94737 0.15789 19.90365
0.94737 0.21053 19.90487
0.94737 0.26316 19.90611
0.94737 0.31579 19.90738
0.94737 0.36842 19.90869
0.94737 0.42105 19.91009
0.94737 0.47368 19.91161
0.94737 0.52632 19.91332
0.94737 0.57895 19.91534
0.94737 0.63158 19.91780
0.94737 0.68421 19.92096
0.94737 0.73684 19.92529
0.94737 0.78947 19.93163
0.94737 0.84211 19.94185
0.94737 0.89474 19.96046
0.94737 0.94737 20.00000
0.94737 1.00000 20.10000

1.00000 0.00000 19.90000
1.00000 0.05263 19.90000
1.00000 0.10526 19.90000
1.00000 0.15789 19.90000
1.00000 0.21053 19.90000
1.00000 0.26316 19.90000
1.00000 0.31579 19.90000
1.00000 0.36842 19.90000
1.00000 0.42105 19.90000
1.00000 0.47368 19.90000
1.00000 0.52632 19.90000
1.00000 0.57895 19.90000
1.00000 0.63158 19.90000
1.00000 0.68421 19.90000
1.00000 0.73684 19.90000
1.00000 0.78947 19.90000
1.00000 0.84211 19.90000
1.00000 0.89474 19.90000
1.00000 0.94737 19.90000
1.00000 1.00000 19.90000

